MLCPP_ARCHIVE_V1
"GaussianNB"
1.0000000000000001e-09
2
2
0.6277533039647577
0.3722466960352423
2
30
-0.57156751113377879
-0.29907990985075611
-0.58207266587094419
-0.55687121558671104
-0.27267208563909145
-0.46806438425169994
-0.54676015387836518
-0.60308407160163069
-0.25458671763570156
0.0034630559125443583
-0.44953616739811803
0.024867170079270674
-0.44560595820492699
-0.45329563585225835
0.036923054455067009
-0.23510976351065577
-0.1972515956580998
-0.31376686210126148
-0.013224512028761909
-0.067240580824514673
-0.60667864874118793
-0.32890385366271557
-0.61332288329719964
-0.5800749713780885
-0.32087801425601531
-0.45711849044585057
-0.5079921777267119
-0.6149012782913148
-0.32113220306015866
-0.25111168414987473
30
0.96388603948595442
0.50436552844654403
0.98160183297762305
0.93910234581190732
0.45983162371090713
0.78933934622328183
0.92205114707298186
1.017035268677307
0.42933263033239044
-0.0058400647045748324
0.75809353673647306
-0.041935760192847296
0.75146566916215796
0.76443346874493256
-0.062266689465652253
0.39648687929311793
0.33264322344709552
0.52913346567372654
0.022301691882819701
0.11339387890524703
1.0230971295339593
0.55466034493417538
1.0343019037852179
0.97823293989795834
0.54112564534297403
0.77088029453885554
0.85667319912492801
1.0369636941599074
0.54155430693576845
0.42347236676162714
2
30
0.24042436312458249
0.9020540740210542
0.22173770945224242
0.1381124894985756
0.90126610448905398
0.39658018526377092
0.28353458172721779
0.1603529155533201
0.80238925367602298
0.91039795332490581
0.18052920483758081
1.1869654366960252
0.15323312917647611
0.047553392918953663
1.0082857257110589
0.80330321666800497
1.1930745101914979
0.88777658650641467
0.68720307533455161
1.2493951358864703
0.16456750707896392
0.8258993526979167
0.15902772547716956
0.083725910803992984
0.74986167772209633
0.33537376511577632
0.45284413836003234
0.27981450613961173
0.4098191890739788
0.58412823296910865
30
0.80093892374295994
0.75994490189379593
0.77754840705231087
1.0486066597321957
0.82967553927260673
1.0250832268554131
0.85392135608111397
0.76825438804587332
1.0396200018178208
1.1510497150695136
1.4664515198694954
0.6819018286651195
1.5284214054209735
1.6753240602029946
0.97985081630911131
1.081287814002122
0.49813505590873541
0.74324573307868802
1.5267054805977984
0.55893956461211669
0.7414465287911004
0.80352366284123655
0.71406623057094543
1.0208078226084445
0.9553786146138693
1.1741793278133945
0.75364621345967631
0.50158999712197216
1.5280837396977132
1.4156545087406502
2
0
1
