MLCPP_ARCHIVE_V1
"DecisionTree"
1
0
4
3
0
0
2
19
0
23
0.0053559860301249105
1
12
0
2
0.6277533039647577
0.3722466960352423
454
0
27
0.61783175485733444
2
9
0
2
0.91803278688524592
0.081967213114754092
305
0
27
0.30227206950508523
3
6
0
2
0.96853146853146854
0.031468531468531472
286
0
3
0.095024445886415232
4
5
0
2
0.9887640449438202
0.011235955056179775
267
1
-1
0
0
0
0
2
0.99242424242424243
0.007575757575757576
264
1
-1
0
0
0
0
2
0.66666666666666663
0.33333333333333331
3
0
1
0.33839831496499351
7
8
0
2
0.68421052631578949
0.31578947368421051
19
1
-1
0
0
0
0
2
0.8666666666666667
0.13333333333333333
15
1
-1
0
0
0
1
2
0
1
4
0
21
-0.40053033397350313
10
11
1
2
0.15789473684210525
0.84210526315789469
19
1
-1
0
0
0
0
2
1
0
3
1
-1
0
0
0
1
2
0
1
16
0
1
-1.0302354268737974
13
16
1
2
0.033557046979865772
0.96644295302013428
149
0
4
0.057008580007833612
14
15
0
2
0.5714285714285714
0.42857142857142855
7
1
-1
0
0
0
0
2
1
0
4
1
-1
0
0
0
1
2
0
1
3
0
26
-0.46177114711755013
17
18
1
2
0.0070422535211267607
0.99295774647887325
142
1
-1
0
0
0
1
2
0.25
0.75
4
1
-1
0
0
0
1
2
0
1
138
