MLCPP_ARCHIVE_V1
"AdaBoost"
100
0.5
2
100
"DecisionTree"
1
0
1
1
0
0
2
3
0
27
0.36337252934130421
1
2
0
2
0.63009404388714729
0.36990595611285265
319
1
-1
0
0
0
0
2
0.9375
0.0625
208
1
-1
0
0
0
1
2
0.054054054054054057
0.94594594594594594
111
"DecisionTree"
1
0
1
1
0
0
2
3
0
22
-0.011978137122505852
1
2
0
2
0.56112852664576807
0.43887147335423199
319
1
-1
0
0
0
0
2
0.94219653179190754
0.057803468208092484
173
1
-1
0
0
0
1
2
0.1095890410958904
0.8904109589041096
146
"DecisionTree"
1
0
1
1
0
0
2
3
0
20
0.25269621887120247
1
2
0
2
0.59874608150470221
0.40125391849529779
319
1
-1
0
0
0
0
2
0.83259911894273131
0.16740088105726872
227
1
-1
0
0
0
1
2
0.021739130434782608
0.97826086956521741
92
"DecisionTree"
1
0
1
1
0
0
2
3
0
27
-0.089525471591753558
1
2
1
2
0.47962382445141066
0.52037617554858939
319
1
-1
0
0
0
0
2
0.94999999999999996
0.050000000000000003
120
1
-1
0
0
0
1
2
0.19597989949748743
0.8040201005025126
199
"DecisionTree"
1
0
1
1
0
0
2
3
0
23
-0.31143327544086707
1
2
0
2
0.54545454545454541
0.45454545454545453
319
1
-1
0
0
0
0
2
0.89763779527559051
0.10236220472440945
127
1
-1
0
0
0
1
2
0.3125
0.6875
192
"DecisionTree"
1
0
1
1
0
0
2
3
0
27
0.57228245059786087
1
2
0
2
0.56426332288401249
0.43573667711598746
319
1
-1
0
0
0
0
2
0.74152542372881358
0.25847457627118642
236
1
-1
0
0
0
1
2
0.060240963855421686
0.93975903614457834
83
"DecisionTree"
1
0
1
1
0
0
2
3
0
21
-0.18965417053409456
1
2
0
2
0.50156739811912221
0.49843260188087773
319
1
-1
0
0
0
0
2
0.89075630252100846
0.1092436974789916
119
1
-1
0
0
0
1
2
0.27000000000000002
0.72999999999999998
200
"DecisionTree"
1
0
1
1
0
0
2
3
0
23
-0.26388417591582392
1
2
0
2
0.57680250783699061
0.42319749216300939
319
1
-1
0
0
0
0
2
0.89682539682539686
0.10317460317460317
126
1
-1
0
0
0
1
2
0.36787564766839376
0.63212435233160624
193
"DecisionTree"
1
0
1
1
0
0
2
3
0
23
0.091143208456105781
1
2
0
2
0.58307210031347967
0.41692789968652039
319
1
-1
0
0
0
0
2
0.73553719008264462
0.26446280991735538
242
1
-1
0
0
0
1
2
0.1038961038961039
0.89610389610389607
77
"DecisionTree"
1
0
1
1
0
0
2
3
0
27
0.57306196522941533
1
2
0
2
0.51724137931034486
0.48275862068965519
319
1
-1
0
0
0
0
2
0.66528925619834711
0.33471074380165289
242
1
-1
0
0
0
1
2
0.051948051948051951
0.94805194805194803
77
"DecisionTree"
1
0
1
1
0
0
2
3
0
21
-0.85002228255205514
1
2
1
2
0.41692789968652039
0.58307210031347967
319
1
-1
0
0
0
0
2
0.95522388059701491
0.044776119402985072
67
1
-1
0
0
0
1
2
0.27380952380952384
0.72619047619047616
252
"DecisionTree"
1
0
1
1
0
0
2
3
0
26
-0.35822651583616416
1
2
0
2
0.5109717868338558
0.4890282131661442
319
1
-1
0
0
0
0
2
0.97674418604651159
0.023255813953488372
86
1
-1
0
0
0
1
2
0.33905579399141633
0.66094420600858372
233
"DecisionTree"
1
0
1
1
0
0
2
3
0
13
-0.55602299989557791
1
2
0
2
0.57993730407523514
0.42006269592476492
319
1
-1
0
0
0
0
2
0.95348837209302328
0.046511627906976744
86
1
-1
0
0
0
1
2
0.44206008583690987
0.55793991416309008
233
"DecisionTree"
1
0
1
1
0
0
2
3
0
7
0.7895996882633145
1
2
0
2
0.62382445141065834
0.37617554858934171
319
1
-1
0
0
0
0
2
0.70818505338078297
0.29181494661921709
281
1
-1
0
0
0
1
2
0
1
38
"DecisionTree"
1
0
1
1
0
0
2
3
0
21
-0.84658733788616203
1
2
0
2
0.5109717868338558
0.4890282131661442
319
1
-1
0
0
0
0
2
1
0
56
1
-1
0
0
0
1
2
0.40684410646387831
0.59315589353612164
263
"DecisionTree"
1
0
1
1
0
0
2
3
0
18
-0.64775224182193547
1
2
0
2
0.57680250783699061
0.42319749216300939
319
1
-1
0
0
0
1
2
0.22826086956521738
0.77173913043478259
92
1
-1
0
0
0
0
2
0.7180616740088106
0.28193832599118945
227
"DecisionTree"
1
0
1
1
0
0
2
3
0
27
0.96359879563812756
1
2
0
2
0.58620689655172409
0.41379310344827586
319
1
-1
0
0
0
0
2
0.66312056737588654
0.33687943262411346
282
1
-1
0
0
0
1
2
0
1
37
"DecisionTree"
1
0
1
1
0
0
2
3
0
22
-0.48588882516768561
1
2
1
2
0.48275862068965519
0.51724137931034486
319
1
-1
0
0
0
0
2
1
0
53
1
-1
0
0
0
1
2
0.37969924812030076
0.62030075187969924
266
"DecisionTree"
1
0
1
1
0
0
2
3
0
28
-0.056321592832975151
1
2
0
2
0.50156739811912221
0.49843260188087773
319
1
-1
0
0
0
0
2
0.73825503355704702
0.26174496644295303
149
1
-1
0
0
0
1
2
0.29411764705882354
0.70588235294117652
170
"DecisionTree"
1
0
1
1
0
0
2
3
0
21
-0.94448326086411694
1
2
0
2
0.56426332288401249
0.43573667711598746
319
1
-1
0
0
0
0
2
0.95522388059701491
0.044776119402985072
67
1
-1
0
0
0
1
2
0.46031746031746029
0.53968253968253965
252
"DecisionTree"
1
0
1
1
0
0
2
3
0
13
-0.23510500200243223
1
2
0
2
0.57366771159874608
0.42633228840125392
319
1
-1
0
0
0
0
2
0.75124378109452739
0.24875621890547264
201
1
-1
0
0
0
1
2
0.2711864406779661
0.72881355932203384
118
"DecisionTree"
1
0
1
1
0
0
2
3
0
21
0.58921953245718006
1
2
0
2
0.59561128526645768
0.40438871473354232
319
1
-1
0
0
0
0
2
0.7441860465116279
0.2558139534883721
215
1
-1
0
0
0
1
2
0.28846153846153844
0.71153846153846156
104
"DecisionTree"
1
0
1
1
0
0
2
3
0
7
-0.14325542867443844
1
2
0
2
0.52351097178683381
0.47648902821316613
319
1
-1
0
0
0
0
2
0.80147058823529416
0.19852941176470587
136
1
-1
0
0
0
1
2
0.31693989071038253
0.68306010928961747
183
"DecisionTree"
1
0
1
1
0
0
2
3
0
18
-0.64775224182193547
1
2
0
2
0.5109717868338558
0.4890282131661442
319
1
-1
0
0
0
1
2
0.17171717171717171
0.82828282828282829
99
1
-1
0
0
0
0
2
0.66363636363636369
0.33636363636363636
220
"DecisionTree"
1
0
1
1
0
0
2
3
0
27
-0.46026263035898629
1
2
0
2
0.50156739811912221
0.49843260188087773
319
1
-1
0
0
0
0
2
1
0
44
1
-1
0
0
0
1
2
0.42181818181818181
0.57818181818181813
275
"DecisionTree"
1
0
1
1
0
0
2
3
0
21
-0.98226765218894174
1
2
0
2
0.52037617554858939
0.47962382445141066
319
1
-1
0
0
0
0
2
1
0
63
1
-1
0
0
0
1
2
0.40234375
0.59765625
256
"DecisionTree"
1
0
1
1
0
0
2
3
0
13
0.31689014191465592
1
2
0
2
0.62382445141065834
0.37617554858934171
319
1
-1
0
0
0
0
2
0.69580419580419584
0.30419580419580422
286
1
-1
0
0
0
1
2
0
1
33
"DecisionTree"
1
0
1
1
0
0
2
3
0
28
1.0147131572722101
1
2
0
2
0.5329153605015674
0.4670846394984326
319
1
-1
0
0
0
0
2
0.620817843866171
0.379182156133829
269
1
-1
0
0
0
1
2
0.059999999999999998
0.93999999999999995
50
"DecisionTree"
1
0
1
1
0
0
2
3
0
26
-0.35822651583616416
1
2
1
2
0.49216300940438873
0.50783699059561127
319
1
-1
0
0
0
0
2
0.94545454545454544
0.054545454545454543
55
1
-1
0
0
0
1
2
0.39772727272727271
0.60227272727272729
264
"DecisionTree"
1
0
1
1
0
0
2
3
0
14
-1.1685097778498688
1
2
0
2
0.57366771159874608
0.42633228840125392
319
1
-1
0
0
0
1
2
0
1
32
1
-1
0
0
0
0
2
0.6376306620209059
0.3623693379790941
287
"DecisionTree"
1
0
1
1
0
0
2
3
0
20
0.39458039021434965
1
2
0
2
0.52664576802507834
0.47335423197492166
319
1
-1
0
0
0
0
2
0.60431654676258995
0.39568345323741005
278
1
-1
0
0
0
1
2
0
1
41
"DecisionTree"
1
0
1
1
0
0
2
3
0
1
-0.95370578856875432
1
2
1
2
0.42946708463949845
0.57053291536050155
319
1
-1
0
0
0
0
2
0.9285714285714286
0.071428571428571425
42
1
-1
0
0
0
1
2
0.35379061371841153
0.64620938628158842
277
"DecisionTree"
1
0
1
1
0
0
2
3
0
7
-0.11385873381295469
1
2
0
2
0.51724137931034486
0.48275862068965519
319
1
-1
0
0
0
0
2
0.77941176470588236
0.22058823529411764
136
1
-1
0
0
0
1
2
0.32240437158469948
0.67759562841530052
183
"DecisionTree"
1
0
1
1
0
0
2
3
0
27
0.96359879563812756
1
2
0
2
0.52978056426332287
0.47021943573667713
319
1
-1
0
0
0
0
2
0.599290780141844
0.40070921985815605
282
1
-1
0
0
0
1
2
0
1
37
"DecisionTree"
1
0
1
1
0
0
2
3
0
13
-0.55008756824055549
1
2
1
2
0.4952978056426332
0.50470219435736674
319
1
-1
0
0
0
0
2
0.98550724637681164
0.014492753623188406
69
1
-1
0
0
0
1
2
0.35999999999999999
0.64000000000000001
250
"DecisionTree"
1
0
1
1
0
0
2
3
0
20
0.25269621887120247
1
2
0
2
0.53605015673981193
0.46394984326018807
319
1
-1
0
0
0
0
2
0.62357414448669202
0.37642585551330798
263
1
-1
0
0
0
1
2
0.125
0.875
56
"DecisionTree"
1
0
1
1
0
0
2
3
0
21
-0.99171375002014794
1
2
1
2
0.47962382445141066
0.52037617554858939
319
1
-1
0
0
0
0
2
0.95652173913043481
0.043478260869565216
46
1
-1
0
0
0
1
2
0.39926739926739929
0.60073260073260071
273
"DecisionTree"
1
0
1
1
0
0
2
3
0
17
-0.27753244992857456
1
2
0
2
0.50470219435736674
0.4952978056426332
319
1
-1
0
0
0
1
2
0.17924528301886791
0.82075471698113212
106
1
-1
0
0
0
0
2
0.66666666666666663
0.33333333333333331
213
"DecisionTree"
1
0
1
1
0
0
2
3
0
28
-0.0008275643301157605
1
2
0
2
0.51724137931034486
0.48275862068965519
319
1
-1
0
0
0
0
2
0.73426573426573427
0.26573426573426573
143
1
-1
0
0
0
1
2
0.34090909090909088
0.65909090909090906
176
"DecisionTree"
1
0
1
1
0
0
2
3
0
20
0.04556604172792246
1
2
0
2
0.51410658307210033
0.48589341692789967
319
1
-1
0
0
0
0
2
0.6473214285714286
0.35267857142857145
224
1
-1
0
0
0
1
2
0.20000000000000001
0.80000000000000004
95
"DecisionTree"
1
0
1
1
0
0
2
3
0
27
-0.46026263035898629
1
2
0
2
0.50156739811912221
0.49843260188087773
319
1
-1
0
0
0
0
2
1
0
51
1
-1
0
0
0
1
2
0.40671641791044777
0.59328358208955223
268
"DecisionTree"
1
0
1
1
0
0
2
3
0
23
-0.25919997094402603
1
2
0
2
0.50156739811912221
0.49843260188087773
319
1
-1
0
0
0
0
2
0.77450980392156865
0.22549019607843138
102
1
-1
0
0
0
1
2
0.37327188940092165
0.62672811059907829
217
"DecisionTree"
1
0
1
1
0
0
2
3
0
1
-0.67263847664500309
1
2
0
2
0.55799373040752354
0.44200626959247646
319
1
-1
0
0
0
0
2
0.91463414634146345
0.085365853658536592
82
1
-1
0
0
0
1
2
0.43459915611814348
0.56540084388185652
237
"DecisionTree"
1
0
1
1
0
0
2
3
0
24
0.20446159547950499
1
2
0
2
0.56739811912225702
0.43260188087774293
319
1
-1
0
0
0
0
2
0.72680412371134018
0.27319587628865977
194
1
-1
0
0
0
1
2
0.32000000000000001
0.68000000000000005
125
"DecisionTree"
1
0
1
1
0
0
2
3
0
9
-0.16074252577629539
1
2
0
2
0.56426332288401249
0.43573667711598746
319
1
-1
0
0
0
1
2
0.36842105263157893
0.63157894736842102
152
1
-1
0
0
0
0
2
0.74251497005988021
0.25748502994011974
167
"DecisionTree"
1
0
1
1
0
0
2
3
0
27
1.0025745272158435
1
2
0
2
0.52351097178683381
0.47648902821316613
319
1
-1
0
0
0
0
2
0.61397058823529416
0.3860294117647059
272
1
-1
0
0
0
1
2
0
1
47
"DecisionTree"
1
0
1
1
0
0
2
3
0
17
-0.27753244992857456
1
2
0
2
0.5329153605015674
0.4670846394984326
319
1
-1
0
0
0
1
2
0.19736842105263158
0.80263157894736847
76
1
-1
0
0
0
0
2
0.63786008230452673
0.36213991769547327
243
"DecisionTree"
1
0
1
1
0
0
2
3
0
12
-0.72642936747017162
1
2
1
2
0.44827586206896552
0.55172413793103448
319
1
-1
0
0
0
0
2
0.91803278688524592
0.081967213114754092
61
1
-1
0
0
0
1
2
0.33720930232558138
0.66279069767441856
258
"DecisionTree"
1
0
1
1
0
0
2
3
0
10
-0.14925390342819825
1
2
0
2
0.55172413793103448
0.44827586206896552
319
1
-1
0
0
0
0
2
0.69950738916256161
0.30049261083743845
203
1
-1
0
0
0
1
2
0.29310344827586204
0.7068965517241379
116
"DecisionTree"
1
0
1
1
0
0
2
3
0
5
1.1894924709932737
1
2
0
2
0.52978056426332287
0.47021943573667713
319
1
-1
0
0
0
0
2
0.61992619926199266
0.38007380073800739
271
1
-1
0
0
0
1
2
0.020833333333333332
0.97916666666666663
48
"DecisionTree"
1
0
1
1
0
0
2
3
0
26
-0.35822651583616416
1
2
1
2
0.44827586206896552
0.55172413793103448
319
1
-1
0
0
0
0
2
0.92452830188679247
0.075471698113207544
53
1
-1
0
0
0
1
2
0.35338345864661652
0.64661654135338342
266
"DecisionTree"
1
0
1
1
0
0
2
3
0
6
0.37884666969936465
1
2
0
2
0.54545454545454541
0.45454545454545453
319
1
-1
0
0
0
0
2
0.65079365079365081
0.34920634920634919
252
1
-1
0
0
0
1
2
0.14925373134328357
0.85074626865671643
67
"DecisionTree"
1
0
1
1
0
0
2
3
0
14
-1.1685097778498688
1
2
0
2
0.51410658307210033
0.48589341692789967
319
1
-1
0
0
0
1
2
0.02
0.97999999999999998
50
1
-1
0
0
0
0
2
0.60594795539033453
0.39405204460966542
269
"DecisionTree"
1
0
1
1
0
0
2
3
0
22
-0.48588882516768561
1
2
1
2
0.45141065830721006
0.54858934169278994
319
1
-1
0
0
0
0
2
1
0
35
1
-1
0
0
0
1
2
0.38380281690140844
0.61619718309859151
284
"DecisionTree"
1
0
1
1
0
0
2
3
0
7
-0.11385873381295469
1
2
0
2
0.5329153605015674
0.4670846394984326
319
1
-1
0
0
0
0
2
0.75
0.25
144
1
-1
0
0
0
1
2
0.35428571428571426
0.64571428571428569
175
"DecisionTree"
1
0
1
1
0
0
2
3
0
14
-1.1685097778498688
1
2
0
2
0.50156739811912221
0.49843260188087773
319
1
-1
0
0
0
1
2
0
1
63
1
-1
0
0
0
0
2
0.625
0.375
256
"DecisionTree"
1
0
1
1
0
0
2
3
0
21
-0.94620073319706344
1
2
1
2
0.4670846394984326
0.5329153605015674
319
1
-1
0
0
0
0
2
0.97674418604651159
0.023255813953488372
43
1
-1
0
0
0
1
2
0.38768115942028986
0.6123188405797102
276
"DecisionTree"
1
0
1
1
0
0
2
3
0
16
-0.50402805369707049
1
2
0
2
0.55799373040752354
0.44200626959247646
319
1
-1
0
0
0
1
2
0.20289855072463769
0.79710144927536231
69
1
-1
0
0
0
0
2
0.65600000000000003
0.34399999999999997
250
"DecisionTree"
1
0
1
1
0
0
2
3
0
23
-0.25919997094402603
1
2
1
2
0.44827586206896552
0.55172413793103448
319
1
-1
0
0
0
0
2
0.80246913580246915
0.19753086419753085
81
1
-1
0
0
0
1
2
0.32773109243697479
0.67226890756302526
238
"DecisionTree"
1
0
1
1
0
0
2
3
0
6
0.38581400622004614
1
2
0
2
0.51724137931034486
0.48275862068965519
319
1
-1
0
0
0
0
2
0.63636363636363635
0.36363636363636365
242
1
-1
0
0
0
1
2
0.14285714285714285
0.8571428571428571
77
"DecisionTree"
1
0
1
1
0
0
2
3
0
18
-0.68203324117387565
1
2
1
2
0.4670846394984326
0.5329153605015674
319
1
-1
0
0
0
1
2
0.17045454545454544
0.82954545454545459
88
1
-1
0
0
0
0
2
0.58008658008658009
0.41991341991341991
231
"DecisionTree"
1
0
1
1
0
0
2
3
0
24
0.18414620168471646
1
2
1
2
0.46394984326018807
0.53605015673981193
319
1
-1
0
0
0
0
2
0.6216216216216216
0.3783783783783784
185
1
-1
0
0
0
1
2
0.2462686567164179
0.75373134328358204
134
"DecisionTree"
1
0
1
1
0
0
2
3
0
1
-0.88404997648330297
1
2
1
2
0.40438871473354232
0.59561128526645768
319
1
-1
0
0
0
0
2
0.97674418604651159
0.023255813953488372
43
1
-1
0
0
0
1
2
0.31521739130434784
0.68478260869565222
276
"DecisionTree"
1
0
1
1
0
0
2
3
0
13
-0.19018457606783051
1
2
1
2
0.47648902821316613
0.52351097178683381
319
1
-1
0
0
0
0
2
0.63586956521739135
0.3641304347826087
184
1
-1
0
0
0
1
2
0.25925925925925924
0.7407407407407407
135
"DecisionTree"
1
0
1
1
0
0
2
3
0
21
-0.99171375002014794
1
2
1
2
0.45141065830721006
0.54858934169278994
319
1
-1
0
0
0
0
2
0.93333333333333335
0.066666666666666666
45
1
-1
0
0
0
1
2
0.37226277372262773
0.62773722627737227
274
"DecisionTree"
1
0
1
1
0
0
2
3
0
24
0.1638308078899286
1
2
0
2
0.52351097178683381
0.47648902821316613
319
1
-1
0
0
0
0
2
0.71345029239766078
0.28654970760233917
171
1
-1
0
0
0
1
2
0.30405405405405406
0.69594594594594594
148
"DecisionTree"
1
0
1
1
0
0
2
3
0
26
-0.40510546496334898
1
2
1
2
0.48275862068965519
0.51724137931034486
319
1
-1
0
0
0
0
2
0.90163934426229508
0.098360655737704916
61
1
-1
0
0
0
1
2
0.38372093023255816
0.61627906976744184
258
"DecisionTree"
1
0
1
1
0
0
2
3
0
28
-0.38770022017862094
1
2
0
2
0.52351097178683381
0.47648902821316613
319
1
-1
0
0
0
0
2
0.78378378378378377
0.21621621621621623
111
1
-1
0
0
0
1
2
0.38461538461538464
0.61538461538461542
208
"DecisionTree"
1
0
1
1
0
0
2
3
0
23
-0.25919997094402603
1
2
0
2
0.54231974921630099
0.45768025078369906
319
1
-1
0
0
0
0
2
0.839622641509434
0.16037735849056603
106
1
-1
0
0
0
1
2
0.39436619718309857
0.60563380281690138
213
"DecisionTree"
1
0
1
1
0
0
2
3
0
27
0.96359879563812756
1
2
0
2
0.57680250783699061
0.42319749216300939
319
1
-1
0
0
0
0
2
0.65248226950354615
0.3475177304964539
282
1
-1
0
0
0
1
2
0
1
37
"DecisionTree"
1
0
1
1
0
0
2
3
0
22
0.38059300076242519
1
2
1
2
0.4890282131661442
0.5109717868338558
319
1
-1
0
0
0
0
2
0.5842696629213483
0.4157303370786517
267
1
-1
0
0
0
1
2
0
1
52
"DecisionTree"
1
0
1
1
0
0
2
3
0
17
-0.25029941869563282
1
2
1
2
0.48589341692789967
0.51410658307210033
319
1
-1
0
0
0
1
2
0.16190476190476191
0.83809523809523812
105
1
-1
0
0
0
0
2
0.64485981308411211
0.35514018691588783
214
"DecisionTree"
1
0
1
1
0
0
2
3
0
26
-0.40891289230362793
1
2
1
2
0.44827586206896552
0.55172413793103448
319
1
-1
0
0
0
0
2
0.90697674418604646
0.093023255813953487
43
1
-1
0
0
0
1
2
0.37681159420289856
0.62318840579710144
276
"DecisionTree"
1
0
1
1
0
0
2
3
0
9
-0.050785514195601636
1
2
1
2
0.45454545454545453
0.54545454545454541
319
1
-1
0
0
0
1
2
0.24561403508771928
0.75438596491228072
171
1
-1
0
0
0
0
2
0.69594594594594594
0.30405405405405406
148
"DecisionTree"
1
0
1
1
0
0
2
3
0
12
-0.72642936747017162
1
2
1
2
0.47962382445141066
0.52037617554858939
319
1
-1
0
0
0
0
2
0.95744680851063835
0.042553191489361701
47
1
-1
0
0
0
1
2
0.39705882352941174
0.6029411764705882
272
"DecisionTree"
1
0
1
1
0
0
2
3
0
7
-0.11385873381295469
1
2
1
2
0.46081504702194359
0.53918495297805646
319
1
-1
0
0
0
0
2
0.73333333333333328
0.26666666666666666
135
1
-1
0
0
0
1
2
0.2608695652173913
0.73913043478260865
184
"DecisionTree"
1
0
1
1
0
0
2
3
0
21
0.58921953245718006
1
2
0
2
0.52664576802507834
0.47335423197492166
319
1
-1
0
0
0
0
2
0.64192139737991272
0.35807860262008734
229
1
-1
0
0
0
1
2
0.23333333333333334
0.76666666666666672
90
"DecisionTree"
1
0
1
1
0
0
2
3
0
20
0.25269621887120247
1
2
0
2
0.55485893416927901
0.44514106583072099
319
1
-1
0
0
0
0
2
0.64122137404580148
0.35877862595419846
262
1
-1
0
0
0
1
2
0.15789473684210525
0.84210526315789469
57
"DecisionTree"
1
0
1
1
0
0
2
3
0
27
-0.46026263035898629
1
2
1
2
0.4670846394984326
0.5329153605015674
319
1
-1
0
0
0
0
2
1
0
37
1
-1
0
0
0
1
2
0.3971631205673759
0.6028368794326241
282
"DecisionTree"
1
0
1
1
0
0
2
3
0
14
-1.1685097778498688
1
2
0
2
0.52664576802507834
0.47335423197492166
319
1
-1
0
0
0
1
2
0
1
37
1
-1
0
0
0
0
2
0.5957446808510638
0.40425531914893614
282
"DecisionTree"
1
0
1
1
0
0
2
3
0
20
0.1056337930994736
1
2
1
2
0.47648902821316613
0.52351097178683381
319
1
-1
0
0
0
0
2
0.58606557377049184
0.41393442622950821
244
1
-1
0
0
0
1
2
0.12
0.88
75
"DecisionTree"
1
0
1
1
0
0
2
3
0
27
0.96359879563812756
1
2
1
2
0.42319749216300939
0.57680250783699061
319
1
-1
0
0
0
0
2
0.51330798479087447
0.48669201520912547
263
1
-1
0
0
0
1
2
0
1
56
"DecisionTree"
1
0
1
1
0
0
2
3
0
7
0.0018989179527105424
1
2
1
2
0.40752351097178685
0.59247648902821315
319
1
-1
0
0
0
0
2
0.64566929133858264
0.3543307086614173
127
1
-1
0
0
0
1
2
0.25
0.75
192
"DecisionTree"
1
0
1
1
0
0
2
3
0
21
-0.99171375002014794
1
2
1
2
0.43260188087774293
0.56739811912225702
319
1
-1
0
0
0
0
2
0.94230769230769229
0.057692307692307696
52
1
-1
0
0
0
1
2
0.33333333333333331
0.66666666666666663
267
"DecisionTree"
1
0
1
1
0
0
2
3
0
27
-0.46026263035898629
1
2
1
2
0.4670846394984326
0.5329153605015674
319
1
-1
0
0
0
0
2
1
0
35
1
-1
0
0
0
1
2
0.40140845070422537
0.59859154929577463
284
"DecisionTree"
1
0
1
1
0
0
2
3
0
16
-0.64554741799335724
1
2
0
2
0.55172413793103448
0.44827586206896552
319
1
-1
0
0
0
1
2
0.026315789473684209
0.97368421052631582
38
1
-1
0
0
0
0
2
0.62277580071174377
0.37722419928825623
281
"DecisionTree"
1
0
1
1
0
0
2
3
0
27
0.90279665437689116
1
2
1
2
0.45768025078369906
0.54231974921630099
319
1
-1
0
0
0
0
2
0.55686274509803924
0.44313725490196076
255
1
-1
0
0
0
1
2
0.0625
0.9375
64
"DecisionTree"
1
0
1
1
0
0
2
3
0
12
-0.72642936747017162
1
2
1
2
0.39498432601880878
0.60501567398119127
319
1
-1
0
0
0
0
2
0.94999999999999996
0.050000000000000003
40
1
-1
0
0
0
1
2
0.31541218637992829
0.68458781362007171
279
"DecisionTree"
1
0
1
1
0
0
2
3
0
15
0.26887977168095367
1
2
0
2
0.51724137931034486
0.48275862068965519
319
1
-1
0
0
0
1
2
0.34254143646408841
0.65745856353591159
181
1
-1
0
0
0
0
2
0.74637681159420288
0.25362318840579712
138
"DecisionTree"
1
0
1
1
0
0
2
3
0
27
0.96359879563812756
1
2
0
2
0.52037617554858939
0.47962382445141066
319
1
-1
0
0
0
0
2
0.58865248226950351
0.41134751773049644
282
1
-1
0
0
0
1
2
0
1
37
"DecisionTree"
1
0
1
1
0
0
2
3
0
21
-0.99171375002014794
1
2
1
2
0.43573667711598746
0.56426332288401249
319
1
-1
0
0
0
0
2
0.97674418604651159
0.023255813953488372
43
1
-1
0
0
0
1
2
0.35144927536231885
0.64855072463768115
276
"DecisionTree"
1
0
1
1
0
0
2
3
0
23
-0.25919997094402603
1
2
1
2
0.4952978056426332
0.50470219435736674
319
1
-1
0
0
0
0
2
0.79411764705882348
0.20588235294117646
102
1
-1
0
0
0
1
2
0.35483870967741937
0.64516129032258063
217
"DecisionTree"
1
0
1
1
0
0
2
3
0
7
0.0018989179527105424
1
2
0
2
0.56426332288401249
0.43573667711598746
319
1
-1
0
0
0
0
2
0.80645161290322576
0.19354838709677419
155
1
-1
0
0
0
1
2
0.33536585365853661
0.66463414634146345
164
"DecisionTree"
1
0
1
1
0
0
2
3
0
27
0.90279665437689116
1
2
0
2
0.57366771159874608
0.42633228840125392
319
1
-1
0
0
0
0
2
0.66666666666666663
0.33333333333333331
270
1
-1
0
0
0
1
2
0.061224489795918366
0.93877551020408168
49
"DecisionTree"
1
0
1
1
0
0
2
3
0
17
-0.25029941869563282
1
2
0
2
0.54545454545454541
0.45454545454545453
319
1
-1
0
0
0
1
2
0.22105263157894736
0.77894736842105261
95
1
-1
0
0
0
0
2
0.6830357142857143
0.3169642857142857
224
"DecisionTree"
1
0
1
1
0
0
2
3
0
13
-0.55049225676248881
1
2
1
2
0.47648902821316613
0.52351097178683381
319
1
-1
0
0
0
0
2
0.8771929824561403
0.12280701754385964
57
1
-1
0
0
0
1
2
0.38931297709923662
0.61068702290076338
262
"DecisionTree"
1
0
1
1
0
0
2
3
0
14
-1.1801369066071161
1
2
1
2
0.4890282131661442
0.5109717868338558
319
1
-1
0
0
0
1
2
0.022222222222222223
0.97777777777777775
45
1
-1
0
0
0
0
2
0.56569343065693434
0.43430656934306572
274
"DecisionTree"
1
0
1
1
0
0
2
3
0
27
-0.46026263035898629
1
2
1
2
0.43887147335423199
0.56112852664576807
319
1
-1
0
0
0
0
2
1
0
36
1
-1
0
0
0
1
2
0.36749116607773852
0.63250883392226154
283
"DecisionTree"
1
0
1
1
0
0
2
3
0
24
2.0870214204632154
1
2
0
2
0.5329153605015674
0.4670846394984326
319
1
-1
0
0
0
0
2
0.59649122807017541
0.40350877192982454
285
1
-1
0
0
0
1
2
0
1
34
"DecisionTree"
1
0
1
1
0
0
2
3
0
21
-0.84658733788616203
1
2
1
2
0.45768025078369906
0.54231974921630099
319
1
-1
0
0
0
0
2
0.94999999999999996
0.050000000000000003
40
1
-1
0
0
0
1
2
0.38709677419354838
0.61290322580645162
279
100
1.1904584681319761
1.2319314340559337
0.8912077026392321
0.74801740040918008
0.54629315208203688
0.74967120436334367
0.53833368124464487
0.44863716650925234
0.51598093342628282
0.46757907605342386
0.44545504621353221
0.43076236521771027
0.23721160121384977
0.45076720474267618
0.24309275340819073
0.35814347953605136
0.32029775502267277
0.30772453473146677
0.49011904103497234
0.2051916567936404
0.45547423149666633
0.43976872665174049
0.4097283899664716
0.32916454395104133
0.24133575020092821
0.23829408352423803
0.40920956124159652
0.25535914511157004
0.31136347932927466
0.25917917473508023
0.17787673751725913
0.35155282695711237
0.31418234040379112
0.20996186219002208
0.41402818813346687
0.29706121409566283
0.28132255703687731
0.39970696240776965
0.33793455202557271
0.31679700601140137
0.27651782711953998
0.26288020636738396
0.18623722650187771
0.41743401984380518
0.34081904581099731
0.3715040943294744
0.24149499078991302
0.31345925458372154
0.25643527376450531
0.25617482680069703
0.34975181845848385
0.2936136125091679
0.23027335792120057
0.32241912844735432
0.30960192048038987
0.28429725195089783
0.34690269879009911
0.31676618043158972
0.34262870880749802
0.29040261133461404
0.22718487583115762
0.28505348831411853
0.32307063829946525
0.32297686817648064
0.24234041340640092
0.21512225535858065
0.20428459957993733
0.21900865439588699
0.27970909916096875
0.39262198370706369
0.30345997857414492
0.3040128355146956
0.31228029296977089
0.37117382570940483
0.2448426542884545
0.37888275094023138
0.36578284315856996
0.27911861631341323
0.22492512116371396
0.24138999493268076
0.17554084278271753
0.17482451245559461
0.36467154465680102
0.37069168403598901
0.15409716971567505
0.27394283565102867
0.18716736507420106
0.32466200778784216
0.36322021544402117
0.24286572308057716
0.24037458257578376
0.28856408396229466
0.34750241431024481
0.28427580254455748
0.37695853644777594
0.3199412223138105
0.19572373177588082
0.25088585215398196
0.21844374826744234
0.24724535691513885
