MLCPP_ARCHIVE_V1
2
1
344
344
0
0
0
0
0
0
0
0
0
0
0
0
0
0
0
0
0
0
0
0
0
0
0
0
0
0
0
0
0
0
0
0
0
0
0
0
0
0
0
0
0
0
0
0
0
0
0
0
0
0
0
0
0
0
0
0
0
0
0
0
0
0
0
0
0
0
0
0
0
0
0
0
0
0
0
0
0
0
0
0
0
0
0
0
0
0
0
0
0
0
0
0
0
0
0
0
0
0
0
0
0
0
0
0
0
0
0
0
0
0
0
0
0
0
0
0
0
0
0
0
0
0
0
0
0
0
0
0
0
0
0
0
0
0
0
0
0
0
0
0
0
0
0
0
0
0
0
0
0
0
0
0
0
0
0
0
0
0
0
0
0
0
0
0
0
0
0
0
0
0
0
0
0
0
0
0
0
0
0
0
0
0
0
0
0
0
0
0
0
0
0
0
0
0
0
0
0
0
0
0
0
0
0
0
0
0
0
0
0
0
0
0
0
0
0
0
0
0
0
0
1
1
1
1
1
1
1
1
1
1
1
1
1
1
1
1
1
1
1
1
1
1
1
1
1
1
1
1
1
1
1
1
1
1
1
1
1
1
1
1
1
1
1
1
1
1
1
1
1
1
1
1
1
1
1
1
1
1
1
1
1
1
1
1
1
1
1
1
1
1
1
1
1
1
1
1
1
1
1
1
1
1
1
1
1
1
1
1
1
1
1
1
1
1
1
1
1
1
1
1
1
1
1
1
1
1
1
1
1
1
1
1
1
1
1
1
1
1
1
0
1
1
1
1
343
4
3
339
0
2
4
226
312
0.10929447458084732
2
4
261
313
0.10929447458084784
2
4
36
107
0.12690106713144722
2
4
267
303
0.13221482076763538
2
4
76
143
0.1333424247408849
2
4
73
160
0.14748515153855241
2
4
181
191
0.15195425882556399
2
4
248
296
0.15578519750538647
2
4
167
205
0.15600824416284839
2
4
266
280
0.15600824416284867
2
4
232
298
0.16252542040592421
2
4
50
56
0.16263668137539389
2
4
258
276
0.16898115211094283
2
4
123
151
0.17303697522792594
2
4
274
340
0.17306445399856024
2
4
279
289
0.17727290085052935
2
4
221
287
0.17840767434226482
2
4
22
86
0.18383321311688272
2
4
48
52
0.18396307350411933
2
4
63
65
0.18571446328849742
2
4
126
130
0.18800610029026107
2
4
162
180
0.193479506423582
2
4
238
270
0.19420417764628023
2
4
220
225
0.19420417764628045
2
4
94
120
0.19460784582318982
2
4
262
354
0.19664009060162405
3
4
195
214
0.20430063922317276
2
4
159
196
0.20643649890040405
2
4
229
245
0.2092455862249627
2
4
288
306
0.21625414752836886
2
4
179
210
0.21754945368797821
2
4
89
96
0.21837674490576259
2
4
105
145
0.21842981529688457
2
4
251
328
0.22002450560078657
2
4
308
338
0.22504427079404207
2
4
304
355
0.2255007620841325
3
4
11
24
0.22827957468216581
2
4
275
277
0.23188025494307551
2
4
310
320
0.23371864549411073
2
4
164
193
0.23732833592365363
2
4
27
32
0.23918843528487527
2
4
223
249
0.24139259948011829
2
4
166
204
0.24202592648605112
2
4
309
311
0.24209256743630039
2
4
243
322
0.24395502206309172
2
4
2
112
0.24450434590974868
2
4
290
294
0.24721304445457534
2
4
69
113
0.2472418516407818
2
4
227
250
0.24899753222011975
2
4
301
327
0.24915446843778394
2
4
154
175
0.24942955459533672
2
4
241
314
0.25082889077792514
2
4
44
64
0.25082889077792581
2
4
75
115
0.25261092278061842
2
4
155
170
0.25621995628114702
2
4
282
334
0.25628783759316137
2
4
55
57
0.26093404558137478
2
4
97
127
0.26095984153100416
2
4
25
82
0.26252205745816209
2
4
74
100
0.26688230886010156
2
4
185
203
0.2672924990289432
2
4
264
341
0.27095208310711438
2
4
156
161
0.2738567638412841
2
4
51
146
0.27388220233275579
2
4
80
136
0.28018040587331189
2
4
26
46
0.28187091182662599
2
4
87
132
0.29071948706246359
2
4
219
375
0.29182109095527825
3
4
315
348
0.29612436238076917
3
4
286
302
0.29715220750609361
2
4
116
128
0.2986350445856028
2
4
234
272
0.29943177736900872
2
4
29
33
0.30154285278843801
2
4
281
393
0.30225272853355784
3
4
295
331
0.30282805498787058
2
4
222
352
0.30282805498787152
3
4
209
353
0.30399271077526147
3
4
134
356
0.30438963754076076
3
4
184
206
0.30515780115754887
2
4
228
357
0.30644763664029456
3
4
84
365
0.30872903176169691
3
4
72
140
0.3097601852034268
2
4
345
367
0.31671795470267622
4
4
68
144
0.31779981657886297
2
4
194
207
0.31820746490058394
2
4
99
398
0.31840266832562031
3
4
118
369
0.31927321175922424
3
4
157
344
0.323242800200577
3
4
0
21
0.32667442970045013
2
4
231
343
0.32953566665950279
2
4
5
114
0.3297686644548401
2
4
152
176
0.33163139874774428
2
4
236
260
0.33174924676054701
2
4
186
217
0.33189054859704736
2
4
346
406
0.33343733732614322
4
4
239
254
0.33439957871085813
2
4
283
335
0.33581067006485871
2
4
41
364
0.33595071615666633
3
4
285
361
0.34197820626906505
3
4
78
138
0.34457229410461876
2
4
244
256
0.34711076981664518
2
4
293
373
0.34711076981664518
3
4
30
122
0.35070083310182881
2
4
62
150
0.35398291061759629
2
4
291
292
0.35402240847148297
2
4
17
61
0.35524770786457266
2
4
242
400
0.35637887294266629
3
4
324
379
0.35857873728240941
3
4
278
378
0.36305641366686675
3
4
173
198
0.36486073547759407
2
4
409
431
0.36528298228890449
5
4
263
330
0.36847587791342201
2
4
233
247
0.36972757130297013
2
4
305
388
0.37337345318808468
3
4
53
125
0.37419091666904453
2
4
20
28
0.37687163293826509
2
4
259
329
0.38169307927508045
2
4
6
381
0.38286649451954491
3
4
163
407
0.38513176064395688
3
4
58
397
0.38551151610544693
3
4
106
110
0.38617345596563774
2
4
13
435
0.38741337145249993
3
4
37
410
0.38796762471014246
3
4
284
359
0.39154478642976481
3
4
300
420
0.39597088274837189
4
4
10
108
0.39702006331980316
2
4
40
42
0.39829821396235104
2
4
148
363
0.40486750753724654
3
4
414
427
0.40664578883821917
6
4
269
325
0.41550775516898542
2
4
79
459
0.41609476994699274
3
4
317
383
0.41821030145311067
3
4
139
402
0.41875462884057463
3
4
71
401
0.41950056310655554
3
4
15
147
0.42144184351423752
2
4
319
413
0.42144385329453121
4
4
362
403
0.42197048474690813
4
4
4
16
0.42314080869372794
2
4
88
347
0.42321282482392303
3
4
8
472
0.42354924318918868
4
4
252
342
0.43173237113215246
2
4
1
135
0.43185462981515477
2
4
372
438
0.43520387046074488
4
4
59
482
0.43563472087665334
3
4
34
66
0.44038784699672578
2
4
371
387
0.44766776407547548
4
4
297
337
0.44945660237163765
2
4
141
349
0.45323078943039663
3
4
60
92
0.45405582302540554
2
4
45
408
0.45592938205926442
3
4
192
218
0.45782364029452904
2
4
224
271
0.4604026765983002
2
4
265
374
0.46071991844088966
3
4
91
95
0.4631313592977731
2
4
316
456
0.46360559387158817
3
4
323
360
0.4669537151279517
3
4
326
332
0.47342737232020865
2
4
153
395
0.4736931468285297
3
4
43
392
0.4760519597326005
3
4
38
47
0.47725224709766717
2
4
188
366
0.47987377192371422
3
4
336
382
0.48061475605673187
3
4
377
433
0.48086356175502187
4
4
177
405
0.48134540085432592
3
4
370
416
0.48339005027129051
5
4
376
411
0.48384263902398289
4
4
442
478
0.49157156527009088
6
4
93
494
0.49358547268295971
4
4
235
386
0.4949827823145892
3
4
77
481
0.49841449273273675
5
4
182
423
0.49866872862637496
3
4
178
429
0.49904048415910623
3
4
268
445
0.50566699532155024
3
4
117
121
0.5058273098066266
2
4
119
385
0.50819801343793336
3
4
18
471
0.50897735791055543
3
4
102
124
0.51085988608364541
2
4
131
211
0.51839939253115541
2
4
149
510
0.52123690879129381
5
4
380
452
0.52678756847827735
6
4
391
476
0.53052700463765268
5
4
9
49
0.53150544888855467
2
4
333
443
0.5331021859510412
4
4
396
468
0.53351225880589892
5
4
404
484
0.53361100311928877
6
4
199
495
0.5346949328166245
3
4
23
31
0.53632140482582524
2
4
213
384
0.53967737968073348
3
4
240
307
0.54263727576279219
2
4
171
197
0.54536324582808626
2
4
444
448
0.54788028094128749
4
4
165
508
0.5538935198296826
4
4
273
440
0.55400697379529806
3
4
389
446
0.56187864659585851
5
4
103
483
0.56590736028921973
4
4
418
449
0.56995426253114267
5
4
187
201
0.57287508549700894
2
4
390
426
0.57303867182647661
4
4
212
421
0.57596899635779997
4
4
246
451
0.57684867555426267
4
4
255
434
0.57997401813357941
3
4
12
172
0.58007993668278424
2
4
424
453
0.58229194309062282
6
4
422
425
0.58684508964893145
6
4
463
502
0.58992299300116335
6
4
486
492
0.60075041238308102
5
4
54
520
0.60287664174227085
4
4
208
490
0.61835242837591453
5
4
358
475
0.61974633318442207
5
4
67
417
0.6198276889080957
3
4
455
493
0.62529974755084117
7
4
415
428
0.62848443473749382
4
4
462
531
0.62965675395805576
5
4
183
351
0.64147336650552722
3
4
439
513
0.64872286772718624
7
4
35
137
0.64971750777103277
2
4
473
524
0.6529906087708458
12
4
318
469
0.65744391115769019
5
4
450
526
0.66461629648748566
4
4
174
515
0.67889675053199505
4
4
419
527
0.67960352735342844
6
4
350
430
0.68962749073402507
5
4
230
497
0.69350302032067268
4
4
7
101
0.6937780917503833
2
4
109
503
0.7004078865295511
4
4
538
540
0.70104221153279001
10
4
412
516
0.70360776867714281
6
4
464
521
0.71017334479559024
5
4
39
512
0.71508990979092235
5
4
509
544
0.71539023505160904
9
4
500
537
0.72720532883366074
6
4
436
454
0.73101937108445125
4
4
496
533
0.74037915052430547
4
4
528
561
0.74453468157309155
17
4
488
523
0.74469893163823953
8
4
487
571
0.75441007275888194
10
4
202
541
0.75635407820127198
3
4
321
441
0.75736765896779701
3
4
460
504
0.76035699126332601
4
4
237
491
0.7624983137789284
3
4
85
466
0.77469043758148481
4
4
447
546
0.78469221250314947
4
4
399
505
0.78785024616230603
5
4
394
480
0.78891132585342072
6
4
168
549
0.79836150951247575
7
4
479
548
0.80122009905622005
8
4
474
570
0.80357149149048446
12
4
98
142
0.81988020042538534
2
4
19
111
0.82141037388929472
2
4
104
519
0.82404987016944364
4
4
133
477
0.82549718542682304
4
4
506
525
0.83042479426410121
8
4
470
556
0.8349120917576357
6
4
467
507
0.83640676290008742
7
4
83
539
0.83686026851248085
5
4
129
498
0.86000405700020122
3
4
70
529
0.86416104243852221
7
4
368
547
0.87839847647118052
8
4
532
552
0.88272322556351968
8
4
432
566
0.88293986956795989
8
4
551
555
0.88803428624051728
11
4
530
543
0.88949732061482556
7
4
215
558
0.89984487065968843
4
4
501
567
0.90326201836182463
6
4
534
536
0.91131739123459377
6
4
457
461
0.91410427145573958
4
4
545
559
0.93867396265978464
10
4
514
599
0.94232242401923372
10
4
560
585
0.94855697885841761
6
4
574
602
0.95647116005835731
17
4
465
489
0.95729185776781889
4
4
216
522
0.96812826288241682
3
4
568
569
0.96893812595118922
6
4
576
587
0.97878998747584756
9
4
485
578
0.98300933491759768
19
4
572
597
0.99431290527582838
11
4
542
550
1.0011181430193206
9
4
511
553
1.0184582415140249
11
4
458
565
1.0231867229899119
9
4
563
593
1.03157384475416
6
4
257
299
1.039814767335375
2
4
575
577
1.0702357156301769
10
4
554
598
1.0728641743195337
10
4
90
615
1.0733371657496249
5
4
437
614
1.0734449426464681
19
4
579
601
1.0742710174063765
15
4
588
611
1.0798783825205038
16
4
518
613
1.0937457585943704
8
4
81
604
1.1143930706684375
9
4
499
596
1.1456865957160729
11
4
200
589
1.1600321673832374
8
4
517
608
1.1685149430945365
9
4
535
620
1.1788845138762651
15
4
564
586
1.1989194267696128
8
4
591
634
1.2106001904125516
23
4
573
595
1.2114340271451178
9
4
581
603
1.2126488159950739
11
4
590
594
1.2210817017894158
12
4
562
619
1.2463651128045934
24
4
253
582
1.2821095086751813
4
4
580
635
1.2967543065026066
18
4
616
622
1.3186552801576688
14
4
189
607
1.3220363007096292
5
4
557
627
1.3356366984305597
15
4
600
633
1.3631107194919025
12
4
623
631
1.3719962484240766
25
4
606
647
1.3990798912864999
12
4
605
637
1.4005710483628255
26
4
158
638
1.433939854826394
9
4
612
640
1.4534289210864375
19
4
621
628
1.4609325459520481
14
4
610
626
1.4856870645937157
14
4
630
642
1.5060160262002853
27
4
618
641
1.5148766481705167
20
4
629
636
1.5513468474518397
28
4
639
656
1.636771180004168
37
4
584
650
1.6608844880396565
28
4
617
624
1.6904459465363446
12
4
592
652
1.6932495293913228
28
4
190
658
1.6982460326503483
21
4
14
632
1.7027579130964896
9
4
643
659
1.748279578271384
52
4
655
657
1.7680374488773483
41
4
583
648
1.7697564878430476
19
4
646
649
1.8084134189762284
26
4
609
651
1.8111681070112191
18
4
625
661
1.9156860742191348
30
4
654
665
1.9779654335407222
28
4
653
668
2.0073131940381241
28
4
660
671
2.1018722543990029
67
4
662
669
2.1738055787320834
38
4
169
645
2.1942841308981316
19
4
663
667
2.3349263405879603
69
4
664
676
2.5970656368074168
40
4
672
675
2.686239594942426
66
4
673
677
3.0152119261561059
97
4
644
674
3.3437317708917216
71
4
670
678
3.7143909352522964
58
4
679
680
4.2553975569680578
163
4
666
681
4.6761939057911004
123
4
682
683
5.3334423136185469
221
4
684
685
7.3024264967540082
344
