MLCPP_ARCHIVE_V1
"DecisionTree"
0
0
10
5
0
0
1
1159
0
7
0.60713587834379468
1
726
1.7051390446035592e-17
0
16512
0
7
-0.39158367865834998
2
385
-0.28921165519092973
0
12992
0
1
-0.55260351068152969
3
180
-0.60385246718753915
0
6553
0
0
0.63519310875727419
4
77
-0.41042576646419848
0
3178
0
0
0.61023218969556958
5
46
0.1948827892623351
0
590
0
1
-0.6883749405122126
6
27
0.34680773003056875
0
370
0
1
-0.77732863591852186
7
12
0.86229294903095632
0
142
0
1
-0.79605572968827065
8
9
-0.16145842065721352
0
20
1
-1
0
0
0
0.13037866983741497
0
9
0
1
-0.78669218280339459
10
11
-0.40023422197100056
0
11
1
-1
0
0
0
-0.33882898128350725
0
5
1
-1
0
0
0
-0.45140525587724484
0
6
0
0
0.60024782207088556
13
20
1.0301210424224601
0
122
0
7
-0.51155471155025922
14
17
1.1919333264316583
0
86
0
2
1.3429428001580592
15
16
1.0462566146440024
0
61
1
-1
0
0
0
0.96843540979693654
0
55
1
-1
0
0
0
1.7596176590754389
0
6
0
3
-0.22049589511947559
18
19
1.5473845031935378
0
25
1
-1
0
0
0
1.2712758576052943
0
14
1
-1
0
0
0
1.8987955066694833
0
11
0
1
-0.74455622182146075
21
24
0.64356947506715234
0
36
0
5
-0.38571733013822346
22
23
-0.25965525334062284
0
12
1
-1
0
0
0
0.29756982004362043
0
5
1
-1
0
0
0
-0.65767316290079669
0
7
0
6
-0.16999099130346695
25
26
1.09518183927104
0
24
1
-1
0
0
0
1.8517681823616237
0
5
1
-1
0
0
0
0.89608017003667584
0
19
0
0
0.076068521775057379
28
35
0.025759918196993838
0
228
0
5
-0.71886038937290164
29
30
0.5473537456414358
0
45
1
-1
0
0
0
1.1595551577386156
0
8
0
0
-0.10864227928156223
31
32
0.41498587275555882
0
37
1
-1
0
0
0
-0.020672979337982626
0
8
0
5
-0.52463580843346835
33
34
0.53516762505722548
0
29
1
-1
0
0
0
0.85581331667785077
0
9
1
-1
0
0
0
0.39087706382794424
0
20
0
5
-1.0097617796588692
36
39
-0.10250085904344271
0
183
0
2
-0.24355736913384513
37
38
0.55787619881722506
0
10
1
-1
0
0
0
1.2841112144598996
0
5
1
-1
0
0
0
-0.16835881682544956
0
5
0
3
-0.62124465413910124
40
43
-0.14067294331284547
0
173
0
1
-0.59942124510590333
41
42
-0.41622818386656574
0
36
1
-1
0
0
0
-0.48079038786573636
0
31
1
-1
0
0
0
-0.015942519071707618
0
5
0
7
-0.90460391428892661
44
45
-0.068264266962962769
0
137
1
-1
0
0
0
-0.36644391940815579
0
13
1
-1
0
0
0
-0.037003496948547328
0
124
0
1
-0.74455622182146075
47
60
-0.06062733839333026
0
220
0
1
-0.81946459690045592
48
49
-0.39967594181139821
0
133
1
-1
0
0
0
0.98957684541833557
0
9
0
1
-0.80073750313070713
50
53
-0.50050880540065323
0
124
0
7
-0.58183468562209151
51
52
0.080576229847518513
0
10
1
-1
0
0
0
-0.093018642309363006
0
5
1
-1
0
0
0
0.25417110200440007
0
5
0
1
-0.74923799526389701
54
57
-0.55148117691365073
0
114
0
2
1.1049677747642737
55
56
-0.59632984992946647
0
96
1
-1
0
0
0
-0.45351168146012411
0
41
1
-1
0
0
0
-0.70279430278843069
0
55
0
0
0.62021655732025005
58
59
-0.31228825416263289
0
18
1
-1
0
0
0
-0.51422490023901635
0
8
1
-1
0
0
0
-0.15073893730152615
0
10
0
1
-0.72582912805171018
61
68
0.45768834269406117
0
87
0
0
0.62520874113259373
62
63
0.91207451060393707
0
32
1
-1
0
0
0
0.29787361106989491
0
8
0
3
-0.56975561517466944
64
65
1.116808143781951
0
24
1
-1
0
0
0
1.688066481968963
0
5
0
4
-0.023836680964851312
66
67
0.96647700215378984
0
19
1
-1
0
0
0
0.32412983548362329
0
5
1
-1
0
0
0
1.195886704535992
0
14
0
3
-0.87390546923447632
69
70
0.19331820863740592
0
55
1
-1
0
0
0
-0.67371518903315142
0
8
0
1
-0.72114735460927215
71
74
0.34089836143239438
0
47
0
3
-0.13050399073473878
72
73
0.04464209131104404
0
16
1
-1
0
0
0
0.1136855063734401
0
11
1
-1
0
0
0
-0.10725342182622728
0
5
0
1
-0.70007937411830523
75
76
0.49380482343051069
0
31
1
-1
0
0
0
0.7038686183268017
0
18
1
-1
0
0
0
0.20294726126641563
0
13
0
0
0.89977885081135844
78
131
-0.54842114817928966
0
2588
0
1
-0.74455622182146075
79
108
-0.40991772676776433
0
1456
0
1
-0.81946459690045592
80
93
-0.50865417794404411
0
1022
0
1
-0.8990547454218909
81
86
-0.24186000988033307
0
332
0
2
-0.0055823437400594686
82
85
0.40307969837262209
0
24
0
7
-0.56577742728961544
83
84
0.066775437511046462
0
18
1
-1
0
0
0
0.22104118832584443
0
13
1
-1
0
0
0
-0.33431551460742825
0
5
1
-1
0
0
0
1.411992480957349
0
6
0
0
0.65016966019429834
87
90
-0.29211505208186217
0
308
0
1
-0.88500942509457836
88
89
0.1047418332577713
0
29
1
-1
0
0
0
0.31458211751499476
0
11
1
-1
0
0
0
-0.023493896010531961
0
18
0
7
-0.8207813585565884
91
92
-0.3333654093393868
0
279
1
-1
0
0
0
-0.5146255037901476
0
104
1
-1
0
0
0
-0.2256451246372205
0
175
0
0
0.67513057925600295
94
101
-0.63702470518629306
0
690
0
1
-0.75860154214877151
95
98
-0.82266820691154907
0
349
0
7
-0.88569145015181772
96
97
-0.88013540489096465
0
300
1
-1
0
0
0
-0.9104653223046415
0
225
1
-1
0
0
0
-0.78914565264993486
0
75
0
7
-1.4018288370736909
99
100
-0.47082821928247964
0
49
1
-1
0
0
0
0.5031078846260898
0
5
1
-1
0
0
0
-0.58150277654481708
0
44
0
0
0.71007586594239147
102
105
-0.447025930693287
0
341
0
1
-0.79605572968827065
103
104
-0.53698072805144759
0
217
1
-1
0
0
0
-0.74247115804100194
0
56
1
-1
0
0
0
-0.46550579588116819
0
161
0
1
-0.75860154214877151
106
107
-0.28960503531650628
0
124
1
-1
0
0
0
-0.33205878126938876
0
97
1
-1
0
0
0
-0.13708602207837284
0
27
0
0
0.66514621163132248
109
122
-0.17740930948168585
0
434
0
3
0.034215368430235246
110
117
0.058204928771736462
0
147
0
2
-0.1642323606692499
111
114
-0.03209473285830472
0
110
0
1
-0.73987444837902272
112
113
0.1356394033287642
0
31
1
-1
0
0
0
0.63312870792287246
0
5
1
-1
0
0
0
0.039968383214512612
0
26
0
5
-0.38441088676867569
115
116
-0.097914457184876083
0
79
1
-1
0
0
0
0.15327593499237677
0
19
1
-1
0
0
0
-0.17745808137433944
0
60
0
1
-0.73519267493658469
118
119
0.32666338226645353
0
37
1
-1
0
0
0
0.944210718828004
0
5
0
2
-0.1642323606692499
120
121
0.23017161092871116
0
32
1
-1
0
0
0
0.10060090892396821
0
17
1
-1
0
0
0
0.37701840653408658
0
15
0
3
-1.0768998662137181
123
124
-0.29808977297734129
0
287
1
-1
0
0
0
0.43225712149665468
0
7
0
7
-0.51603397937220585
125
128
-0.3163484453391911
0
280
0
0
0.7150680497547317
126
127
-0.3701352383417994
0
220
1
-1
0
0
0
-0.46332621905756771
0
111
1
-1
0
0
0
-0.27523433137436554
0
109
0
0
0.75500552025346401
129
130
-0.11913020432962727
0
60
1
-1
0
0
0
0.033912963795792325
0
36
1
-1
0
0
0
-0.34869495651775667
0
24
0
1
-0.99269021427063642
132
161
-0.72656689162026289
0
1132
0
0
1.2142864309888517
133
146
-0.57839363511770814
0
598
0
2
-0.67984491568911887
134
139
-0.11333394589993018
0
179
0
7
-1.1272837725016167
135
136
-0.46561833603508951
0
72
1
-1
0
0
0
0.20539094292831633
0
5
0
5
-0.68010256940965153
137
138
-0.51569365536071687
0
67
1
-1
0
0
0
-0.82863655723371266
0
9
1
-1
0
0
0
-0.46713354989766576
0
58
0
0
1.1743489604901232
140
143
0.1237172325087752
0
107
0
5
-0.53378091202030276
141
142
0.42985629010745519
0
52
1
-1
0
0
0
0.73003005994033232
0
25
1
-1
0
0
0
0.15191761433627279
0
27
0
7
-0.78389943403435947
144
145
-0.16572333103906783
0
55
1
-1
0
0
0
-0.51398620728980071
0
25
1
-1
0
0
0
0.12449573250320958
0
30
0
0
1.6036767683514661
147
154
-0.7770706861200527
0
419
0
7
-0.92857192631864216
148
151
-0.68253782323281043
0
347
0
1
-1.3485049958958719
149
150
-0.83052018214860956
0
128
1
-1
0
0
0
-0.90543748772023713
0
101
1
-1
0
0
0
-0.55027396501029846
0
27
0
2
1.4222678086226546
152
153
-0.59604585089846207
0
219
1
-1
0
0
0
-0.61084641404718421
0
212
1
-1
0
0
0
-0.14780022410858459
0
7
0
7
-1.2650409039379813
155
158
-1.2326665669793986
0
72
0
5
-0.38615281126140599
156
157
-1.353850598418519
0
14
1
-1
0
0
0
-1.4057430655597012
0
9
1
-1
0
0
0
-1.2604441575643912
0
5
0
1
-1.3204143552412471
159
160
-1.2034152490458183
0
58
1
-1
0
0
0
-1.1598070199539952
0
29
1
-1
0
0
0
-1.2470234781376417
0
29
0
4
-1.1549076778341458
162
165
-0.8924987406624485
0
534
0
2
-0.95748244531520221
163
164
-0.15362681199619313
0
14
1
-1
0
0
0
1.0613907294313423
0
5
1
-1
0
0
0
-0.82863655723371266
0
9
0
7
-0.86829826983735758
166
173
-0.91239144643423209
0
520
0
0
1.0994662033050058
167
170
-1.0289735624484153
0
215
0
2
1.8188928509456308
168
169
-0.81835174992695792
0
42
1
-1
0
0
0
-0.84636877818391199
0
37
1
-1
0
0
0
-0.61102574082549743
0
5
0
0
1.5812119411959333
171
172
-1.0801071816732781
0
173
1
-1
0
0
0
-1.0544260145915962
0
147
1
-1
0
0
0
-1.2253045494043271
0
26
0
1
-0.7164655811668359
174
177
-0.83021061055538325
0
305
0
0
1.6635829740995627
175
176
-0.79752199251665246
0
254
1
-1
0
0
0
-0.7822961704410919
0
241
1
-1
0
0
0
-1.0797853094558951
0
13
0
2
-0.084907352204654687
178
179
-0.99301274745415824
0
51
1
-1
0
0
0
-0.90919743679392484
0
27
1
-1
0
0
0
-1.0873049719469214
0
24
0
0
-1.0571572036263932
181
296
-0.78598877975013381
0
3375
0
1
1.0672901004017745
182
239
-0.47966706643628554
0
1351
0
0
-1.3666725999915466
183
210
-0.081390869642871885
0
653
0
3
-0.11022733379741831
184
197
0.6749333106805161
0
135
0
7
-0.85975884697212557
185
190
0.45058879834763876
0
85
0
3
-0.33851059504680137
186
189
0.15880483015310431
0
36
0
7
-1.243797124969567
187
188
0.2868069379698937
0
29
1
-1
0
0
0
1.1390492634650837
0
8
1
-1
0
0
0
-0.037856805075892987
0
21
1
-1
0
0
0
-0.3714896165164519
0
7
0
1
0.9923817253227778
191
194
0.66496069334770491
0
49
0
1
0.92215512368621888
192
193
0.36593726719473901
0
30
1
-1
0
0
0
0.91851867774878548
0
5
1
-1
0
0
0
0.25542098508392963
0
25
0
5
-0.21021843749564134
195
196
1.1371029451681778
0
19
1
-1
0
0
0
1.4283184587020172
0
14
1
-1
0
0
0
0.32169950727342694
0
5
0
1
0.99706349876521583
198
203
1.0563189816464067
0
50
0
5
0.13424713094178412
199
200
0.64288308645359238
0
21
1
-1
0
0
0
1.4261100839355074
0
5
0
7
-0.6729917149810094
201
202
0.39812464974049416
0
16
1
-1
0
0
0
0.07762511702085155
0
6
1
-1
0
0
0
0.5904243693722796
0
10
0
3
0.3472504991254971
204
207
1.3557035954067205
0
29
0
3
0.085704407394666962
205
206
1.5955511562920601
0
16
1
-1
0
0
0
1.2745617605425497
0
9
1
-1
0
0
0
2.0082518079700016
0
7
0
5
0.82622663567891319
208
209
1.0605065973939956
0
13
1
-1
0
0
0
1.3818661758624731
0
8
1
-1
0
0
0
0.54633127184443153
0
5
0
1
0.91747335024378252
211
224
-0.27850238381981668
0
518
0
0
-1.1520086960608751
212
217
0.062283002521401939
0
182
0
0
-1.3242390375866457
213
214
0.24502024981269813
0
112
1
-1
0
0
0
1.1426313936520411
0
5
0
7
-1.0325118954267416
215
216
0.20307580383889706
0
107
1
-1
0
0
0
0.75252340332854983
0
9
1
-1
0
0
0
0.15261633041637784
0
98
0
5
-0.094815939852256059
218
221
-0.23009659314467185
0
70
0
2
-0.4815323945276308
219
220
-0.021943941794845535
0
28
1
-1
0
0
0
0.39842844076676864
0
10
1
-1
0
0
0
-0.25548415432907556
0
18
0
0
-1.1420243284361944
222
223
-0.36886502737788956
0
42
1
-1
0
0
0
-0.024795857551708551
0
10
1
-1
0
0
0
-0.47638664294857108
0
32
0
1
1.0391994597471514
225
232
-0.46309446808797683
0
336
0
7
-0.72661195610103957
226
229
-0.56499043725411036
0
287
0
0
-1.286797658994089
227
228
-0.74975516787762042
0
160
1
-1
0
0
0
-0.7914061649239672
0
147
1
-1
0
0
0
-0.27877850896893064
0
13
0
3
-0.56770516672033366
230
231
-0.33221597347645998
0
127
1
-1
0
0
0
-0.70048677322359532
0
32
1
-1
0
0
0
-0.20816686198268813
0
95
0
0
-1.3467038647421821
233
236
0.1337247798850929
0
49
0
7
-0.5726403990402007
234
235
-0.30124569146154229
0
24
1
-1
0
0
0
-0.38403512828577274
0
17
1
-1
0
0
0
-0.10018563060269711
0
7
0
0
-1.2618367399323809
237
238
0.55129643237786286
0
25
1
-1
0
0
0
0.82894415770301499
0
20
1
-1
0
0
0
-0.5592944689227467
0
5
0
1
1.42310488202701
240
267
-0.85226643105820399
0
698
0
0
-1.4016178866779385
241
254
-0.56460357876287781
0
276
0
0
-1.5463912172358329
242
247
-0.28457375696984633
0
89
0
0
-1.6686997206381911
243
244
-0.40694647079083696
0
61
1
-1
0
0
0
-0.70316604130254445
0
9
0
5
-0.8177146043353487
245
246
-0.35567769897150298
0
52
1
-1
0
0
0
0.14081365048595643
0
5
1
-1
0
0
0
-0.40849592763719017
0
47
0
0
-1.4665162762383719
248
251
-0.017976059002688199
0
28
0
0
-1.5039576548309288
249
250
0.17899212272674486
0
14
1
-1
0
0
0
-0.045145034232320774
0
9
1
-1
0
0
0
0.58243900525306302
0
5
0
1
1.2615836982629238
252
253
-0.21494424073212123
0
14
1
-1
0
0
0
-0.33890613456002139
0
9
1
-1
0
0
0
0.0081871681580989279
0
5
0
1
1.2358339443295188
255
262
-0.69787980410822481
0
187
0
0
-1.3816491514285705
256
259
-0.77748462377335825
0
140
0
0
-1.3916335190532547
257
258
-1.008706793669462
0
28
1
-1
0
0
0
-1.1888941377570632
0
6
1
-1
0
0
0
-0.95956479073648004
0
22
0
1
1.1047442879412737
260
261
-0.71967908129933278
0
112
1
-1
0
0
0
-0.58290337153608274
0
35
1
-1
0
0
0
-0.78184985846444655
0
77
0
5
1.6357860436753402
263
266
-0.4607590646801662
0
47
0
0
-1.2743171994632365
264
265
-0.51840461010731753
0
42
1
-1
0
0
0
-0.4174095934131889
0
21
1
-1
0
0
0
-0.61939962680144611
0
21
1
-1
0
0
0
0.023463516907904512
0
5
0
7
-0.68716296580950775
268
283
-1.0404061164456679
0
422
0
1
1.9802359216770475
269
276
-1.1018898957136594
0
307
0
0
-1.6362505258579709
270
273
-1.0330321451195159
0
124
0
0
-2.07805879325017
271
272
-0.90959927677576979
0
36
1
-1
0
0
0
-0.65407726912040409
0
5
1
-1
0
0
0
-0.9508125038169577
0
31
0
2
-1.0368074537797973
274
275
-1.0835274094419574
0
88
1
-1
0
0
0
-0.92301578644652682
0
13
1
-1
0
0
0
-1.1113494240944988
0
75
0
7
-0.85355073893819933
277
280
-1.148547606498763
0
183
0
0
-1.3566882323668661
278
279
-1.1760399127931387
0
140
1
-1
0
0
0
-1.1499322279047242
0
115
1
-1
0
0
0
-1.2961352632798464
0
25
0
1
2.2728467618293786
281
282
-1.0590377720519573
0
43
1
-1
0
0
0
-1.1542908932404583
0
10
1
-1
0
0
0
-1.0301731898736237
0
33
0
1
1.8046694175856488
284
291
-0.87627115787807508
0
115
0
0
-1.6637075368258509
285
288
-0.77783909156355491
0
46
0
2
-0.0055823437400594686
286
287
-0.63384969271255875
0
23
1
-1
0
0
0
-0.5150435578747562
0
11
1
-1
0
0
0
-0.7427553163138777
0
12
0
3
-0.7987223592421645
289
290
-0.92182849041455062
0
23
1
-1
0
0
0
-0.59259575189817515
0
6
1
-1
0
0
0
-1.0380282804791536
0
17
0
3
1.0498708361445563
292
295
-0.94189253542108864
0
69
0
1
2.2166654805201325
293
294
-0.96516207994282843
0
62
1
-1
0
0
0
-1.1051924768987536
0
15
1
-1
0
0
0
-0.92047152772285257
0
47
1
-1
0
0
0
-0.73579085537139333
0
7
0
0
-0.1585641174049785
297
344
-0.99045549649272402
0
2024
0
1
-0.0024951311951483929
298
319
-0.89029479583005844
0
1290
0
0
-0.5329779033305686
299
306
-0.35640452603861011
0
102
0
5
0.26053665666473402
300
305
0.15787779183131276
0
37
0
3
-0.4171111191296728
301
302
0.020657066474701589
0
30
1
-1
0
0
0
-0.34039133513291914
0
5
0
1
-0.12188035397729906
303
304
0.092866746796225752
0
25
1
-1
0
0
0
0.18298756026051435
0
18
1
-1
0
0
0
-0.13887248782623071
0
7
1
-1
0
0
0
0.74596661478821791
0
7
0
1
-0.29276508462625978
307
314
-0.64914984544148935
0
65
0
0
-0.42814204327140293
308
311
-0.74183309355554405
0
48
0
0
-0.4655834218639634
309
310
-0.79711030720545584
0
38
1
-1
0
0
0
-0.99432321854789174
0
5
1
-1
0
0
0
-0.76722956306266232
0
33
0
7
-0.74266921443351563
312
313
-0.53177968168588108
0
10
1
-1
0
0
0
-0.63880092037059844
0
5
1
-1
0
0
0
-0.42475844300116361
0
5
0
2
-1.0368074537797973
315
316
-0.38745596841357016
0
17
1
-1
0
0
0
-0.62213581264353779
0
5
0
3
-0.055776535954501598
317
318
-0.28967269998441697
0
12
1
-1
0
0
0
-0.38297994376874084
0
6
1
-1
0
0
0
-0.19636545620009316
0
6
0
7
-0.78963604019229139
320
329
-0.93613385939801141
0
1188
0
5
-1.2057282850910327
321
322
-1.0244802361910825
0
641
1
-1
0
0
0
0.58539185402845162
0
5
0
2
-0.87815743685060688
323
326
-1.0371364633154498
0
636
0
0
-0.52299353570588458
324
325
-0.89462692870788119
0
115
1
-1
0
0
0
-0.82700528292692677
0
82
1
-1
0
0
0
-1.0626564727696459
0
33
0
5
-0.52202292169437281
327
328
-1.0685925026242236
0
521
1
-1
0
0
0
-0.9998560596787367
0
219
1
-1
0
0
0
-1.1184378039654874
0
302
0
1
1.7274201557854338
330
337
-0.83260547269900165
0
547
0
1
1.3669236007177621
331
334
-0.80711243965008761
0
492
0
0
-0.96230571119191155
332
333
-0.84636573723269803
0
324
1
-1
0
0
0
-0.50160310640927641
0
21
1
-1
0
0
0
-0.87026017699273683
0
303
0
0
-0.88742295400679072
335
336
-0.73140965145505266
0
168
1
-1
0
0
0
-0.89033162370343633
0
63
1
-1
0
0
0
-0.63605646810602323
0
105
0
1
2.108984691344074
338
341
-1.060652241063835
0
55
0
1
1.8233965113553992
339
340
-1.0050564624727139
0
41
1
-1
0
0
0
-1.1425732393698687
0
15
1
-1
0
0
0
-0.92571986041666254
0
26
0
0
-0.81753238063401712
342
343
-1.2234684497949755
0
14
1
-1
0
0
0
-1.1500378188726146
0
5
1
-1
0
0
0
-1.2642632447518425
0
9
0
7
-0.80909858985139371
345
366
-1.1664872456137578
0
734
0
0
0.42052920482660266
346
355
-1.2387509458455486
0
425
0
2
-1.6714075214965591
347
348
-1.2645193683337137
0
366
1
-1
0
0
0
-0.94708061405376909
0
7
0
7
-1.0413132637786371
349
352
-1.2707089819269159
0
359
0
7
-1.5888841091001371
350
351
-1.3079016890430888
0
210
1
-1
0
0
0
-1.1415316701369276
0
5
1
-1
0
0
0
-1.3119594943822634
0
205
0
5
-0.32649189738539175
353
354
-1.2182897302866706
0
149
1
-1
0
0
0
-1.1719077272403084
0
57
1
-1
0
0
0
-1.247026406087135
0
92
0
0
0.85235310459411395
356
361
-1.0788993758342165
0
59
0
6
-0.66799775050711108
357
358
-0.94964966316626953
0
32
1
-1
0
0
0
-0.58304803392954685
0
6
0
1
-0.3419237057718516
359
360
-1.0342500391439748
0
26
1
-1
0
0
0
-0.90231793630474466
0
7
1
-1
0
0
0
-1.0828566033479015
0
19
0
1
-0.51983109658446858
362
363
-1.2320842204777103
0
27
1
-1
0
0
0
-1.0302821563518172
0
7
0
1
-0.22956114315335716
364
365
-1.3027149429217724
0
20
1
-1
0
0
0
-1.2620643763711887
0
15
1
-1
0
0
0
-1.424666642573523
0
5
0
1
0.74658861959482015
367
380
-1.067095424906602
0
309
0
1
-0.35830991282038221
368
373
-1.0842192934706341
0
293
0
3
-0.34420628519773411
369
370
-0.86387507187387402
0
31
1
-1
0
0
0
-0.71049560257139066
0
5
0
3
-0.046663431713009261
371
372
-0.89337112366281302
0
26
1
-1
0
0
0
-1.0599999451805786
0
6
1
-1
0
0
0
-0.84338247720748338
0
20
0
4
-0.91678746796692601
374
377
-1.1102905563313203
0
262
0
5
-1.1134062869763244
375
376
-0.89271596993856728
0
16
1
-1
0
0
0
-1.1266025111314355
0
5
1
-1
0
0
0
-0.78640390575999064
0
11
0
2
-0.0055823437400594686
378
379
-1.1244417489422305
0
246
1
-1
0
0
0
-1.0883325004181446
0
136
1
-1
0
0
0
-1.1690859107538285
0
110
0
4
-0.0012152610274654228
381
384
-0.75351458182776776
0
16
0
1
0.81915610795259886
382
383
-0.84121254130552237
0
10
1
-1
0
0
0
-0.81847161305297078
0
5
1
-1
0
0
0
-0.86395346955807395
0
5
1
-1
0
0
0
-0.60735131603151016
0
6
0
2
0.78766774090589275
386
593
0.030999750464264033
0
6439
0
1
1.0906989676139613
387
504
-0.07740221360131623
0
5114
0
0
0.90477103462369857
388
451
-0.0025519630557458797
0
4214
0
0
-1.1470165122485347
389
420
0.10473527543340495
0
3193
0
1
0.91279157680134437
390
405
0.44443939632287566
0
594
0
0
-1.2818054751817487
391
398
0.60876938253810831
0
324
0
7
0.073029031036801445
392
395
1.172141524671573
0
47
0
3
0.68876408057542249
393
394
0.90373046124664025
0
21
1
-1
0
0
0
0.79066605440524251
0
16
1
-1
0
0
0
1.2655365631391136
0
5
0
5
-0.51505522372345147
396
397
1.3889350758994037
0
26
1
-1
0
0
0
1.9730368481896059
0
7
1
-1
0
0
0
1.1737396861082765
0
19
0
1
0.82383788139503511
399
402
0.51317916347575121
0
277
0
1
0.44695511927883275
400
401
0.66165506755855286
0
193
1
-1
0
0
0
1.6315885476118694
0
6
1
-1
0
0
0
0.63053420723598652
0
187
0
7
-0.25623644569928994
403
404
0.17203809814264603
0
84
1
-1
0
0
0
-0.31035942224977869
0
13
1
-1
0
0
0
0.2603644046933718
0
71
0
0
-1.3841452433347423
406
413
0.24724341286459703
0
270
0
1
0.98301817843790329
407
410
0.75956037649601105
0
86
0
2
-0.83849493261830932
408
409
0.56790663452678691
0
56
1
-1
0
0
0
0.1797206012081175
0
8
1
-1
0
0
0
0.63260430674656498
0
48
0
0
-1.421586621927303
411
412
1.1173140281718947
0
30
1
-1
0
0
0
1.3781403959188061
0
24
1
-1
0
0
0
0.074008557184249826
0
6
0
7
0.25005179092403329
414
417
0.0077909189933929989
0
184
0
7
-0.26624276328983776
415
416
-0.086835024968097307
0
124
1
-1
0
0
0
-0.3075582322672471
0
22
1
-1
0
0
0
-0.039228058687888513
0
102
0
1
0.98769995188034132
418
419
0.20335120318047298
0
60
1
-1
0
0
0
0.010842148555792403
0
34
1
-1
0
0
0
0.45509381307428598
0
26
0
1
-0.54323996379665695
421
436
0.027096088127385728
0
2599
0
0
0.63519310875727419
422
429
0.20897413241731533
0
1860
0
1
-0.6883749405122126
423
426
0.57060171964302675
0
677
0
0
0.60024782207088556
424
425
1.0314314660021984
0
300
1
-1
0
0
0
1.3970207598356115
0
166
1
-1
0
0
0
0.57853726617871926
0
134
0
0
0.17591219802188285
427
428
0.20389369866755955
0
377
1
-1
0
0
0
1.0009711538977413
0
58
1
-1
0
0
0
0.0589705249893447
0
319
0
1
-0.90841829230676518
430
433
0.002024109972847063
0
1183
0
1
-0.94119070640382652
431
432
0.67096610865967232
0
76
1
-1
0
0
0
1.8596767789707087
0
9
1
-1
0
0
0
0.51128855593132405
0
67
0
1
-0.69305671395465063
434
435
-0.043901447299238471
0
1107
1
-1
0
0
0
-0.067391760432158332
0
1065
1
-1
0
0
0
0.55174577857122975
0
42
0
0
-0.27338434508882459
437
444
-0.4306754441855653
0
739
0
1
0.78170192041309949
438
441
-0.17635912085733632
0
452
0
6
-0.72927083344577937
439
440
0.044416861198190292
0
235
1
-1
0
0
0
0.72933772704388178
0
19
1
-1
0
0
0
-0.015830807556754801
0
216
0
0
-0.85247766732040575
442
443
-0.41544831801424281
0
217
1
-1
0
0
0
-0.13686666472357772
0
85
1
-1
0
0
0
-0.59483801899686839
0
132
0
1
-0.44960449494790966
445
448
-0.83120150043768837
0
287
0
7
0.38762556051973374
446
447
-0.39818757788165093
0
32
1
-1
0
0
0
-0.55950278276933507
0
25
1
-1
0
0
0
0.17793815386007811
0
7
0
1
0.76765660008578718
449
450
-0.8855405024839359
0
255
1
-1
0
0
0
-0.91118418680003044
0
242
1
-1
0
0
0
-0.4081734559843293
0
13
0
1
-0.92714538607651575
452
483
-0.33807414963347393
0
1021
0
0
1.2043020633641714
453
468
-0.11572771967667531
0
575
0
2
-0.64018241145682131
454
461
0.25909386035604542
0
239
0
0
1.1394036738037345
455
458
0.024593519922030627
0
122
0
1
-1.1612340581983807
456
457
0.17395550027616716
0
57
1
-1
0
0
0
0.89513420850588121
0
7
1
-1
0
0
0
0.072990481124007148
0
50
0
2
-1.9093825468903449
459
460
-0.10638544746544289
0
65
1
-1
0
0
0
0.15357287358948718
0
10
1
-1
0
0
0
-0.15365059674815745
0
55
0
0
1.1643645928654425
462
465
0.50361558285989017
0
117
0
1
-1.2220971129500633
463
464
0.85426512451537795
0
57
1
-1
0
0
0
1.7340874876006964
0
19
1
-1
0
0
0
0.41435394297271871
0
38
0
1
-1.3204143552412471
466
467
0.17049851828717663
0
60
1
-1
0
0
0
0.40948996026900264
0
32
1
-1
0
0
0
-0.1026345582634817
0
28
0
0
1.5762197573835932
469
476
-0.38234187928328306
0
336
0
1
-1.3578685427807464
470
473
-0.32952485611935689
0
310
0
1
-1.3906409568778075
471
472
-0.54460078018938873
0
101
1
-1
0
0
0
-0.4049484421250284
0
43
1
-1
0
0
0
-0.64813613427158667
0
58
0
1
-1.1448478511498483
474
475
-0.22558864400895889
0
209
1
-1
0
0
0
-0.27098412702877761
0
192
1
-1
0
0
0
0.28711328186193535
0
17
0
4
-0.7191476937771335
477
480
-1.012083309314711
0
26
0
7
-0.11525738477696343
478
479
-0.90613702349219627
0
10
1
-1
0
0
0
-0.78375263862159472
0
5
1
-1
0
0
0
-1.0285214083627976
0
5
0
7
-0.27404873879241187
481
482
-1.0782997379537833
0
16
1
-1
0
0
0
-1.1767218306498726
0
7
1
-1
0
0
0
-1.0017492214123807
0
9
0
7
-0.054747977357681749
484
495
-0.62473154251499652
0
446
0
1
-0.53387641691178089
485
492
-0.76714369394140869
0
204
0
0
1.0145990784952046
486
489
-0.73500311393471518
0
187
0
0
0.92973195368540673
487
488
-0.59531145955729625
0
44
1
-1
0
0
0
-0.67577662814001438
0
14
1
-1
0
0
0
-0.5577610475520276
0
30
0
2
-0.32288237759844035
490
491
-0.77798516143545915
0
143
1
-1
0
0
0
-0.72036157780564014
0
90
1
-1
0
0
0
-0.87583652986345406
0
53
0
2
-0.91781994108290454
493
494
-1.1206900740150334
0
17
1
-1
0
0
0
-1.0070173435743639
0
8
1
-1
0
0
0
-1.2217325010734068
0
9
0
5
-1.0933741553099257
496
497
-0.50468162974231945
0
242
1
-1
0
0
0
0.51812210511893853
0
6
0
1
-0.85223701099751725
498
501
-0.53068511452692779
0
236
0
1
-0.88500942509457836
499
500
-0.17780692440314994
0
21
1
-1
0
0
0
-0.47188945079175698
0
10
1
-1
0
0
0
0.089540826859220032
0
11
0
1
-0.5151493231420321
502
503
-0.5651522865855293
0
215
1
-1
0
0
0
-0.54916921416790421
0
208
1
-1
0
0
0
-1.0400778669949557
0
7
0
0
-1.4066100704902786
505
538
-0.42786772004468437
0
900
0
1
1.4699226164513837
506
521
-0.061859173948194152
0
214
0
1
1.1094260613837101
507
508
0.15273455052674201
0
161
1
-1
0
0
0
0.85923602890721051
0
8
0
7
0.26147261414256451
509
516
0.11579329675521421
0
153
0
1
1.2545610380992676
510
513
0.011150792326903358
0
111
0
0
-1.5389029415173208
511
512
0.17935769813485852
0
29
1
-1
0
0
0
0.49269045634795522
0
10
1
-1
0
0
0
0.014445720127965425
0
19
0
0
-1.5014615629247605
514
515
-0.048337015824690549
0
82
1
-1
0
0
0
-0.10585940239830081
0
66
1
-1
0
0
0
0.1889428287914518
0
16
0
0
-1.5064537467371006
517
520
0.39234848703003611
0
42
0
0
-1.5913208715469018
518
519
0.28294050672639953
0
33
1
-1
0
0
0
0.50237457028756416
0
14
1
-1
0
0
0
0.12125224936554152
0
19
1
-1
0
0
0
0.79351108147670246
0
9
0
3
-0.68093548692087591
522
527
-0.71373822376828322
0
53
0
7
0.011524230768198246
523
526
-0.85830653048144123
0
17
0
7
-0.24154130389746434
524
525
-0.9357744025749799
0
11
1
-1
0
0
0
-0.86464784904670144
0
5
1
-1
0
0
0
-0.99504653051521219
0
6
1
-1
0
0
0
-0.71628209830995326
0
6
0
1
1.7672152300461512
528
533
-0.64546985670929191
0
36
0
1
1.7133748354581231
529
532
-0.47109742418754119
0
16
0
3
-0.48978812545557415
530
531
-0.6032613156344806
0
11
1
-1
0
0
0
-0.68633698286289124
0
6
1
-1
0
0
0
-0.50357051496038774
0
5
1
-1
0
0
0
-0.1803368630042744
0
5
0
7
-0.0014420708216478575
534
537
-0.78496780272669286
0
20
0
3
-0.10794905773704523
535
536
-0.88595041978709599
0
14
1
-1
0
0
0
-0.93627743317043466
0
8
1
-1
0
0
0
-0.81884773527597743
0
6
1
-1
0
0
0
-0.54934169625241891
0
6
0
7
0.15166506613320138
539
568
-0.54204531314183979
0
686
0
7
-0.14380944282329117
540
553
-0.64109044385115677
0
450
0
1
1.9006457731556143
541
548
-0.72273647463142476
0
214
0
4
-0.58699097730082639
542
545
-0.6921753095124813
0
187
0
0
-0.83250893207103771
543
544
-0.88398836009759141
0
34
1
-1
0
0
0
-0.93739856671978095
0
24
1
-1
0
0
0
-0.75580386420433665
0
10
0
2
-0.0055823437400594686
546
547
-0.64955018716023483
0
153
1
-1
0
0
0
-0.60119996381385654
0
113
1
-1
0
0
0
-0.78613956811375174
0
40
0
2
-0.28321987336614274
549
552
-0.93440084045522009
0
27
0
1
2.1721886328169768
550
551
-0.90555311346766842
0
22
1
-1
0
0
0
-0.81063814444689164
0
8
1
-1
0
0
0
-0.95979023862239798
0
14
1
-1
0
0
0
-1.0613308392004481
0
5
0
0
-0.85247766732040575
554
561
-0.56705548373684533
0
236
0
1
1.413741335142134
555
558
-0.62445557087146875
0
157
0
0
-0.96230571119191155
556
557
-0.55064498497151726
0
109
1
-1
0
0
0
-0.46848230699140792
0
63
1
-1
0
0
0
-0.66317213090079707
0
46
0
0
-1.047172836001713
559
560
-0.79206710968594229
0
48
1
-1
0
0
0
-0.71090406109411275
0
17
1
-1
0
0
0
-0.83657587826855806
0
31
0
6
-0.32121817472656311
562
565
-0.45298189284904955
0
79
0
5
-1.0668098067957879
563
564
-0.57925787922078809
0
40
1
-1
0
0
0
-0.27164776575879407
0
5
1
-1
0
0
0
-0.62320218114393011
0
35
0
5
0.2548754020633604
566
567
-0.32346806067290718
0
39
1
-1
0
0
0
-0.21820318794388635
0
23
1
-1
0
0
0
-0.47478631522087489
0
16
0
0
-1.1719774313102429
569
578
-0.35318807238255173
0
236
0
1
1.2803107920326726
570
577
-0.21927903071894267
0
61
0
1
1.1726300028566143
571
574
-0.28674396888655002
0
53
0
2
-0.32288237759844035
572
573
-0.20868670143651549
0
29
1
-1
0
0
0
-0.017220808584862822
0
11
1
-1
0
0
0
-0.32569363595696982
0
18
0
2
-0.87815743685060688
575
576
-0.38106316705534177
0
24
1
-1
0
0
0
-0.52237662611071667
0
15
1
-1
0
0
0
-0.14554073529638389
0
9
1
-1
0
0
0
0.22767618464145606
0
8
0
0
-0.84748548350806197
579
586
-0.3998649383338666
0
175
0
3
1.0100010050880275
580
583
-0.50519859890702423
0
103
0
1
1.5354674446455063
581
582
-0.57100298622111745
0
76
1
-1
0
0
0
-0.53868849850090061
0
67
1
-1
0
0
0
-0.81156639480495274
0
9
0
0
-0.94982525166105569
584
585
-0.31997143461550231
0
27
1
-1
0
0
0
-0.14504369014960997
0
13
1
-1
0
0
0
-0.48240434019097383
0
14
0
0
-0.59787629289100197
587
590
-0.24917928501393327
0
72
0
7
0.1954099624060156
588
589
-0.17801617366070346
0
57
1
-1
0
0
0
0.12391708292935329
0
6
1
-1
0
0
0
-0.21353773325953365
0
51
0
5
-0.9143914136818827
591
592
-0.51959910815620658
0
15
1
-1
0
0
0
-0.39763906630643298
0
9
1
-1
0
0
0
-0.70253917093086693
0
6
0
0
-1.3816491514285705
594
635
0.44939042535586937
0
1325
0
1
1.1773117762990526
595
630
0.99999085001982491
0
324
0
1
0.99706349876521583
596
611
1.1147798265378595
0
298
0
1
0.92215512368621888
597
598
0.75271445567670869
0
187
1
-1
0
0
0
1.9611323731708852
0
9
0
1
0.98301817843790329
599
604
0.69161467333149806
0
178
0
7
-0.33413903343303175
600
601
0.35574124738873442
0
81
1
-1
0
0
0
0.052453860558103728
0
5
0
1
0.94088221745596767
602
603
0.37569436494338115
0
76
1
-1
0
0
0
0.64831825923659947
0
6
1
-1
0
0
0
0.35232660257539106
0
70
0
0
-1.421586621927303
605
608
0.97208629705689853
0
97
0
0
-1.4465475409890076
606
607
1.0823856130500231
0
76
1
-1
0
0
0
0.84719540783260827
0
43
1
-1
0
0
0
1.3888455774242308
0
33
0
3
-0.25284741517677345
609
610
0.572907820129402
0
21
1
-1
0
0
0
0.35663942063300291
0
11
1
-1
0
0
0
0.81080305957544074
0
10
0
1
1.0462221199108075
612
625
1.7247458116823211
0
111
0
1
1.0064270456500901
613
618
1.9335329665609446
0
89
0
0
-1.4265788057396431
614
617
1.5618425336066712
0
44
0
4
0.39525488840145573
615
616
1.6824880107522016
0
38
1
-1
0
0
0
1.5657534389909835
0
31
1
-1
0
0
0
2.1994553999804536
0
7
1
-1
0
0
0
0.79775451168498179
0
6
0
0
-1.4165944381149591
619
622
2.2969636121162331
0
45
0
4
-0.14170618484912517
620
621
2.4355343969983001
0
34
1
-1
0
0
0
2.5426790525602643
0
9
1
-1
0
0
0
2.3969623209959927
0
25
0
4
0.24762035828377937
623
624
1.8686539133898437
0
11
1
-1
0
0
0
1.6204509899390709
0
6
1
-1
0
0
0
2.1664974215307717
0
5
0
0
-1.4715084600507122
626
629
0.88010686694607188
0
22
0
0
-1.4964693791124166
627
628
1.113731217220733
0
17
1
-1
0
0
0
0.66752219196895446
0
8
1
-1
0
0
0
1.5103614618889805
0
9
1
-1
0
0
0
0.085784076012224958
0
5
0
0
-1.6487309853888266
631
632
-0.31566741930226794
0
26
1
-1
0
0
0
-0.96789822134178871
0
9
0
3
-0.29408421186952627
633
634
0.029631240601007827
0
17
1
-1
0
0
0
-0.22414063574519419
0
9
1
-1
0
0
0
0.31512460149048505
0
8
0
7
0.1277232486521522
636
685
0.27117410408601678
0
1001
0
1
1.076653647286649
637
668
0.076881671980101027
0
677
0
4
-0.14527798799713348
638
653
0.15037630271932198
0
612
0
5
-0.56818392075172697
639
646
0.029330930655933334
0
467
0
4
-0.61913720563290109
640
643
0.21903873920999761
0
209
0
0
0.66265011972515064
641
642
0.025952259159023685
0
137
1
-1
0
0
0
0.15513997845645294
0
95
1
-1
0
0
0
-0.26625805829944715
0
42
0
1
-0.71178380772439942
644
645
0.58643940264032279
0
72
1
-1
0
0
0
0.96816780315635198
0
35
1
-1
0
0
0
0.22534496971975473
0
37
0
6
-0.40986859259527464
647
650
-0.12434710030452942
0
258
0
1
-0.7679650890336458
648
649
-0.32076794123736702
0
121
1
-1
0
0
0
-0.45411980314283545
0
51
1
-1
0
0
0
-0.22361158470623979
0
70
0
7
-0.14545969938927156
651
652
0.049134080373377978
0
137
1
-1
0
0
0
-0.15375544545674544
0
73
1
-1
0
0
0
0.28055494577336254
0
64
0
5
-0.21762161658974527
654
661
0.54022588033037355
0
145
0
7
-0.19777021307598391
655
658
1.2199741492298231
0
37
0
5
-0.45713623434016754
656
657
0.92294578097596636
0
20
1
-1
0
0
0
1.3502936084889403
0
8
1
-1
0
0
0
0.63804722930065072
0
12
0
4
0.16070648168224411
659
660
1.5694192883520073
0
17
1
-1
0
0
0
1.3085713632008849
0
11
1
-1
0
0
0
2.0476404844623981
0
6
0
4
0.46788155241095786
662
665
0.30734915857778411
0
108
0
5
-0.099170751084081923
663
664
0.086432163534943984
0
75
1
-1
0
0
0
0.43191646974103243
0
22
1
-1
0
0
0
-0.056976416399658766
0
53
0
2
0.98598026206738076
666
667
0.80943323822060265
0
33
1
-1
0
0
0
1.7988204443922338
0
8
1
-1
0
0
0
0.49282933224568082
0
25
0
0
-0.93235260831786326
669
678
-0.61509854359533211
0
65
0
1
1.4043777882572597
670
677
-0.51730620921980097
0
40
0
1
1.1609255692505203
671
674
-0.46046938813057908
0
35
0
7
-0.13833478215202277
672
673
-0.58514183172968459
0
19
1
-1
0
0
0
-0.64472243434306109
0
9
1
-1
0
0
0
-0.53151928937764581
0
10
0
6
-0.64453146342421697
675
676
-0.3124208613566416
0
16
1
-1
0
0
0
-0.098226488474069465
0
5
1
-1
0
0
0
-0.40978193993962897
0
11
1
-1
0
0
0
-0.91516395684435392
0
5
0
7
-0.13000491567612163
679
684
-0.77156627859618121
0
25
0
1
1.3645827139965439
680
683
-0.86792445225866233
0
16
0
0
-0.86745421875742634
681
682
-0.93642932868357176
0
10
1
-1
0
0
0
-1.0030029621557361
0
5
1
-1
0
0
0
-0.86985569521140782
0
5
1
-1
0
0
0
-0.7537496582171469
0
6
1
-1
0
0
0
-0.60026285875177088
0
9
0
1
-0.86862321804604781
686
695
0.6771493403073281
0
324
0
2
1.1049677747642737
687
688
1.4025143505883353
0
29
1
-1
0
0
0
2.1000105854946862
0
5
0
4
-0.20599864151327454
689
694
1.2572026349828453
0
24
0
6
-0.33034395303657749
690
693
1.0472109216239942
0
15
0
3
-0.44809567355074675
691
692
1.3032057824227958
0
10
1
-1
0
0
0
0.80585560571896941
0
5
1
-1
0
0
0
1.8005559591266223
0
5
1
-1
0
0
0
0.53522120002639129
0
5
1
-1
0
0
0
1.6071888239142631
0
9
0
0
0.62021655732025005
696
711
0.60584227150004244
0
295
0
1
0.9338595572923114
697
704
0.82170891360567422
0
178
0
6
-0.096984764823351582
698
701
1.0785794874680013
0
126
0
2
1.6602428340164401
699
700
0.93642660562675406
0
102
1
-1
0
0
0
0.81768712955927148
0
84
1
-1
0
0
0
1.4905441606083376
0
18
0
1
0.54059058812757843
702
703
1.6827292352933034
0
24
1
-1
0
0
0
1.9481139150582671
0
15
1
-1
0
0
0
1.2404214356850298
0
9
0
0
-1.3142546699619655
705
708
0.19929175386234282
0
52
0
7
0.41274613269076876
706
707
0.51429169652678108
0
23
1
-1
0
0
0
0.35537691247186193
0
17
1
-1
0
0
0
0.96455025134905215
0
6
0
1
0.98301817843790329
709
710
-0.05053578687152202
0
29
1
-1
0
0
0
0.33491751682480098
0
7
1
-1
0
0
0
-0.17318001986580661
0
22
0
1
-0.73051090149414821
712
719
0.27742977325386736
0
117
0
1
-0.83585080394898659
713
716
0.033228228466729105
0
60
0
1
-0.84755523755508078
714
715
0.35752948888660735
0
25
1
-1
0
0
0
0.069279209705616837
0
13
1
-1
0
0
0
0.66980062466601364
0
12
0
6
-0.69407140282143809
717
718
-0.19841552897604112
0
35
1
-1
0
0
0
0.043484792163331502
0
6
1
-1
0
0
0
-0.24846387128073888
0
29
0
1
-0.67432962018490028
720
723
0.53448403092453922
0
57
0
7
0.17393043249960372
721
722
0.68454233814465515
0
47
1
-1
0
0
0
1.3132486177660834
0
7
1
-1
0
0
0
0.57451873921090535
0
40
0
0
0.68761103878685526
724
725
-0.17079001301000671
0
10
1
-1
0
0
0
0.11095533247497276
0
5
1
-1
0
0
0
-0.45253535849498627
0
5
0
7
1.5419931256973638
727
990
1.0674539273410468
0
3520
0
2
0.6290177239767023
728
893
0.71646256316238488
0
2438
0
7
0.98334198628999536
729
816
0.60138877429515114
0
2045
0
2
-0.87815743685060688
730
773
0.40998356624644067
0
1131
0
1
1.0111088190925281
731
760
0.17335038779143785
0
441
0
0
-0.20349377171604749
732
745
0.24131366735108714
0
346
0
1
0.72786152582506969
733
738
0.49716831381948923
0
78
0
3
0.4525068531147336
734
737
0.74191482780785156
0
18
0
5
-0.22241190894475371
735
736
0.60388464869029002
0
13
1
-1
0
0
0
0.77233009603367186
0
8
1
-1
0
0
0
0.3343719329408793
0
5
1
-1
0
0
0
1.1007932935135112
0
5
0
7
0.91282626128016586
739
742
0.42374435962298068
0
60
0
0
-1.1545047879670469
740
741
0.35223743074136515
0
47
1
-1
0
0
0
0.49693939750455712
0
21
1
-1
0
0
0
0.23536276527878713
0
26
0
7
0.93351995472658666
743
744
0.68226941019497422
0
13
1
-1
0
0
0
0.96440558895558792
0
6
1
-1
0
0
0
0.44043839982873395
0
7
0
1
-0.46364981527522209
746
753
0.16684850905058174
0
268
0
0
0.86483356412496981
747
750
0.28266217650427544
0
236
0
1
-0.90841829230676518
748
749
0.59018309765865862
0
69
1
-1
0
0
0
1.4221208737733422
0
5
1
-1
0
0
0
0.52518795889969894
0
64
0
1
-0.93650893296138848
751
752
0.15560263423090714
0
167
1
-1
0
0
0
0.34752685591133192
0
90
1
-1
0
0
0
-0.068724378122836341
0
77
0
4
0.12260724810348894
754
757
-0.68727728842040769
0
32
0
7
0.72951680971300847
755
756
-0.76543837960904371
0
20
1
-1
0
0
0
-0.89504865103317521
0
8
1
-1
0
0
0
-0.67903153199295596
0
12
0
0
0.20586530089593119
758
759
-0.55700880310601453
0
12
1
-1
0
0
0
-0.4284039353164581
0
6
1
-1
0
0
0
-0.68561367089557079
0
6
0
0
-1.4665162762383683
761
764
-0.074179030394231946
0
95
0
5
-0.43318477256512533
762
763
0.39690614727246981
0
13
1
-1
0
0
0
0.70794809782248835
0
5
1
-1
0
0
0
0.20250492817870819
0
8
0
5
-0.7166829837569888
765
766
-0.14886326587797738
0
82
1
-1
0
0
0
0.13788733692674041
0
7
0
7
0.72430409452840383
767
770
-0.17562665547308434
0
75
0
7
0.69567345283607684
768
769
-0.28339021889683463
0
28
1
-1
0
0
0
-0.2065679618444011
0
19
1
-1
0
0
0
-0.44557053934086077
0
9
0
2
-1.1161324622443924
771
772
-0.11142708577382886
0
47
1
-1
0
0
0
-0.071592075231713626
0
35
1
-1
0
0
0
-0.22761253318833186
0
12
0
4
-0.045267499852901114
774
797
0.56122303247637795
0
690
0
0
1.184333328114807
775
790
0.44125490515667792
0
470
0
1
1.076653647286649
776
783
0.47931178496581694
0
444
0
5
-0.67487679593146055
777
780
0.53670274020236353
0
396
0
6
-0.74361134221865921
778
779
0.92348749712798417
0
65
1
-1
0
0
0
0.66833444237577655
0
50
1
-1
0
0
0
1.7739976796353409
0
15
0
6
-0.55457736293978899
781
782
0.46074802962784578
0
331
1
-1
0
0
0
0.14657835292888036
0
77
1
-1
0
0
0
0.5559884434302883
0
254
0
0
-1.3991217947717667
784
787
0.0058364042643078021
0
48
0
7
0.72548284921838979
785
786
0.61964172170145315
0
13
1
-1
0
0
0
0.28432701122479542
0
7
1
-1
0
0
0
1.0108422172575537
0
6
0
6
-0.91048271703035155
788
789
-0.22214842792663189
0
35
1
-1
0
0
0
-0.65390367424824714
0
5
1
-1
0
0
0
-0.15018922020636266
0
30
0
7
0.82478638321254427
791
796
-0.20863950389169833
0
26
0
5
-0.59082893915722146
792
793
-0.3250128717524331
0
17
1
-1
0
0
0
-0.12895278084583744
0
5
0
3
-0.13369357721926109
794
795
-0.40670457629684792
0
12
1
-1
0
0
0
-0.5951790089243193
0
7
1
-1
0
0
0
-0.142840370618388
0
5
1
-1
0
0
0
0.011176857623023003
0
9
0
5
-0.17799283438012997
798
803
0.81751857720482912
0
220
0
0
-0.076193084501345557
799
800
1.9414110312779072
0
18
1
-1
0
0
0
1.1741660594784864
0
6
0
3
0.034898851248347171
801
802
2.325033517177618
0
12
1
-1
0
0
0
2.1860838416314459
0
6
1
-1
0
0
0
2.4639831927237896
0
6
0
0
-1.2618367399323809
804
811
0.71736974466366399
0
202
0
1
0.90810980335890812
805
808
1.152952218729697
0
37
0
4
0.40001729259880014
806
807
1.8513661099308054
0
13
1
-1
0
0
0
1.480792468664925
0
5
1
-1
0
0
0
2.0829746357219801
0
8
0
0
-1.4565319086136879
809
810
0.77464469432909688
0
24
1
-1
0
0
0
1.1278740935699849
0
11
1
-1
0
0
0
0.47575827958680716
0
13
0
4
1.9347020451930326
812
815
0.6196936747215841
0
165
0
5
0.12989231970995826
813
814
0.56201050536003472
0
156
1
-1
0
0
0
0.84468494932181348
0
34
1
-1
0
0
0
0.48323238163298166
0
122
1
-1
0
0
0
1.6195352769884432
0
9
0
2
-0.1642323606692499
817
856
0.83823701313879395
0
914
0
1
1.0860171941715251
818
843
0.7061368816660083
0
673
0
0
-1.2169070856213118
819
828
0.76472043557114588
0
591
0
5
1.0609509610743268
820
825
1.3394022154240839
0
47
0
3
-0.45242439806545559
821
822
1.4744785416593811
0
37
1
-1
0
0
0
0.78018836390720203
0
7
0
2
-0.95748244531520221
823
824
1.6364795831348895
0
30
1
-1
0
0
0
1.2391194741438529
0
6
1
-1
0
0
0
1.7358196103826486
0
24
0
2
-0.87815743685060688
826
827
0.83961980835348293
0
10
1
-1
0
0
0
0.66767408748209178
0
5
1
-1
0
0
0
1.0115655292248742
0
5
0
7
1.2686792049126083
829
836
0.71506962003238161
0
544
0
4
-0.44650005347916666
830
833
0.60852316152478025
0
307
0
5
-0.75326339810432597
831
832
0.38368798581675095
0
81
1
-1
0
0
0
0.74847333851953413
0
18
1
-1
0
0
0
0.27946359933024156
0
63
0
5
-0.2450569273502482
834
835
0.68910568025199448
0
226
1
-1
0
0
0
1.1934871687495476
0
27
1
-1
0
0
0
0.620672010958357
0
199
0
0
1.1893255119271471
837
840
0.85308549666458899
0
237
0
1
-0.98800844082820016
838
839
0.89476965927435181
0
210
1
-1
0
0
0
1.2484541333393875
0
25
1
-1
0
0
0
0.84697446007637378
0
185
0
7
1.4234104038847715
841
842
0.5288753430331008
0
27
1
-1
0
0
0
0.3768592779012761
0
16
1
-1
0
0
0
0.7499896195884822
0
11
0
0
-1.3966257028655948
844
847
0.28390663339849226
0
82
0
0
-1.5139420224556126
845
846
0.87818680245100345
0
15
1
-1
0
0
0
0.61001889056698766
0
8
1
-1
0
0
0
1.1846644160327362
0
7
0
7
1.3896194361051724
848
855
0.15085883435688524
0
67
0
5
0.29102033528751503
849
852
0.065967323451005783
0
58
0
0
-0.84249329969572173
850
851
-0.0083635247668583032
0
44
1
-1
0
0
0
-0.059876487966745023
0
36
1
-1
0
0
0
0.22344480963263205
0
8
0
1
1.1281531551534592
853
854
0.29957856070715005
0
14
1
-1
0
0
0
0.5433801590177646
0
5
1
-1
0
0
0
0.16413322831236415
0
9
1
-1
0
0
0
0.69793746019477487
0
9
0
7
1.2885608673503723
857
872
1.2071307412764931
0
241
0
0
-1.3666725999915466
858
859
1.0328487173799183
0
152
1
-1
0
0
0
1.8636299199761031
0
9
0
4
-0.25124148138804636
860
865
0.98056178854519371
0
143
0
1
-0.88032765165214211
861
862
0.82765278252328389
0
89
1
-1
0
0
0
1.55268802493207
0
7
0
0
0.77996643931516862
863
864
0.76575953012253384
0
82
1
-1
0
0
0
0.84362577305103637
0
66
1
-1
0
0
0
0.44456127804245987
0
16
0
0
0.59525563825854544
866
869
1.2325784836553788
0
54
0
0
-1.1644891555917272
867
868
1.5087629424412026
0
34
1
-1
0
0
0
1.2406193947497695
0
19
1
-1
0
0
0
1.8484114361836839
0
15
0
5
-0.12399317510548932
870
871
0.76306490371947855
0
20
1
-1
0
0
0
1.420961549352121
0
6
1
-1
0
0
0
0.48110919844834621
0
14
0
1
-0.67432962018490028
873
886
1.5047809393919884
0
89
0
1
-0.82414637034289395
874
879
1.7265526387210162
0
50
0
7
1.4135088644888889
875
876
1.4442516160502621
0
20
1
-1
0
0
0
0.76701375307386732
0
8
0
0
0.82240000172006922
877
878
1.8957435247011916
0
12
1
-1
0
0
0
1.3554569709676563
0
5
1
-1
0
0
0
2.2816624916537172
0
7
0
2
0.39104269858291663
880
883
1.9147533205015186
0
30
0
5
-0.33563700097222604
881
882
1.7001415242826057
0
16
1
-1
0
0
0
1.3948382076798176
0
7
1
-1
0
0
0
1.9375996594181073
0
9
0
4
-0.2655286939800795
884
885
2.1600239447517042
0
14
1
-1
0
0
0
1.9703076888066253
0
7
1
-1
0
0
0
2.3497402006967838
0
7
0
0
-1.0671415712510772
887
892
1.2204582479445167
0
39
0
5
-0.84776280183494701
888
889
1.3770987543546682
0
30
1
-1
0
0
0
0.86907307166276715
0
6
0
2
0.39104269858291663
890
891
1.5041051750276431
0
24
1
-1
0
0
0
1.3837336468100998
0
18
1
-1
0
0
0
1.8652197596802738
0
6
1
-1
0
0
0
0.69832322657734569
0
9
0
7
0.89409715898372166
894
941
1.3152561973443155
0
393
0
6
-0.73448556390864472
895
902
1.0545737037745071
0
193
0
0
-1.3167507618681373
896
897
0.33969912558019366
0
32
1
-1
0
0
0
0.97260312458521858
0
9
0
0
0.62520874113259017
898
901
0.092041039013009945
0
23
0
7
0.68129264561824776
899
900
0.26290871056962978
0
15
1
-1
0
0
0
0.54676525902482387
0
6
1
-1
0
0
0
0.073671011599500347
0
9
1
-1
0
0
0
-0.22833584515565217
0
8
0
0
0.60524000588322591
903
926
1.196660576459091
0
161
0
0
0.48792368629320793
904
917
1.3781534041135026
0
95
0
0
-1.421586621927303
905
910
1.1185212164130902
0
67
0
5
-0.26116972890800388
906
909
1.5632587126830515
0
23
0
3
-0.053270432288091203
907
908
1.8455748959726401
0
15
1
-1
0
0
0
1.5879014692016773
0
9
1
-1
0
0
0
2.2320850361290847
0
6
1
-1
0
0
0
1.0339158690150727
0
8
0
1
1.0485630066320257
911
914
0.88604479790833857
0
44
0
4
0.042836977797970265
912
913
1.0915034479275549
0
31
1
-1
0
0
0
0.95234297091596909
0
26
1
-1
0
0
0
1.8151379283878004
0
5
0
1
1.076653647286649
915
916
0.39610494017020731
0
13
1
-1
0
0
0
0.57790383921796451
0
8
1
-1
0
0
0
0.10522670169379569
0
5
0
7
0.70185536632133694
918
921
1.9994161389680598
0
28
0
3
-0.47315671021485067
919
920
1.7168670285589374
0
12
1
-1
0
0
0
2.0059169569394912
0
5
1
-1
0
0
0
1.5104027940013984
0
7
0
3
-0.49434467757632039
922
923
2.2113279717749013
0
16
1
-1
0
0
0
1.8773728473551901
0
6
0
2
0.94631775783508321
924
925
2.4117010464267277
0
10
1
-1
0
0
0
2.3043317500233353
0
5
1
-1
0
0
0
2.51907034283012
0
5
0
1
-0.92012272591285948
927
928
0.9354209002898608
0
66
1
-1
0
0
0
1.9761367566209784
0
7
0
1
-0.7164655811668359
929
934
0.81194613767430446
0
59
0
0
0.62021655732025005
930
931
0.34428612897295008
0
27
1
-1
0
0
0
0.78276748772210425
0
5
0
1
-0.85223701099751725
932
933
0.2446312747117787
0
22
1
-1
0
0
0
0.63139275920130356
0
5
1
-1
0
0
0
0.13087789692074198
0
17
0
0
0.70009149831771111
935
938
1.2065342700160719
0
32
0
0
0.67513057925600295
936
937
0.97174082325947186
0
17
1
-1
0
0
0
1.1425573265065876
0
12
1
-1
0
0
0
0.56178121546639403
0
5
0
3
0.21556614283593278
939
940
1.4726335096735512
0
15
1
-1
0
0
0
1.2572890707629398
0
10
1
-1
0
0
0
1.9033223874947744
0
5
0
3
-1.0527501399737633
942
943
1.5668148036391838
0
200
1
-1
0
0
0
-0.18641268352976528
0
5
0
7
1.1976919780267843
944
971
1.6117693545922336
0
195
0
1
-0.69305671395465063
945
956
1.4620826078898335
0
116
0
2
1.7395678424810355
946
953
1.7287642307155693
0
52
0
7
0.97983191676870374
947
950
1.6057384628677913
0
40
0
7
0.93027183069195885
948
949
1.1344569557845672
0
12
1
-1
0
0
0
1.4109798442031003
0
6
1
-1
0
0
0
0.85793406736603395
0
6
0
1
-0.76328331559120954
951
952
1.8077162516177445
0
28
1
-1
0
0
0
1.5082340980628104
0
14
1
-1
0
0
0
2.1071984051726793
0
14
0
7
1.0350762199060477
954
955
2.1388501235414927
0
12
1
-1
0
0
0
2.3887573014985395
0
6
1
-1
0
0
0
1.8889429455844458
0
6
0
0
-1.354192140460694
957
964
1.2454037893439236
0
64
0
2
1.5015928170872499
958
961
1.8245120514842719
0
20
0
3
-0.25831527772166885
959
960
1.4925101225355142
0
10
1
-1
0
0
0
1.3561513504562841
0
5
1
-1
0
0
0
1.6288688946147445
0
5
0
0
-1.4365631733643236
962
963
2.1565139804330293
0
10
1
-1
0
0
0
1.9819626005305637
0
5
1
-1
0
0
0
2.3310653603354954
0
5
0
3
-0.13688316370378339
965
968
0.98217276109831109
0
44
0
7
1.1025533772705802
966
967
0.79618816714885354
0
29
1
-1
0
0
0
1.0283945876645273
0
18
1
-1
0
0
0
0.4162140244868418
0
11
0
4
0.074983206130044944
969
970
1.3417429760672628
0
15
1
-1
0
0
0
1.4437299634594305
0
10
1
-1
0
0
0
1.1377690012829269
0
5
0
1
1.0157905925349646
972
985
1.831562552281838
0
79
0
4
-0.5905627804488347
973
978
1.9506896771946935
0
63
0
5
-0.65876399437370481
974
977
1.5506155811502758
0
24
0
1
-0.74221533510024085
975
976
1.7858556198619926
0
16
1
-1
0
0
0
1.3833065483151104
0
7
1
-1
0
0
0
2.0989493421762337
0
9
1
-1
0
0
0
1.0801355037268423
0
8
0
0
0.66015402781898236
979
982
2.1968891209143346
0
39
0
6
-0.26646350486647652
980
981
2.3362491426593035
0
29
1
-1
0
0
0
2.2278336977099626
0
15
1
-1
0
0
0
2.4524085479621673
0
14
0
1
-0.7796695226397401
983
984
1.7927450578539237
0
10
1
-1
0
0
0
2.092370675171062
0
5
1
-1
0
0
0
1.4931194405367851
0
5
0
7
1.264173742541995
986
987
1.3624994979374709
0
16
1
-1
0
0
0
1.7064692743663141
0
5
0
1
1.0579265535169
988
989
1.2061495995607239
0
11
1
-1
0
0
0
1.0338435378183406
0
6
1
-1
0
0
0
1.4129168736515842
0
5
0
7
2.0615096093971967
991
1072
1.8583198662205254
0
1082
0
2
-0.1642323606692499
992
1041
1.4290903742069334
0
437
0
0
-1.206922717996628
993
1006
1.1616894505869777
0
263
0
7
1.7750460251819307
994
999
1.5523145423280604
0
44
0
7
1.6700320795785104
995
998
1.2733635426035432
0
21
0
1
1.0719718738442126
996
997
1.4847569415578077
0
12
1
-1
0
0
0
1.7087981735726356
0
7
1
-1
0
0
0
1.1710992167370482
0
5
1
-1
0
0
0
0.99150567733118988
0
9
0
0
-1.3491999566483539
1000
1001
1.8070089333808821
0
23
1
-1
0
0
0
2.0981641870357075
0
8
0
1
0.80042901418285006
1002
1003
1.6517261314316416
0
15
1
-1
0
0
0
2.0356034160270395
0
5
0
2
-0.79883242838601176
1004
1005
1.4597874891339422
0
10
1
-1
0
0
0
1.315009365755103
0
5
1
-1
0
0
0
1.6045656125127814
0
5
0
1
-0.51280843642081397
1007
1028
1.0832076969951618
0
219
0
0
0.66764230353749443
1008
1017
1.1705629170788789
0
160
0
1
-0.7164655811668359
1009
1012
1.5132068471720814
0
35
0
2
-0.64018241145682131
1010
1011
2.0699474255345574
0
11
1
-1
0
0
0
1.8503224264013438
0
6
1
-1
0
0
0
2.3334974244944133
0
5
0
7
1.853498698437666
1013
1016
1.2580340820892799
0
24
0
3
0.69947197805917594
1014
1015
1.1611124058564937
0
17
1
-1
0
0
0
1.3046928704954941
0
7
1
-1
0
0
0
1.0606060806091935
0
10
1
-1
0
0
0
1.4934152957974753
0
7
0
1
-1.2220971129500633
1018
1021
1.0746226166527819
0
125
0
1
-1.2735966208168752
1019
1020
1.4334536576008969
0
17
1
-1
0
0
0
0.93701617579305774
0
9
1
-1
0
0
0
1.9919458246347155
0
8
0
0
0.93472413749774685
1022
1025
1.0181399527998376
0
108
0
7
1.9028754226737465
1023
1024
1.1504293993056651
0
70
1
-1
0
0
0
1.0584205211687376
0
55
1
-1
0
0
0
1.4877952858077335
0
15
0
1
-0.87330499148848584
1026
1027
0.77444886713120764
0
38
1
-1
0
0
0
0.94535679217398394
0
25
1
-1
0
0
0
0.44577978051048406
0
13
0
0
-0.89491122972530635
1029
1036
0.84631218490372784
0
59
0
1
0.73956595943116388
1030
1031
1.1372950026015132
0
41
1
-1
0
0
0
1.7356022551364692
0
6
0
2
-0.4815323945276308
1032
1035
1.0347280450240923
0
35
0
3
1.2795210630301632
1033
1034
1.1078208928208277
0
29
1
-1
0
0
0
1.0205490638589927
0
20
1
-1
0
0
0
1.3017582905137943
0
9
1
-1
0
0
0
0.68144594733987107
0
6
0
2
-1.3144449834058807
1037
1038
0.18351798903654923
0
18
1
-1
0
0
0
0.62108556366698875
0
8
0
0
-0.12861101453093016
1039
1040
-0.16653607066780229
0
10
1
-1
0
0
0
0.019123645103982456
0
5
1
-1
0
0
0
-0.3521957864395871
0
5
0
4
-1.0763280085779634
1042
1043
1.8332653334715783
0
174
1
-1
0
0
0
0.46011248533984711
0
6
0
1
0.94322310417718591
1044
1063
1.8823065066191402
0
168
0
0
0.83238436934474969
1045
1060
1.999532029885827
0
129
0
7
1.6356648317282518
1046
1053
2.0884306295566191
0
112
0
5
-0.61129655194680299
1047
1050
1.8456342075539605
0
30
0
0
0.44299403198213894
1048
1049
2.1661109726384473
0
13
1
-1
0
0
0
2.4807640303656213
0
6
1
-1
0
0
0
1.8964083517294408
0
7
0
4
-0.23933547089468532
1051
1052
1.6005637401364117
0
17
1
-1
0
0
0
1.385989054076199
0
8
1
-1
0
0
0
1.7912967944121572
0
9
0
2
1.2239552874611666
1054
1057
2.1772585888258842
0
82
0
3
-0.62694034429003387
1055
1056
2.1093980438336106
0
66
1
-1
0
0
0
1.7241724794288729
0
5
1
-1
0
0
0
2.1409739097684248
0
61
0
0
0.60773609778939774
1058
1059
2.4571833369190106
0
16
1
-1
0
0
0
2.5357363185315411
0
10
1
-1
0
0
0
2.3262617008981272
0
6
0
1
-0.92714538607651398
1061
1062
1.4138471379370836
0
17
1
-1
0
0
0
1.9566950953553643
0
9
1
-1
0
0
0
0.80314318584151811
0
8
0
0
-1.3866413352409144
1064
1065
1.494560545044721
0
39
1
-1
0
0
0
2.3126628159308189
0
7
0
1
1.0228132526986209
1066
1067
1.3156006732883874
0
32
1
-1
0
0
0
0.90697461875035312
0
6
0
4
-0.63580562032360655
1068
1069
1.4098989935663957
0
26
1
-1
0
0
0
1.8260974686524132
0
7
0
3
0.31535463428027388
1070
1071
1.2565627132715467
0
19
1
-1
0
0
0
1.0455743428156088
0
11
1
-1
0
0
0
1.5466717226484614
0
8
0
6
-1.2324923231122891
1073
1078
2.1491311654607586
0
645
0
0
0.10602162464910572
1074
1077
0.71471982955606683
0
17
0
1
0.90576891663768833
1075
1076
1.1230300733248404
0
12
1
-1
0
0
0
1.6476504131581848
0
6
1
-1
0
0
0
0.59840973349149607
0
6
1
-1
0
0
0
-0.26522475548898949
0
5
0
7
2.569081378905171
1079
1122
2.1879607716874783
0
628
0
2
-0.0055823437400594686
1080
1105
1.8980701232827055
0
281
0
0
0.76998207169048816
1081
1096
1.6085200933056121
0
167
0
1
-0.65092075297271346
1082
1089
1.7856216638604796
0
97
0
1
-0.70242026083952336
1083
1086
2.157209227896018
0
30
0
7
2.4387634992900513
1084
1085
2.3489467894668015
0
15
1
-1
0
0
0
2.5229770954280104
0
10
1
-1
0
0
0
2.0008861775443854
0
5
0
0
0.47294713485618367
1087
1088
1.9654716663252334
0
15
1
-1
0
0
0
1.8215609386576053
0
10
1
-1
0
0
0
2.2532931216604908
0
5
0
0
-0.95232134356722753
1090
1093
1.6192391725012842
0
67
0
1
0.9619501979469347
1091
1092
1.7916151288310547
0
50
1
-1
0
0
0
1.9758578475263799
0
30
1
-1
0
0
0
1.5152510507880659
0
20
0
1
-0.33256015888697721
1094
1095
1.112251065649019
0
17
1
-1
0
0
0
1.575424458317396
0
8
1
-1
0
0
0
0.70054138327712812
0
9
0
4
-0.70724168328377246
1097
1098
1.3631079169652964
0
70
1
-1
0
0
0
0.89708935519697497
0
9
0
0
0.8848022993743343
1099
1102
1.4318647539475078
0
61
0
0
0.85235310459411751
1100
1101
1.6803416341543189
0
14
1
-1
0
0
0
1.3162245298602013
0
8
1
-1
0
0
0
2.1658311065464759
0
6
0
1
-0.98332666738576213
1103
1104
1.3578503640986703
0
47
1
-1
0
0
0
1.5964562520563099
0
14
1
-1
0
0
0
1.2566236237530053
0
33
0
1
1.0157905925349646
1106
1117
2.3222355180737186
0
114
0
0
0.82988827743858129
1107
1114
2.3979699626977924
0
93
0
7
2.0867873488602298
1108
1111
2.4419306457630658
0
82
0
3
-0.072863606407299719
1109
1110
2.2496970249770012
0
11
1
-1
0
0
0
1.9390864030565353
0
5
1
-1
0
0
0
2.5085392099107224
0
6
0
0
0.60024782207088556
1112
1113
2.4717133194059766
0
71
1
-1
0
0
0
2.4969405925239001
0
56
1
-1
0
0
0
2.3775314997657278
0
15
0
0
0.90477103462369857
1115
1116
2.0702630525748424
0
11
1
-1
0
0
0
1.712371500019648
0
5
1
-1
0
0
0
2.3685060130375049
0
6
0
0
-1.3217429456804775
1118
1121
1.9868401204528234
0
21
0
7
2.1800399421124563
1119
1120
2.1602995504567031
0
13
1
-1
0
0
0
1.8535041310831928
0
5
1
-1
0
0
0
2.3520466875651467
0
8
1
-1
0
0
0
1.7049685466965179
0
8
0
2
-0.71950741992141642
1123
1142
2.422713717513838
0
347
0
7
3.4849999675729655
1124
1131
2.2846334803638575
0
102
0
5
-0.75456984147387374
1125
1126
2.1518927352854624
0
58
1
-1
0
0
0
2.4649951061660706
0
8
0
5
-0.680538050532834
1127
1128
2.1017963559445643
0
50
1
-1
0
0
0
1.6182796074131751
0
5
0
1
1.0064270456500901
1129
1130
2.1555204391147185
0
45
1
-1
0
0
0
2.2055979305353879
0
40
1
-1
0
0
0
1.7549005077493625
0
5
0
2
-1.0368074537797973
1132
1137
2.4596099170581058
0
44
0
3
-0.75315683803470279
1133
1134
2.5118505320971165
0
27
1
-1
0
0
0
2.3963370322664828
0
5
0
0
0.8848022993743343
1135
1136
2.5381036002404418
0
22
1
-1
0
0
0
2.542680981392178
0
17
1
-1
0
0
0
2.5225405043245357
0
5
0
7
4.0747178416986314
1138
1141
2.3766395284667339
0
17
0
3
0.38324726087939176
1139
1140
2.3308916208009447
0
12
1
-1
0
0
0
2.229089284621006
0
7
1
-1
0
0
0
2.4734148914528595
0
5
1
-1
0
0
0
2.4864345068646259
0
5
0
3
-0.8030510837568734
1143
1148
2.4802001835925944
0
245
0
3
-0.94453202710604189
1144
1147
2.2017377592281928
0
15
0
0
-1.1919461665596036
1145
1146
2.3854022912693207
0
10
1
-1
0
0
0
2.5426809813921771
0
5
1
-1
0
0
0
2.2281236011464647
0
5
1
-1
0
0
0
1.8344086951459357
0
5
0
7
3.0004532063427169
1149
1154
2.498360776485923
0
230
0
7
2.9610304105998519
1150
1153
2.3995393703739278
0
57
0
7
2.5985764407034875
1151
1152
2.4421949219715828
0
52
1
-1
0
0
0
2.2037940318210034
0
7
1
-1
0
0
0
2.4792795048838951
0
45
1
-1
0
0
0
1.9559216337583099
0
5
0
1
1.0532447800744622
1155
1158
2.5309204305228237
0
173
0
0
0.84985701268794567
1156
1157
2.5358919752669005
0
168
1
-1
0
0
0
2.5426009792816799
0
152
1
-1
0
0
0
2.4721564371265181
0
16
1
-1
0
0
0
2.3638765271218674
0
5
