MLCPP_ARCHIVE_V1
"LinearSVM"
10
0.01
800
30
0.19710408422745807
0.18308593672025369
0.19349622596137439
0.19480270840077984
0.051017573263098852
-0.0079045399378678861
0.20230289377143504
0.2127917055515802
0.088781579614541209
-0.10558490240279256
0.210309198414244
-0.001588496740617116
0.18175569069386666
0.19325103949798145
0.093242668482339766
-0.065464758691671107
-0.044063647135468405
0.0066874157229085268
-0.010943026334718086
-0.051995039878078318
0.24727392406264137
0.25551122803224546
0.24300816169704137
0.23576064824166121
0.15606379674385737
0.05361000546865563
0.1518649165636253
0.18264524546040498
0.21056340165673984
0.088871211020493779
-0.23851501968513661
