MLCPP_ARCHIVE_V1
"LOF_V1"
20
1.1773717428508241
206
4
0.40763460578312616
-1.2297906063786945
1.4484507689324722
1.4269217170934438
4
-0.077341581888695263
-1.6008636455915177
1.3770848616375455
0.65717802158771677
4
-0.84971106595863177
0.73159545803193982
-0.76389235721025961
0.079870249958421416
4
-0.616204012635163
0.89062676055171941
-1.4775514301595278
-0.30500159779444214
4
0.67706582115636005
-1.1767801722054345
1.091621232457838
0.72132332954652734
4
1.1440799278032976
1.4737415364575843
-0.26433100614577176
-1.1388906012589799
4
1.1081557657535339
0.36052241881911568
-0.76389235721025961
-1.0105999853413588
4
-0.3108486352121641
0.67858502385867869
-1.4775514301595278
-0.81816406146492682
4
-0.88563522800839678
-0.063561054566965827
-0.69252644991533274
-1.4596171410530328
4
1.3237007380521202
-1.6008636455915177
1.2343530470476918
1.4269217170934438
4
0.28190003860894985
-1.8659158164578196
0.94888941786798442
0.59303271362890619
4
-1.1909906054313957
0.30751198464585644
-0.69252644991533274
-1.0747452933001693
4
-0.5982419316102805
0.73159545803193982
-1.2634537082747475
-0.81816406146492682
4
-0.34677279726192911
1.2086893655912825
-0.050233284260991266
-0.17671098187682094
4
-1.4244976587548646
0.30751198464585644
-0.40706282073562544
-0.94645467738254807
4
0.29986211963383236
1.6327728389773657
-0.69252644991533274
0.52888740567009551
4
0.22801379553430359
0.30751198464585644
-0.19296509885084492
-0.30500159779444214
4
-1.7657771982276271
0.46654328716563792
-0.54979463532547912
-0.91438202340314279
4
2.1499564651967042
-0.11657148874022695
1.94801211999696
1.8117935648463075
4
0.65910374013147754
-1.4418323430717364
1.0202553251629112
1.555212333011065
4
0.21005171450942109
-1.4948427772449964
0.66342578868827706
0.27230617383485317
4
-0.077341581888695263
-1.070759303858914
0.87752351057305755
0.59303271362890619
4
0.64114165910659493
-1.7068845139380382
0.8061576032781308
0.88168659944355376
4
-0.65212817468492801
0.67858502385867869
-0.33569691344069857
0.2081608658760426
4
1.4853594672760615
-0.063561054566965827
1.94801211999696
1.555212333011065
4
-1.1371043623567481
1.102668497244762
-1.4061855228646012
-1.1388906012589799
4
-0.5084315264858692
0.1484806821260749
-0.76389235721025961
-0.36914690575325271
4
-1.1550664433816307
0.67858502385867869
-0.1215991915559181
0.36852413577306908
4
1.2338903329277089
-0.80570713299261221
1.8052803054071065
1.2986311011758227
4
0.44355876783288989
0.73159545803193982
-0.76389235721025961
-0.94645467738254807
4
-0.5263936075107517
1.4737415364575843
0.16386443762378924
0.68925067556712205
4
1.1800040898530626
-1.070759303858914
1.091621232457838
1.0420498693405802
4
1.1800040898530626
0.62557458968541757
-0.050233284260991266
-1.0105999853413588
4
-1.2987630915806883
0.83761632637846017
-0.9779900790950401
-0.49743752167087391
4
-1.4244976587548646
-0.063561054566965827
-0.9779900790950401
-0.6257281375884951
4
0.80280038833053502
-0.48764452795304919
1.3770848616375455
1.555212333011065
4
0.98242119857935761
-0.75269669881935108
1.091621232457838
0.94583190740236445
4
1.1800040898530626
-0.69968626464609085
1.519816676227399
1.7476482568874967
4
-1.1371043623567481
-0.11657148874022695
-1.1207218936848937
-0.75401875350611625
4
0.53336917295730124
-0.32861322543326771
-0.62116054262040599
-1.908634296764707
4
-0.67009025570980918
1.5267519706308454
-0.050233284260991266
-0.27292894381503685
4
-0.75990066083422048
0.36052241881911568
-0.54979463532547912
0.079870249958421416
4
1.8446010877737067
1.8978250098436675
0.021132623033935569
0.144015557917232
4
-1.244876848506042
-0.16958192291348809
-1.1207218936848937
-1.5237624490118433
4
0.47948292988265495
-1.6008636455915177
0.66342578868827706
0.84961394546414848
4
0.49744501090753745
0.36052241881911568
-0.40706282073562544
-1.1388906012589799
4
0.91057287447982882
1.2616997997645436
0.8061576032781308
0.144015557917232
4
-0.77786274185910298
0.25450155047259526
-1.0493559863899669
-0.8823093694237375
4
-0.84971106595863177
2.0568563123634491
-0.33569691344069857
-0.048420365959199768
4
-1.6759667931032158
-0.01055062039370658
-0.83525826450518648
-1.267181217176601
4
2.1319943841718216
1.3677206681110639
0.44932806680349657
-0.24085628983563154
4
0.084317147335244785
0.042459813779554545
1.3057189543426186
1.3627764091346333
4
-1.208952686456277
0.46654328716563792
-1.6202832447493816
-0.36914690575325271
4
-0.77786274185910298
1.8448145756704064
-0.69252644991533274
-0.36914690575325271
4
0.82076246935541752
0.1484806821260749
-0.69252644991533274
-1.0105999853413588
4
1.3596249001018852
-0.48764452795304919
2.090743934586814
1.6835029489286861
4
0.33578628168359609
-1.6008636455915177
1.3057189543426186
0.65717802158771677
4
0.85668663140518253
-0.80570713299261221
0.52069397409842344
1.4910670250522544
4
0.44355876783288989
-1.1767801722054345
1.091621232457838
0.65717802158771677
4
1.1261178467784163
0.78460589220519905
-0.19296509885084492
-0.52951017565027925
4
-1.6041184690036872
0.36052241881911568
-0.76389235721025961
-0.94645467738254807
4
-1.4783839018295108
-0.16958192291348809
-1.1207218936848937
-1.3313265251354116
4
1.00038327960424
-0.5936653962995696
1.6625484908172528
1.8759388728051181
4
-1.1191422813318657
-0.64667583047283073
-1.2634537082747475
-1.4275444870736276
4
-0.79582482288398548
0.30751198464585644
-0.90662417180011323
-1.1388906012589799
4
2.8145534631173481
-0.11657148874022695
2.090743934586814
2.3891013364756026
4
1.00038327960424
-0.54065496212631037
2.0193780272918871
2.0683747966815496
4
-1.4244976587548646
0.36052241881911568
-0.76389235721025961
-0.94645467738254807
4
-0.13122782496334154
-0.32861322543326771
-0.9779900790950401
-1.6520530649294645
4
-0.20307614906287158
-1.6008636455915177
0.5920598813933502
0.65717802158771677
4
1.3955490621516502
1.6327728389773657
-0.47842872803055225
-0.52951017565027925
4
-1.442459739779747
-0.32861322543326771
-0.76389235721025961
-1.4596171410530328
4
1.2338903329277089
0.042459813779554545
1.94801211999696
1.8117935648463075
4
-1.3885734967050996
-0.01055062039370658
-0.9779900790950401
-1.3313265251354116
4
0.96445911755447511
1.4207311022843232
0.16386443762378924
-0.17671098187682094
4
2.0062598169976469
-0.64667583047283073
2.090743934586814
2.1325201046403603
4
1.1979661708779452
1.1556789314180214
-0.54979463532547912
-0.49743752167087391
4
-0.34677279726192911
-1.97193668480434
0.66342578868827706
-0.048420365959199768
4
-1.244876848506042
-0.38162365960652883
-1.1207218936848937
-1.0105999853413588
4
0.28190003860894985
-1.7598949481112984
0.66342578868827706
0.015724941999610824
4
-1.3167251726055706
0.30751198464585644
-1.1207218936848937
-0.6257281375884951
4
0.55133125398218374
0.042459813779554545
-1.1207218936848937
-0.6257281375884951
4
0.19208963348453859
-0.96473843551239269
1.3770848616375455
1.106195177299391
4
1.1261178467784163
0.83761632637846017
0.092498530328862405
-0.49743752167087391
4
0.40763460578312616
-1.4948427772449964
0.94888941786798442
0.59303271362890619
4
-0.29288655418728288
2.1098667465367082
-0.69252644991533274
-0.048420365959199768
4
-0.8317489849337506
1.7918041414971473
-0.76389235721025961
-0.68987344554730567
4
-1.3526493346553357
-0.11657148874022695
-0.40706282073562544
-1.1068179472795745
4
1.0901936847286513
-1.0177488696856529
1.3770848616375455
1.7476482568874967
4
-1.8735496843769208
0.94363719472498053
-0.76389235721025961
-0.75401875350611625
4
0.21005171450942109
-1.4418323430717364
0.44932806680349657
1.106195177299391
4
-0.059379500863812759
-1.7598949481112984
1.1629871397527649
0.91375925342295916
4
-0.34677279726192911
1.5797624048041046
-0.76389235721025961
0.079870249958421416
4
1.1261178467784163
-1.5478532114182566
1.2343530470476918
1.9400841807639286
4
0.64114165910659493
-0.22259235708674732
-0.1215991915559181
-0.36914690575325271
4
-0.88563522800839678
0.1484806821260749
-1.0493559863899669
-0.81816406146492682
4
1.1081557657535339
-1.1767801722054345
1.7339143981121796
1.0420498693405802
4
-0.14918990598822404
1.0496580630715009
-0.26433100614577176
-0.8823093694237375
4
0.65910374013147754
0.57256415551215833
-0.40706282073562544
-0.43329221371206333
4
0.40763460578312616
0.1484806821260749
-0.9779900790950401
-0.68987344554730567
4
-0.75990066083422048
0.62557458968541757
-0.76389235721025961
-0.36914690575325271
4
-0.95748355210792557
2.1098667465367082
-0.69252644991533274
-0.49743752167087391
4
0.28190003860894985
-1.1767801722054345
1.3770848616375455
1.0420498693405802
4
-0.616204012635163
0.36052241881911568
-0.9779900790950401
-1.267181217176601
4
0.10227922836012729
-0.80570713299261221
1.1629871397527649
0.88168659944355376
4
0.91057287447982882
1.2086893655912825
0.66342578868827706
-0.30500159779444214
4
-1.5143080638792759
-0.54065496212631037
-0.40706282073562544
-1.0747452933001693
4
-0.3108486352121641
1.2086893655912825
-0.26433100614577176
0.11194290393782672
4
-0.1132657439384603
-1.7068845139380382
0.52069397409842344
0.49681475169069028
4
-1.0472939572323368
-0.38162365960652883
-0.19296509885084492
-0.46536486769146862
4
0.51540709193241863
-1.5478532114182566
1.0202553251629112
0.84961394546414848
4
0.31782420065871486
-1.7598949481112984
0.94888941786798442
0.27230617383485317
4
0.28190003860894985
-1.4418323430717364
0.8061576032781308
0.72132332954652734
4
-0.67009025570980918
-0.063561054566965827
-0.54979463532547912
-1.0105999853413588
4
0.084317147335244785
0.1484806821260749
-0.26433100614577176
-0.17671098187682094
4
-0.79582482288398548
0.095470247952813794
-1.0493559863899669
-0.49743752167087391
4
1.4494353052262965
0.46654328716563792
0.021132623033935569
-0.17671098187682094
4
-0.4186211213614579
0.4135328529923768
-0.62116054262040599
-0.30500159779444214
4
-0.13122782496334154
-1.4418323430717364
0.52069397409842344
0.3364514817936638
4
0.44355876783288989
0.30751198464585644
-0.69252644991533274
-0.6257281375884951
4
-0.54435568853563421
-1.8659158164578196
0.94888941786798442
0.59303271362890619
4
-1.083218119282102
0.73159545803193982
-2.0484786885189425
-1.3313265251354116
4
-0.7419385798093393
0.99664762889824166
-1.1920878009798206
0.59303271362890619
4
1.2698144949774739
0.83761632637846017
0.16386443762378924
-0.11256567391801035
4
0.40763460578312616
-1.653874079764778
1.1629871397527649
0.24023351985544789
4
0.80280038833053502
-1.3888219088984761
0.87752351057305755
2.1325201046403603
4
-1.280801010555807
0.67858502385867869
-0.54979463532547912
-0.8823093694237375
4
-1.0472939572323368
0.20149111629933605
-0.9779900790950401
-0.97852733136195336
4
1.0901936847286513
-0.69968626464609085
1.6625484908172528
1.4910670250522544
4
0.26393795758406735
-1.3888219088984761
0.73479169598320393
0.78546863750533791
4
1.5392457103507078
-0.85871756716587233
1.4484507689324722
1.6193576409698756
4
-0.43658320238634041
0.67858502385867869
0.021132623033935569
-0.24085628983563154
4
-1.4963459828543932
0.1484806821260749
-0.69252644991533274
-1.2992538711560062
4
0.10227922836012729
-1.5478532114182566
1.091621232457838
-0.11256567391801035
4
-1.5502322259290409
0.89062676055171941
-0.9779900790950401
-0.49743752167087391
4
-1.0113697951825731
1.0496580630715009
-0.83525826450518648
-0.30500159779444214
4
-0.5084315264858692
0.5195537213388971
-0.62116054262040599
-0.17671098187682094
4
0.28190003860894985
-0.11657148874022695
-0.33569691344069857
-0.8823093694237375
4
-0.54435568853563421
-0.32861322543326771
-0.9779900790950401
-1.267181217176601
4
0.35374836270847865
-0.063561054566965827
-0.76389235721025961
-0.78609140748552153
4
-0.5084315264858692
0.20149111629933605
-1.3348196155696743
-1.267181217176601
4
1.0722316037037689
-0.5936653962995696
0.87752351057305755
1.555212333011065
4
-0.20307614906287158
0.67858502385867869
-0.40706282073562544
0.079870249958421416
4
1.4494353052262965
0.94363719472498053
-0.26433100614577176
-0.048420365959199768
4
-1.0472939572323368
0.73159545803193982
-0.76389235721025961
-0.6257281375884951
4
-0.90359730903327928
0.30751198464585644
-1.4061855228646012
-0.72194609952671096
4
-0.4006590403365754
-1.3358114747252159
0.66342578868827706
0.65717802158771677
4
0.60521749705682992
-1.0177488696856529
1.519816676227399
1.3627764091346333
4
-0.38269695931169412
1.1556789314180214
-0.19296509885084492
0.3364514817936638
4
-1.208952686456277
1.1556789314180214
-1.1920878009798206
-0.36914690575325271
4
-1.7837392792525095
-0.063561054566965827
-1.1207218936848937
-1.0105999853413588
4
-0.13122782496334154
0.67858502385867869
-0.62116054262040599
-0.11256567391801035
4
-0.86767314698351428
0.78460589220519905
-1.4061855228646012
-0.56158282962968453
4
-1.1011802003069844
0.042459813779554545
-1.4775514301595278
-0.6257281375884951
4
-1.0293318762074544
0.46654328716563792
-1.1207218936848937
-0.30500159779444214
4
1.0183453606291226
-1.1767801722054345
1.091621232457838
0.72132332954652734
4
-1.1011802003069844
-0.063561054566965827
-1.0493559863899669
-1.1388906012589799
4
0.012468823235716011
-1.9189262506310798
0.52069397409842344
0.2081608658760426
4
0.31782420065871486
0.042459813779554545
-0.54979463532547912
-0.75401875350611625
4
1.2338903329277089
0.94363719472498053
0.66342578868827706
-0.11256567391801035
4
-1.3526493346553357
-0.063561054566965827
-1.1920878009798206
-1.7161983728882753
4
1.0901936847286513
1.2086893655912825
-0.33569691344069857
-0.36914690575325271
4
0.21005171450942109
-1.4418323430717364
1.0202553251629112
1.0420498693405802
4
-1.6939288741280984
0.46654328716563792
-0.9779900790950401
-1.6520530649294645
4
-0.68805233673469168
0.89062676055171941
-0.90662417180011323
0.144015557917232
4
-0.13122782496334154
0.94363719472498053
-0.26433100614577176
0.75339598352593262
4
1.5931319534253541
1.4737415364575843
0.30659625221364289
0.46474209771128494
4
-0.88563522800839678
0.78460589220519905
-1.1207218936848937
-0.68987344554730567
4
1.0183453606291226
-0.64667583047283073
1.7339143981121796
1.9400841807639286
4
-0.95748355210792557
-0.01055062039370658
-0.1215991915559181
-0.56158282962968453
4
0.74891414525588873
-0.43463409377978995
-0.1215991915559181
-1.1068179472795745
4
-1.5861563879788045
1.1556789314180214
-0.54979463532547912
0.015724941999610824
4
1.2159282519028276
-1.1767801722054345
1.5911825835223259
1.7476482568874967
4
-1.3346872536304533
0.4135328529923768
-1.3348196155696743
-1.3313265251354116
4
-0.65212817468492801
0.4135328529923768
-0.40706282073562544
-1.2030359092177905
4
-0.93952147108304307
0.94363719472498053
-0.40706282073562544
-0.94645467738254807
4
-0.18511406803798908
0.20149111629933605
-0.33569691344069857
0.65717802158771677
4
-0.84971106595863177
1.2616997997645436
-0.40706282073562544
0.62510536760831148
4
-1.1371043623567481
0.99664762889824166
-0.47842872803055225
-0.56158282962968453
4
1.0542695226788863
0.042459813779554545
-0.19296509885084492
-0.65780079156790039
4
0.33578628168359609
0.89062676055171941
-0.26433100614577176
-0.048420365959199768
4
1.0542695226788863
-0.22259235708674732
2.090743934586814
1.9400841807639286
4
0.92853495550471132
-1.1767801722054345
1.94801211999696
1.6835029489286861
4
1.0901936847286513
-1.070759303858914
1.2343530470476918
1.9400841807639286
4
-0.92155939005816179
0.20149111629933605
-0.69252644991533274
-1.1709632552383851
4
1.2159282519028276
1.3147102339378027
0.16386443762378924
-0.17671098187682094
4
0.51540709193241863
-0.5936653962995696
1.0202553251629112
1.6835029489286861
4
-0.54435568853563421
-0.22259235708674732
-0.69252644991533274
-0.6257281375884951
4
-1.7118909551529808
0.62557458968541757
-1.1920878009798206
-1.1068179472795745
4
0.26393795758406735
0.78460589220519905
-0.90662417180011323
-0.85023671544433221
4
1.4314732242014141
1.2086893655912825
0.37796215950856976
-0.30500159779444214
4
2.527160166719232
0.30751198464585644
-1.4061855228646012
-0.6257281375884951
4
1.0542695226788863
-0.69968626464609085
2.0193780272918871
2.2608107205579815
4
0.47948292988265495
0.30751198464585644
-0.54979463532547912
-0.49743752167087391
4
0.83872455038030003
-0.64667583047283073
2.090743934586814
2.0683747966815496
4
1.7188665205995304
1.4207311022843232
0.30659625221364289
0.40059678975247437
4
0.22801379553430359
-0.32861322543326771
-0.69252644991533274
-1.2030359092177905
4
-1.1011802003069844
0.46654328716563792
-0.54979463532547912
-0.56158282962968453
4
-0.77786274185910298
0.46654328716563792
-1.0493559863899669
0.3364514817936638
4
0.31782420065871486
-0.11657148874022695
-0.40706282073562544
-0.68987344554730567
4
1.3416628190770028
0.94363719472498053
0.021132623033935569
-0.30500159779444214
4
0.40763460578312616
-1.4418323430717364
0.5920598813933502
0.78546863750533791
4
0.60521749705682992
-1.8129053822845584
1.091621232457838
0.68925067556712205
4
0.38967252475824365
-2.1309679873241216
0.73479169598320393
0.40059678975247437
4
-0.5084315264858692
0.46654328716563792
0.30659625221364289
0.144015557917232
4
0.10227922836012729
-1.3358114747252159
0.94888941786798442
0.84961394546414848
206
0.91866097480833842
0.84206210101211909
0.84001146703074769
1.0000314734118942
0.79073796433150068
1.4355000282682731
1.1365221077668222
1.0361184111772181
0.8136998102295997
1.0565154819276963
0.65269761091410661
0.63812617713919162
0.87150669379598
1.0274768608989591
0.83174603985368545
1.4518693849203139
0.98169568356658576
0.87973676714695603
1.6127272755015403
0.90788553169834663
0.74609891699201902
0.81558315723973496
0.78860381366786958
0.90459656260456534
1.3002741960658457
1.0205895149987514
0.84897796771332046
1.1344588489383058
0.99134060991537343
1.0454343747566948
1.4309449860612475
0.91373076136153519
1.1507527891564699
0.81723271280824528
0.76501652082671734
0.91276148803066171
0.9574826092299773
0.86090097427834633
0.7790573609644228
1.5281412947192157
1.1444452666659908
0.90110882963604089
1.7646265170189115
0.83521075473775863
0.75454611420484874
0.99612181212562145
1.5556346325430279
0.68942395317601524
1.4348802841916872
0.74161626227615374
1.5175606394880183
1.4786407127769887
0.99972030135650969
1.2046279443874388
1.0591374890270164
1.100842996293014
0.79499277257676038
1.1451699846356205
0.72410685216412551
0.97587137090813791
0.74203386086371492
0.76048186135329632
0.85105341466418916
1.0788780586108011
0.72249295267021763
2.3215352198161296
1.1765987089242198
0.67486561357610964
1.2080691698736625
0.81320729483147225
1.3968404318649994
0.88225847934309554
1.3362908684544492
0.70330611298597878
1.0974611332461146
1.52190639896654
1.1512378348519632
1.2223985081353539
0.79258845376889286
0.96030486318220454
0.70275195775855792
1.1521713509808866
0.89565765158246258
1.0710171582184282
0.69846069221351625
1.4678491898889923
1.2116596314655221
0.78790510065070596
0.80672795547532228
1.0622191475140679
0.92142372387906124
0.81343863505621083
1.097696099834631
1.1811493451938604
1.1922838050365769
0.65824188797642214
1.0220300198719126
1.0842629566030784
0.85718076375732555
1.0158715045112909
0.72873905902636438
1.4396506868762737
0.87253886317429097
0.87318179499568871
0.96831636689077705
1.2964882327628646
0.98224706448527799
1.0078797064183769
0.76947843471729793
1.1362701324750872
0.72008332805780539
0.72410685216412551
0.61805699388177104
0.85516824170982186
0.95130900229357473
0.75222335389503392
1.2105674399952953
0.85734583528092689
0.8701337967322107
0.92873741816964717
1.0217537476847156
1.2914620685838512
1.2116882506740461
1.0593926279580705
0.81743560355314127
1.2590588214671266
0.76728096031848148
0.63421092467602347
0.82057019794801966
0.66486028574834521
0.96898921494187806
0.95680422000062126
0.72227788047803165
0.99555195190924584
0.9002498104069141
0.85805819681053142
0.87108027528406951
1.0536256182662804
0.94311203267454735
0.92881177484909228
0.92813122564747086
1.0903356231028496
0.92396740447618997
1.1345448300714118
0.72580410783185023
0.7756555994997173
0.95153985444631706
0.82915133105500294
1.03573706589531
0.95323501985228731
0.8409612446875212
0.89053044266450221
0.85409632533103053
0.90135494293402951
0.71859535547535369
0.94856268005958422
0.64567279608916783
0.96998078950674738
0.92219177378718475
1.3273343406172793
0.9854164156731281
1.1465265794257193
0.66504051325068192
1.0260946836739113
0.88934508936946344
1.1465407581211069
1.6432281072994475
0.72463682115247563
0.94193711296279548
0.97827385518978616
1.3478045103222771
1.1714395156150019
0.88074985232567382
0.78641616323572106
0.91973988144742336
0.95461890645173664
1.2537357656210779
1.1896268701675932
0.89766391903480258
1.0504009549838786
1.0308660281328186
1.2219508168355657
1.0062255548979335
0.91416840667294974
0.73937476673672065
1.0743865693213637
1.0774160256451371
0.91549798495309109
0.91366738066901276
1.0646278647440106
1.1228352242608308
2.2232512005284621
1.2015319738602024
0.87983594244212127
1.1692960357960553
1.7404508309086448
1.1283686223602576
0.7084651959289473
1.0533263205644385
1.008626045250721
1.0473346961365135
0.74580217979862529
0.78390935190916022
0.89229903371493302
1.2047182379522607
0.62844759200298805
206
1.1266542957409731
1.261138393162643
1.10187098919842
1.0976482111577666
1.2666415839068452
0.8286232314479367
0.95861687075514468
1.0716621982729473
1.2582185265139596
1.0043593613974413
1.2988692351378237
1.3503799142574959
1.208932835945173
0.94307938503202282
1.276953273923725
0.78306224953574577
1.0349490534901173
1.2167788884411803
0.71574697710309265
1.082091446021767
1.261326521937016
1.2735637293291489
1.3064320534463973
1.0152281255880014
0.87002305095439381
1.0485062735043411
1.2021364227039184
0.94390694156099986
1.0146125962302077
0.97918535038293986
0.80726526280822597
1.0796253644690319
0.90500872798175824
1.1809338438662722
1.3410000813112428
1.0366484334230059
1.0690414169370823
0.97095804370210004
1.3376154222908163
0.75772515639607085
0.87406255594666538
1.0883544075132985
0.722218213679506
1.2228071353100363
1.3372691087201238
0.9619000361814235
0.74671644100438228
1.2978027040180722
0.79166241174688812
1.2484513460840363
0.74298032099081357
0.7764442055600389
1.1466897105572367
0.86462838527146646
0.93558903672228644
0.91548614728060707
1.3362535219443561
0.95895300371052361
1.2951822973730982
0.89459806058082636
1.2868168028722737
1.2404577391038856
0.97049407148713029
1.068573575955327
1.2982164728803425
0.51862703038246005
0.94546732241697262
1.3449276047511267
0.90809161848502973
1.233251838694444
0.78156090977667447
1.1934880094500806
0.86146769300003834
1.2861106460414931
0.79107213037121871
0.7803337579666122
0.8930338801727784
1.0050593630797866
1.2249604033485508
1.1595315962565036
1.3165408329341237
0.96266260535008252
1.1802708438591756
0.86297946120540681
1.3348542063931941
0.76225054962647043
0.87271518663395409
1.2449956998684153
1.030681813280689
1.0772876191413869
1.2668826886658771
1.2950324635805937
0.8744646381513318
0.97590382340886772
0.95269768162858659
1.3085223270734476
1.0669507501229407
0.97886891443364077
0.96343441063893887
0.98470857349416474
1.2231088342303731
0.77257328925272573
1.2342291049922942
1.2442485228553803
1.1780288957424403
0.79728115636011465
1.1073585934313759
0.94990534668426141
1.2067807683866374
0.99560162018731613
1.3114899269061613
1.2646017248966552
1.3319457933905166
1.2346614602485826
1.0225892256133362
1.3040407794141886
0.85188139827889231
1.1495418622363023
1.1850135459599522
0.98797221134888391
1.0696966297943851
0.87398707996218694
0.92737106015634307
0.82377981440058379
1.2594288664650006
0.91310004093320829
1.2597534786436602
1.3405517225398822
1.0041900995407644
1.3232020394592638
0.98486742785793091
1.0156609171181645
1.2725548581250574
1.1099809369935525
1.1647570575301274
1.1214755369186553
1.1543843116137298
0.97274061117544464
1.1498657913215016
0.96574385401783758
1.1750416252311029
1.0220447050362171
1.0280548495445749
0.80406498139265059
1.2858975215772952
1.242301328268032
1.1655345452616732
1.0922460595180952
0.93070386917619075
1.0972314862829695
1.2632879688687004
1.0801526999450652
1.1848931246259471
1.2531454023242961
1.2126918038657573
1.1632495046386415
1.3099983858401343
1.1393897776392949
0.96614817656367824
0.78294522558464041
1.1640857316615072
0.87791903061118981
1.2949450618003846
1.1543456459773842
1.062285729219302
0.89147862328357375
0.74538866699696082
1.2361728270477581
0.97479301054870471
1.1016278150655525
0.87615322750255864
0.96700864307973289
1.0186718933738323
1.2660386645004849
1.1872069386404149
1.165878464161151
0.93591054774258375
0.90649768380125539
1.1359190560322294
0.96012690204438023
0.99913414767889253
0.88892394576431921
1.0087291938377039
1.0298486038091539
1.3236259857975701
0.77613119571441225
1.0145611673655017
1.1641131697251872
1.1879917366811401
0.99895485957298913
0.77529125706630142
0.49788166202447576
0.93419654675241748
0.98804382076352082
0.94050085039810116
0.74564551601576645
0.92719098136908074
1.3074495963743966
1.0533089159394258
0.98001897327846343
0.81636923344812651
1.3382781764918228
1.3187816454449051
1.208116139645707
0.93925187265291687
1.2720095045132906
