MLCPP_ARCHIVE_V1
"QDA_V1"
0.01
1
2
0
1
2
0.63009404388714729
0.36990595611285265
2
-71.212319334673737
-58.186741711670898
2
30
-0.57026025915718648
-0.28601436892587645
-0.58036780042838909
-0.56237006512627297
-0.2781344026686059
-0.4634781079755993
-0.54550662074793976
-0.60650274901663082
-0.24704157812113836
-0.0069370855566421611
-0.50349389485834029
-0.0024672043854848686
-0.48758311166179302
-0.51719102217155533
0.050179417749032874
-0.24185892742834847
-0.21719011114553294
-0.3191743946413908
-0.019825740006665725
-0.11967464582613339
-0.61009474428439148
-0.33553678317288554
-0.61459969128799785
-0.58186135892394386
-0.31254440076672257
-0.4581462053507786
-0.50864811998980541
-0.62014759663695074
-0.3232175000653838
-0.25986011191842323
30
0.97137552619149381
0.48719396740763604
0.98859260920429448
0.95793544991848389
0.47377131302025605
0.78948389578894074
0.92921043025708183
1.0331106148503639
0.420808111884306
0.011816560990539118
0.85764638022480055
0.0042026108600198443
0.83054411393237715
0.88097792759731197
-0.085475109894540727
0.41198003739913236
0.36995942661230785
0.54367841799084193
0.033770963909655963
0.20385257466994239
1.0392291830607032
0.57154994421822103
1.0469028639736286
0.99113672155688526
0.53238495384841111
0.78040158708056095
0.86642603489788828
1.0563531095256524
0.55056540265374276
0.44264307199663905
2
30
30
0.5119228825706571
0
0
0
0
0
0
0
0
0
0
0
0
0
0
0
0
0
0
0
0
0
0
0
0
0
0
0
0
0
30
-0.099280413390699929
0.94474904451398478
0
0
0
0
0
0
0
0
0
0
0
0
0
0
0
0
0
0
0
0
0
0
0
0
0
0
0
0
30
0.47348919964997305
-0.0031407935126401632
0.14294910524300719
0
0
0
0
0
0
0
0
0
0
0
0
0
0
0
0
0
0
0
0
0
0
0
0
0
0
0
30
0.37342792636226546
-0.0026209027775010323
0.048374320507894933
0.12162964959640257
0
0
0
0
0
0
0
0
0
0
0
0
0
0
0
0
0
0
0
0
0
0
0
0
0
0
30
-0.096084974568544743
-0.21364352078062707
0.088233538601521444
-0.11546880472450616
0.88036260089036233
0
0
0
0
0
0
0
0
0
0
0
0
0
0
0
0
0
0
0
0
0
0
0
0
0
30
0.075716817637243763
-0.024870823624809763
0.16255628444110923
-0.070841206278363628
0.30790140939138655
0.48723832999104161
0
0
0
0
0
0
0
0
0
0
0
0
0
0
0
0
0
0
0
0
0
0
0
0
30
0.058408480118264751
-0.00078304400159419818
0.12123975026286699
-0.026220997290551964
0.092924863903637009
0.39359927748894386
0.32970194884472548
0
0
0
0
0
0
0
0
0
0
0
0
0
0
0
0
0
0
0
0
0
0
0
30
0.18254004273254268
-0.043969688005728223
0.095976815775077579
-0.024830245472510712
0.17573399639858073
0.19111036502538892
0.10050270039993946
0.21377200499714233
0
0
0
0
0
0
0
0
0
0
0
0
0
0
0
0
0
0
0
0
0
0
30
-0.16245892930534278
-0.043745197662013902
0.044402619538659163
-0.046405403113439353
0.3055914806266456
0.14479742816364335
0.039961825409942212
0.049960331437324243
0.78693597810239979
0
0
0
0
0
0
0
0
0
0
0
0
0
0
0
0
0
0
0
0
0
30
-0.42083922525668938
-0.084987354928690903
0.10487794071037616
-0.10408601253454615
0.38455175235429373
0.49915853711892694
0.052295350452733494
-0.054644530996911585
-0.027444240046522499
0.42832187375826075
0
0
0
0
0
0
0
0
0
0
0
0
0
0
0
0
0
0
0
0
30
0.022911514180958204
0.032545340511313116
0.023472385382482589
0.0069576094749723713
0.066781027265306117
0.044264550971135012
0.010884674466446516
0.053770149783729057
0.057083733615822092
-0.035600196359672223
0.4004956371695102
0
0
0
0
0
0
0
0
0
0
0
0
0
0
0
0
0
0
0
30
-0.33551887401827801
0.38939958951366399
-0.032530705319610803
-0.010792021201322083
0.056503269535886087
-0.019588322678823086
0.084483027450898113
0.060464461682690276
0.11358082835664284
0.050914844612904339
0.32856408242225577
0.8210640032357418
0
0
0
0
0
0
0
0
0
0
0
0
0
0
0
0
0
0
30
0.027233713379728131
0.037377203112541973
0.045340149561834402
-0.00081363317389385994
0.062182353812312019
0.11132472598738032
0.018990213400269709
0.044455924143314743
0.046463495326024985
-0.027109725728285326
0.33712536379863134
0.014662707574067433
0.19174301932088245
0
0
0
0
0
0
0
0
0
0
0
0
0
0
0
0
0
30
0.085043837922948007
0.019361421818485821
0.02047277543573419
0.011140599721356996
0.025556415168003291
0.016747659706055962
0.0073281264061142168
0.022891081300021203
0.031713997611626098
-0.024443334042528318
0.18498402947303838
0.0048550268780312156
0.026808865928451154
0.11735994266612187
0
0
0
0
0
0
0
0
0
0
0
0
0
0
0
0
30
-0.48961275199689697
0.024294354381003781
-0.00067456595027310393
-0.04546453320750566
0.26435544034748065
0.14881999180088581
0.044948001109107509
0.10316806434203053
-0.0016489186119437115
0.055757620526257677
0.14887002616930692
0.09934887860758583
0.019976218811835318
-0.01347716288871521
0.70653582827125605
0
0
0
0
0
0
0
0
0
0
0
0
0
0
0
30
-0.10357930517171444
0.078015778269829805
0.16860269854659843
-0.058755760098825653
0.078428487424651527
0.68985529762616637
0.22184778578549633
-0.049699138316877507
0.018543484229572242
0.044464685943804164
0.11531176980960656
0.036430884822746978
0.043877466141075849
0.016153328357300812
0.15204944134090984
0.4022774130525234
0
0
0
0
0
0
0
0
0
0
0
0
0
0
30
-0.12600092853358819
0.046995619737555581
0.1572392878221032
-0.038925162862006535
0.058710156364234871
0.6840614224634306
0.62038046424460225
-0.12670777389119608
0.0030927288508064855
0.011826476831267649
0.05617682886815991
-0.029005428989353529
-0.013859388674627464
0.012942791280364668
0.042196842664279983
0.23593920615395778
0.351115668273911
0
0
0
0
0
0
0
0
0
0
0
0
0
30
0.077016517266172008
0.022192348962887996
0.15537728769362383
-0.060576488773941305
0.23287125287730101
0.45783058497252938
0.33349149009890816
0.20336519713682055
0.036972045031028543
-0.0090984178324207462
0.17155790407610103
0.049604218733078992
0.043623778972069684
0.011101005458375546
0.18644905605107157
0.22998479668612745
0.16922004145266542
0.35228720520509932
0
0
0
0
0
0
0
0
0
0
0
0
30
-0.29832482349857042
0.056592868213993737
-0.0076092937401979165
-0.02918588113782283
0.1095865027792545
0.062509093881852676
0.038725559971461453
-0.016510978945776703
0.18718498397770691
0.049463723165202603
0.28949055760772596
0.15224155154787308
0.0060662202423244545
-0.0091379718643572905
0.099080060712892284
0.0099021645703223551
0.044194391164499788
-0.062024433240384619
0.54894570717813407
0
0
0
0
0
0
0
0
0
0
0
30
-0.21747362911873516
0.027624769722047915
0.15002215961521312
-0.0713779525018014
0.10515836448155465
0.67995954042173257
0.18608788457650066
-0.055957445363245338
0.019713581644517902
0.32646161665961365
0.13878177028326405
0.036699242027777662
0.015041145841725039
0.035176250668513015
0.12058885691075981
0.24595863021790387
-0.0015691468858692801
0.043297914760435215
0.0030990674318184374
0.44367622200166429
0
0
0
0
0
0
0
0
0
0
30
0.38330191294390098
0.0044988453983447283
0.051294474106337862
0.028110518344525253
0.0019949822537392746
-0.0056588816426117261
-0.0023478406820210628
0.0063273215001115454
-0.0080523873501027552
-0.027988679684061706
0.026745264046654664
-0.02769148942234443
-0.002177744588349012
0.0089133395010606836
-0.0249904575772259
-0.012516777105409882
-0.0071871117835769563
-0.020654829631662559
-0.033730985000833651
-0.0042495551675986939
0.12597170070579189
0
0
0
0
0
0
0
0
0
30
-0.10078473603986618
0.80968461017452642
-0.012242089554747048
-0.0030617391709209523
0.01472340903197162
-0.051046841391360571
0.027885497787693763
-0.0061973774179207453
-0.022808303612506704
-0.047992931242208291
-0.076695129880042859
0.11890854549077227
-0.021549093986572346
-0.0089120927458821112
-0.077611278629111366
-0.025296270083607287
-0.024705871555787944
-0.051178445508374686
-0.14052969296561249
-0.0041818863412865209
0.076550027393672365
0.32160668842902185
0
0
0
0
0
0
0
0
30
0.37021043738472187
0.0061347413724611938
0.062458173239756436
0.022289772606475879
0.0088174420466939248
0.03272608343290942
-0.00078971599154744135
0.0028271295959599895
-0.0087110308411602611
-0.028463366303538788
0.020331056888085845
-0.02580974574117852
0.025017239170587301
0.0060563260072012751
-0.027912717779914723
-0.0034307057050189126
-0.016118976478139049
-0.022515067683625007
-0.031813565345861439
-0.0075070363645115745
0.042377545245429291
0.021017165052677634
0.1193097793039259
0
0
0
0
0
0
0
30
0.26476691125312524
0.0027354333319714271
0.034490384966048497
0.028963436039595419
-0.0051644645709234254
-0.0044463785152050253
0.0016531537019791158
0.0013744742292462813
-0.0047564789721388214
-0.019104278518376483
0.02099113501416297
-0.018094493579374264
0.0013479365066836107
0.011208167275490333
-0.013415671878526662
-0.0074905429891565971
-0.0041439731840168985
-0.016911063326927336
-0.02612690148228089
-0.0042483854863886823
0.029620454701278432
0.0099128371559437552
0.017920290487723915
0.10908368800882233
0
0
0
0
0
0
30
-0.21488206886888792
-0.13134231636696489
0.042292202120044066
-0.082179513724778636
0.62650182777042529
0.022414011722925755
0.043031577714641778
0.023050079549126936
-0.075751169398185589
-0.011170848756875363
-0.19324671276738875
-0.096183192855712904
-0.071389268460486779
0.0012387271654858841
0.18300381711574445
-0.087188552525358246
-0.066709847420308277
-0.10947058653382127
-0.17021107304998792
-0.0098259210789526496
0.092641531376343247
0.16510791571118691
0.044628182752723872
0.020155100702185125
0.35619110453320224
0
0
0
0
0
30
0.070558416455188275
0.011920262874075627
0.1311713908909726
-0.051863426910828105
0.1398722411054874
0.42146234657507509
0.076952629648402063
-0.049170819688964439
-0.025709148920434171
0.0074444335795118954
-0.092613581209857729
-0.051416364603970331
0.007264211161430026
-0.0044882289420749202
-0.050611813627380188
0.10116456786358945
-0.067015625363997244
-0.084737030042002462
-0.064457593491749399
-0.004612507018370909
0.056491429509493235
0.065304784705516553
0.049573409601374907
0.0078585048086408319
0.10400785917466696
0.21068840355641788
0
0
0
0
30
0.052163704241677232
0.0097613945094165919
0.12843165884708921
-0.030704895521158179
0.073931615513108326
0.44974039739230981
0.38542280388842964
-0.071870358595922015
-0.013641035865258501
-0.019530988051399988
-0.10298927648298126
-0.053091273919965508
-0.02071620565841413
-0.0030269128540780224
-0.070018187122783265
0.063682132195110805
0.069925700453759648
-0.084041097291932737
-0.056458586879537184
-0.010074326461134585
0.055460069068463229
0.070215604242312823
0.046229621921428155
0.01011079644742449
0.10964870482978863
0.13528427841363402
0.17457519949861094
0
0
0
30
0.23768464010263671
-0.028775245320713086
0.11525211786732484
-0.03192966649747566
0.18319809770999973
0.23874969036288629
0.17293872717891987
0.14069600331370602
-0.029844786332101761
-0.030763460063938635
-0.095658993043979831
-0.048324927102385846
-0.016847223156811357
-0.0012959932796961695
-0.037686240445762506
0.024932989193638799
0.014612524379208442
0.058566078645273058
-0.071431710661987932
-0.011399813816482944
0.063324335381642685
0.08486686027486734
0.041423096954145588
0.016660925813888304
0.10005954886145706
0.072490518277398094
0.043343140788237096
0.1718265197642686
0
0
30
-0.097919542810854132
-0.018757043765288237
0.020701505260046531
-0.036575246695900815
0.16892537497818066
0.064944013168875728
0.04817665700556361
-0.037982402541033064
0.34099964197965127
-0.018453407959702402
-0.16173034966154082
-0.10722383562715276
-0.055384522602077782
-0.021799173363681968
-0.10429253210249864
-0.038990867957586349
-0.0073490765329670641
-0.1324579035618198
0.15776001259305431
-0.033747517789849961
0.095785613186486512
0.18849212999338499
0.052133709942794954
0.011975680792976052
0.12230154909989341
0.072261371567880317
-0.012341324999438024
0.01975634074173194
0.27616866577842658
0
30
-0.18769276069181215
-0.042636610804074694
0.10370733458111216
-0.067544575754173386
0.18602547354771057
0.45704266668240889
0.083762999624800355
-0.082130332894399208
-0.044998107441886363
0.28195622139798648
-0.13643573166556966
-0.07540381025625055
-0.014319391477904099
0.010168372467237057
-0.043768974047564746
0.086625999252841743
-0.06236093915418367
-0.082061272752666947
-0.099787406629750108
0.18206140061831325
0.064317192404415288
0.086071989702783805
0.050296021830395533
0.015100316628400542
0.12812679888578135
0.12101606759957147
0.046146491295539195
0.02119805962292521
0.037167675393110777
0.19323817220806747
30
30
0.88685823922191243
0
0
0
0
0
0
0
0
0
0
0
0
0
0
0
0
0
0
0
0
0
0
0
0
0
0
0
0
0
30
0.2224659865676363
0.8758302693575547
0
0
0
0
0
0
0
0
0
0
0
0
0
0
0
0
0
0
0
0
0
0
0
0
0
0
0
0
30
0.8571996451303534
0.0041241805354848594
0.16685856481820688
0
0
0
0
0
0
0
0
0
0
0
0
0
0
0
0
0
0
0
0
0
0
0
0
0
0
0
30
0.98650911662529972
0.0021625047670279542
0.064233132343015392
0.17322250880817774
0
0
0
0
0
0
0
0
0
0
0
0
0
0
0
0
0
0
0
0
0
0
0
0
0
0
30
-0.15925513536839539
-0.18729610965553162
0.32583377696826032
-0.055964386965926503
0.86879845912351517
0
0
0
0
0
0
0
0
0
0
0
0
0
0
0
0
0
0
0
0
0
0
0
0
0
30
0.12776975407816274
-0.020454549741572861
0.54323973528448599
-0.18449594925775556
0.60014288787349057
0.63632898490362166
0
0
0
0
0
0
0
0
0
0
0
0
0
0
0
0
0
0
0
0
0
0
0
0
30
0.3685058619215924
-0.039090053473078
0.42941097277251988
-0.1360298117120784
0.56231571589354445
0.31114011481687975
0.33329733508147846
0
0
0
0
0
0
0
0
0
0
0
0
0
0
0
0
0
0
0
0
0
0
0
30
0.54583309740438568
-0.10856272905594949
0.32893440614243247
-0.059698176309181478
0.46816634485434305
0.18556619910092778
0.12901800673183753
0.24108417092614984
0
0
0
0
0
0
0
0
0
0
0
0
0
0
0
0
0
0
0
0
0
0
30
-0.088649145192971568
-0.15500561958588632
0.37336185671354916
-0.20154845560799908
0.48336082544757902
0.41475734441879342
-0.031340300672601892
0.13303278782633773
0.7080127133652051
0
0
0
0
0
0
0
0
0
0
0
0
0
0
0
0
0
0
0
0
0
30
-0.46091258033724219
-0.069429323618773395
0.45593237104332274
-0.10930539950323062
0.7132224790586752
0.50558729227953136
-0.10376009932743058
-0.0033505562140553713
-0.0040778518190800863
0.40865981223703224
0
0
0
0
0
0
0
0
0
0
0
0
0
0
0
0
0
0
0
0
30
0.7398338663636207
-0.03748067572467665
0.19180391493158686
0.060442857994276226
0.17194766366515005
0.13054029672102122
-0.04140442408905988
0.13117398057635396
0.049905167031664081
0.0043060251422845086
0.77788242593571899
0
0
0
0
0
0
0
0
0
0
0
0
0
0
0
0
0
0
0
30
0.21550522254232732
0.26520876594271192
0.1121723583024114
-0.084441136296111857
0.1542386423238247
0.0029700440580778115
0.039793436287368422
0.038561469012631432
0.21090032718468874
0.039597056241618273
0.2481207743298576
0.79012042120375392
0
0
0
0
0
0
0
0
0
0
0
0
0
0
0
0
0
0
30
0.72375058834335981
0.011096614332281067
0.28568183169080552
-0.022438509556460848
0.12316803866819451
0.28798463363194504
-0.039064704030723686
0.15182397488983512
0.048637938919779931
0.014617017297881642
0.70281011671021931
0.10660404591876135
0.31415980188924714
0
0
0
0
0
0
0
0
0
0
0
0
0
0
0
0
0
30
0.86653456635038828
-0.040911616939865371
0.15952247224157526
0.15164380552912338
0.14763071297345751
0.084255662720210955
-0.041215242084276689
0.064265775565858343
0.041639746571670272
-0.016139550523669097
0.69280580921424673
-0.021478578478025655
0.024913348850381503
0.2787230124413646
0
0
0
0
0
0
0
0
0
0
0
0
0
0
0
0
30
0.074667711318036872
-0.00092571924383801757
0.15217814098923577
-0.065340343098880857
0.34233198103392037
-0.071754392131865227
0.19458288199363585
-0.18351806602501192
-0.0831943805082591
-0.11507016502228792
0.2633525941197013
0.25429876764439963
-0.073210836068880902
-0.057961674198629798
0.90921099331612665
0
0
0
0
0
0
0
0
0
0
0
0
0
0
0
30
0.067044276251752535
0.15904173628401097
0.40610645144260799
-0.22041424885493671
0.31275550400671176
0.5854482095360537
0.12524134103932003
-0.098045331728898164
-0.011788301606274755
0.025833055305744923
0.18798826679332861
0.27466108064512423
-0.032326330699892492
-0.072953512216216945
0.31915065871369408
0.43858427215605594
0
0
0
0
0
0
0
0
0
0
0
0
0
0
30
0.13782357319080815
0.076533966138385701
0.29041046419989691
-0.18143062741913454
0.26080826103822879
0.26790530354700198
0.27700916220383409
-0.11141290270440443
-0.013044207660163844
-0.0059528821713876676
0.13887740731767523
0.23556802315069283
0.048418303510729163
-0.062663085946812247
0.32064127552677829
0.15718169656670697
0.23761116754276262
0
0
0
0
0
0
0
0
0
0
0
0
0
30
0.23098120968743929
-0.0013428616840523487
0.2470761303588469
-0.176121877904339
0.08942513164245014
0.29574634958239066
0.1072773784485565
0.13093479478850426
0.010692521232188107
0.064225308185778845
0.28469919925229825
0.34877426633558206
0.27038888898662317
-0.18054265797729674
0.42681225459723948
0.10247702596450031
0.17085862597377108
0.46893818054613923
0
0
0
0
0
0
0
0
0
0
0
0
30
0.045089883790623134
-0.072848272767221334
0.34264839070082775
-0.2428068266962547
0.27673156278414895
0.45042616244721384
-0.010143260853189891
0.016931976268836604
0.58024324816465156
-0.052007249285205594
0.13945979304486153
0.35723245396054265
0.028573172652381899
-0.16714681894315694
0.15785557821160429
0.14821565208326609
0.27576082238236366
0.018582454861662615
0.807144566930725
0
0
0
0
0
0
0
0
0
0
0
30
-0.022177099548756907
0.080164654016046749
0.34776555105250356
-0.17248081043128496
0.3745216566258972
0.38766575419380922
0.04245880284672806
-0.075752343269901518
-0.048987323431928714
0.27868357379038383
0.21435324587818924
0.27963754542599478
-0.025974848587347877
-0.084164718945394498
0.32426764952315024
0.24500785931069943
0.02780256914809489
0.072879365877647692
-0.094868487800982532
0.36167939154343232
0
0
0
0
0
0
0
0
0
0
30
0.76463164109447201
0.027967411190239645
0.0353557193506722
0.11197869065714275
0.01028703696299036
-0.0095997917959478561
-0.076952656740023245
0.02979722588355679
-0.035385333861643546
-0.0060985493141913977
0.13877237067668236
-0.14117568134691902
0.006316945315172926
0.10009622809585349
-0.10474171033249777
-0.024788780344796039
-0.032150234409823751
-0.010973861017155107
-0.011592097889045742
-0.026557645945889014
0.23349500762569014
0
0
0
0
0
0
0
0
0
30
0.065800920491745477
0.76608438773602316
-0.056913571776704301
0.080725165335890789
0.022024396922232348
-0.048816950738299683
-0.038719275161145289
-0.0029430500910729651
0.019746601395444572
-0.0035627393134718037
-0.060377074637116751
0.092240856982768751
-0.03620536503337219
0.11508997149323899
-0.18777072665014122
-0.061796030006260966
-0.046978368816585667
-0.065637428808783455
-0.0071818813112338471
-0.064502473839131186
0.15493697991179173
0.29780522884148558
0
0
0
0
0
0
0
0
30
0.75423192620824075
0.036525775342755806
0.098182097484117853
0.073301787595083601
0.035013883316745521
0.06822653353018944
-0.052240294487767451
0.032857123896563235
-0.035279865196008321
-0.024898423090956738
0.13601328594885706
-0.13335491467730479
0.07836476625149047
0.092505642756373657
-0.098503497690062294
-0.029237146245655772
-0.030530822619772167
-0.023532534614833484
-0.021611632738481074
-0.025306658363069515
0.1672835462901221
0.026720735013020559
0.14628605721233282
0
0
0
0
0
0
0
30
0.87010209486746259
0.041259426842872628
0.028291749088240913
0.20415677526141499
0.01959427360447389
-0.019140323526930344
-0.091922899268629288
0.016945710779922935
-0.046332459239726752
0.0053343168470545788
0.18403800391401029
-0.17819921972123365
0.006038576684874751
0.20714298246711421
-0.12280864610560208
-0.039036049959755216
-0.027596508802641608
0.0036332881490461146
-0.011063419625182301
-0.036922747461558811
0.22689015231544807
0.04005293013110503
0.054823608993606568
0.15867913441544523
0
0
0
0
0
0
30
-0.33769660557563197
-0.065492078057691
0.20394660143602927
0.055289863006935655
0.67653485623126819
0.026688507175443014
-0.08643972223504745
-0.10701851280365385
-0.096484848925246378
-0.02541835263994497
-0.11183679241676232
-0.21046910835268659
-0.0073822409658136877
0.064964875642243805
0.035216498301799987
-0.10574194631629651
-0.10647698210550835
-0.025421658326422472
-0.062941816850575205
-0.14122754772276705
0.16253964104488117
0.10776109531935101
0.021950095756158212
0.024989892468118384
0.39863048740004742
0
0
0
0
0
30
-0.19499114418614094
0.13970739591151365
0.3797715139990705
-0.10157192344357426
0.44502856342134578
0.65834695144635158
-0.028178827725894574
-0.090355565487501108
-0.095615855993082061
-0.016869173771843802
-0.17953866606635402
-0.1637291111810647
-0.061518435020630868
0.047524582955395619
-0.099720041290756969
0.24984452091940171
-0.090075212905059765
-0.0075491898509775857
-0.086560208142145434
-0.10333078853761996
0.13256464157541942
0.1645375762452799
0.014506829957195027
-0.0012480778018877253
0.12279465621709552
0.32433695825236575
0
0
0
0
30
-0.0062587626306152078
0.066915826633650019
0.31911110876507409
-0.095949993471084308
0.4091849559609001
0.37421041337191735
0.25005755254393935
-0.083545681698803997
-0.089872344999485279
-0.017407873895679344
-0.15262826970151078
-0.13832879790964195
0.0061337602679675807
0.037533281796406338
-0.11175020534596097
0.087656679631829784
0.085543251686519328
-0.023270204698348878
-0.088808646063207611
-0.084006203397709825
0.12660808984251404
0.11362601691042397
0.015866862204802823
0.019786386411006236
0.14452851734589262
0.14703801411939615
0.20532604277323233
0
0
0
30
0.20805737946308736
-0.079846706691704655
0.2254484506105324
0.0065384072744108009
0.3024402266666224
0.26139406172415625
0.023602945086701757
0.14777331364695689
-0.02281111155515168
0.0046135809807353132
-0.066940916097583819
-0.13620233267754436
0.084379457557194962
0.037367038425381298
-0.024293100311371996
0.034160368626926806
-0.010932125486810785
0.14082548917455423
-0.015833413903593118
-0.11898291402912203
0.11288510633874697
0.081249180566891288
0.044923557562766191
0.0046884414793712812
0.12305031239726209
0.063881611044170519
0.056831086878794748
0.24490468805532542
0
0
30
-0.35125006339889614
-0.080158259291554623
0.227616862714667
-0.10146345810791066
0.35673281523639322
0.44677045254045139
-0.13494503132099084
0.052555969956350458
0.60826325746168763
-0.014678362718777043
-0.24420867533235027
-0.14893744218581736
-0.061687751715535623
0.0053393177859862853
-0.15213441613577849
0.082218109545603282
0.050922977091765013
-0.056903877660201059
0.45477143376506307
-0.054371959199189135
0.25693863687986634
0.18435294545098158
0.028354141698055998
0.0030004081246834536
0.11539248722385453
0.17548660461759921
0.065705307349648828
0.054018946382820683
0.40428747154030714
0
30
-0.49152716508791844
0.079449674749487165
0.3345663035984654
-0.034901609745164971
0.57494560789792282
0.51090742305302161
-0.13982649711508716
-0.092548257210206028
-0.1368261440296118
0.30303641314057761
-0.16394544401631045
-0.15646316178275127
-0.095166610582793104
0.044293034111816842
-0.12917942956491471
0.17663093207886282
-0.069596178069296799
0.0070037836571795299
-0.15623027023698452
0.1631966546563087
0.12800010035339057
0.17863669904819743
-0.0032903787821535312
0.0037815539429020754
0.12632288630437621
0.2333348870543161
0.075133726026965317
0.014333199150463331
0.022316024658787507
0.27110736918376133
