MLCPP_ARCHIVE_V1
"MLP"
2
16
8
2
0.0050000000000000001
200
3
16
30
-0.12102684878105267
0.27040976263070121
0.24826537575606597
0.57236238666500994
-0.11027239411418382
0.060774419049659703
-0.62244148739394156
-0.072160395058265103
0.31568626468194738
-0.29740823518934517
0.13154615653444235
0.081404467074784104
0.099301010956723279
-0.057983738728604448
-0.34128431821400779
-0.07345174145797409
0.11966379100620245
-0.19993905790268304
-0.073737670841009545
-0.17838895974502467
0.49905751393008974
0.11459297009472993
-0.10465308486779296
0.77856598417446721
-0.50696162660643318
0.47455795081094793
0.39088788455053569
-0.28639225196131257
0.60162977534460704
0.19343279800807736
30
-0.24836105971583514
-0.57956817272425465
0.10130829371021813
-0.37364380563781685
-0.37462462870899443
-0.16405005648787738
-0.23400959776022542
-0.043254627315282596
-0.013708278415302729
0.36757455630743047
0.17745425950762361
-0.29506543117469375
-0.37846352939930905
0.31610896359438162
0.2249703842901947
0.95150150541397871
0.079715901976387116
0.55280127547698932
0.11406189505682592
0.025986535748977045
-0.66745752340665854
0.0050305364761608091
-0.41188771751581238
-0.32893905146085367
-0.10335551868858049
-0.13964065609682952
-0.62723445600266625
-0.37788704995058819
0.19798080172855562
0.13998376751187833
30
0.18104113298960209
-0.015271276795865192
0.16870395303636301
0.014695609659634446
-0.10425016260366635
0.36488010001111709
-0.17096474626909977
-0.35629232852306558
0.47109503542723163
0.43667735362155985
-0.62955721349354477
0.17203870686515549
-0.79259809105080781
0.31783046675188331
-0.18291700791120086
0.30240357578446936
-0.25960509735790505
0.10439165204078235
-0.32212984221992358
-0.07294006376730526
-0.10168293806936134
0.22393904150008601
0.56974347630824174
0.13012089060991683
-0.012500329655798443
-0.4397612309728372
-0.60082178006283793
-0.017277502731990257
-0.011065382094515606
0.099579500485498879
30
0.31958950592238156
0.22471743302079281
-0.46701145417385231
0.39069242357789596
-0.1280595153784348
-0.34424776428712273
-0.094022288361065298
-0.44638665460589083
-0.27674581577878105
0.26963486814765808
-0.074235880275521152
-0.23411897779842836
-0.058400836990795527
0.22489393049705267
-0.45413813329570868
-0.36813344785754981
0.065980674927393762
-0.43039141279246873
0.56578970825839436
-0.028528439965096294
-0.2483815093478052
-0.1757655271994697
-0.10065812934806628
-0.12483036353034316
-0.57938916690186548
0.46530650790797451
0.046251556241389213
0.056521259843216487
0.22765524576183771
-0.34669838504229533
30
-0.36094564267743956
-0.14064853205739702
-0.11588297049047511
0.026354490550459405
-0.11987685013346899
-0.28191869792583629
0.31818489540123351
0.27173550016628928
-1.0994128761469844
0.57676601427068797
0.66912950440867791
0.39051105631207228
-0.22566098513367167
-0.372333121326133
0.10821827664112055
-0.34576175525497754
-0.1599791031121138
-0.15473510716524452
0.14773240739351834
-0.23106736678468143
-0.25298693967072788
-0.04353969866134251
0.59026169780950111
-0.080592467172194218
-0.20525193242506337
0.38838971137641709
0.12283610463144687
-0.43625842934632136
-0.23336946565867672
0.49712865131605599
30
0.082058005696207303
-1.0081934988614913
0.10127729985559365
0.26048771695125528
-0.29750743723345136
0.17327105380021066
0.60426406152473022
0.071531646044960775
-0.13910003488309358
-0.2054212056485242
-0.074833214746430135
0.04374090180685665
-0.055472773820328496
0.10234521979324866
0.11981977192571105
0.039632972976480559
0.32120012780525692
-0.42316698761461957
0.26364202070236054
-0.042825207587134435
0.2550911891859437
-0.21346305168192478
0.15843910507501174
0.32143676615765432
-0.71981420168436472
0.32527553000315523
-0.42759418918841152
-0.4718040188947828
-0.94768432708894756
-0.66413452166395537
30
0.11604955745861791
0.088746267708009988
-0.0535612733494868
-0.28898389516350348
0.2978919656589189
0.40189505589474123
0.18048644302972261
-0.63968220891809113
0.90422525816692467
0.043565978941366261
0.2263627138975301
-0.37091347923938089
0.048879071914695857
0.22613052109602297
-0.27631118696715373
0.33045506492880111
0.39183407382423913
-0.50525777543233319
0.28294189212166521
0.1168881907849796
0.099662867591844118
-0.26957004246974775
0.63920387984362437
0.24925573357558672
-0.63777358729022937
-0.022030098310873332
0.15150858215509608
0.24868225430749152
0.030518687085084449
0.19074334796216666
30
0.68466432693062063
0.44767373468033023
-0.41804550826718945
-0.30177181679637682
0.11974484803591856
-0.52048171241639329
-0.53217340960962622
-0.65952726016285779
-0.11502841574575502
0.5879681354242261
-0.44836503168427427
-0.44123694618091236
0.20969774831909693
-0.29793746309693631
0.18422351909511797
-0.035431878113904192
-0.48511130052443358
0.20164935395393982
-0.30596989903157501
0.03320626204525963
-0.38140002123363487
-0.076652846754388285
-0.30670408968816643
-0.16631131630102036
-0.82180013653815032
0.79751596926361623
-0.44624436573943665
0.35176633960729115
0.26170830010565771
0.046123904934894738
30
0.21221250811913325
-0.53055337504274036
0.42956424087364542
-0.096785732800587873
0.33319682683210117
-0.12003139986442442
-0.070129757078839353
-0.42731854771035899
-0.24017576667600168
-0.073596087301405932
-0.36497094611701303
-0.59422296362399829
-0.20813049743351311
0.40705734599597942
0.42475540064920531
-0.2044466113767891
-0.45843955587957641
-0.087844698756339795
0.050847944415431542
0.23034125400267461
0.85495156658745763
0.2487786039589219
0.67962362587579606
-0.074736030560131103
-0.14553641175083876
-0.20829907312473669
-0.15916283627435235
-0.046135077918821855
0.068803780948676424
-0.37437979389646975
30
-0.28556413707709177
0.31570949467762749
0.6775863744455668
-0.26597240339910905
-0.20288870394539549
0.12881185199287634
1.0883035026767285
-0.049558757961486656
0.26431251176236853
0.58311906852671624
0.041397249978179396
0.14837231112114835
0.13908658716680117
0.28824330605501974
-0.30014131118076798
0.074390719243051198
0.23211313312581103
0.12162489263433167
0.56589251478574176
0.20913649304962209
-0.49329726943246022
0.11961718544834499
-0.39649040565757354
-0.33269797932634593
-0.23250153851216027
-0.086083599029394553
-0.59543526716129902
0.33361339874391549
-0.46806036113933347
0.54015338625971354
30
-0.53192702906490708
0.33238075319141258
-0.11570553900179861
-0.74201447300593348
-0.68014884468549863
0.72967387905246828
0.22736653205876209
-0.16426325210199336
-0.58199049797749736
0.56107122939225718
0.4390248505774208
0.23158307432348579
-0.35002542140127929
-0.13090359611567148
0.049931445034446534
-0.17280685859155501
0.27079450567590191
0.36122876029208734
0.53765583928871097
-0.13593467688001748
-0.48237630874877252
-0.098877675308505303
0.11656184739782968
-0.99846365046151719
-1.455241261234538
0.34336999709473648
-0.0063688599760856387
-0.2073231345727293
-0.23750685399741786
0.4619889450106251
30
0.14415394078836896
0.19791126158186997
-0.37867076714840975
-1.1063317540440003
0.42063291369619005
0.85683936039033359
-0.040711922765977217
0.18298841941186769
0.084667852714080102
0.69662234026704617
0.41954027852103265
0.27624790857003029
0.11531995312802451
0.12832402505323781
-0.41335127532188204
-0.085806449007548344
0.29403911296473129
-0.065530261130289605
0.057963163874748591
-0.39326649947726566
0.27245434912427896
-0.41613488553768396
0.21485047816241876
0.045358927128798951
-0.51161912161416701
0.4702412351623797
-0.0040739436518453503
0.75803388554656392
0.607814339507318
-0.2051613172733294
30
-0.28531123772973527
-0.38490808241603569
-0.57159250123149574
-0.13853777083437444
0.42879227783152296
-0.47060223955406483
0.34889572938881114
0.3255397463161987
-0.073120309815187245
0.22129806543255298
-0.32575975050316558
0.35385689859938352
-0.15788327905417965
-0.85886867603538786
0.10582196700805913
-0.13019679411779353
0.46423439301604447
-0.14073159833334026
-0.1807392802528647
0.10749619613237674
-0.08261938734152699
-0.05677307110232932
0.31015665133810888
-0.37369640808728005
-0.25116927751721035
-0.080823545496659391
0.60152303100222526
-0.25010743487194598
-0.54182564661681243
-0.27319878240634904
30
-0.16550403157250351
-0.3445457650418704
0.11467740510375976
-0.43087909045949152
-0.50572954576805929
-0.19274834825174894
-0.32495322224145451
-0.53467397322832144
0.058007366284050545
-0.52758191921398778
0.55607092150316184
-0.54533225212612813
-0.29159962360878056
-0.21065955190534699
0.65771273081117132
-0.38352244859244616
0.2526076581414759
0.39384929090182202
-0.0086722460705167103
-0.2365353425830482
-0.10188590632047582
0.4713774168532136
-0.28174631045995829
0.45632552942647975
-0.061838588507464869
0.45199688183967507
0.049358891595737281
-0.22626610489675403
0.61505449403916279
0.093159756427364918
30
0.13882143312090592
0.42385305013119629
0.41108380783865434
0.36997586920285819
-0.28799766646538227
-0.18688623781009076
-0.15893239310287116
-0.18364004545994198
-0.22846181125892873
-0.33772743654211479
0.2309102286637596
0.39474335771019886
0.097023836871042365
-0.056251888312133812
0.49635811531580615
-0.093051214493943046
0.29796319634988067
-0.12987208851213047
-0.040270096569968855
0.38692513081493402
-0.85863986676226145
-0.067178348124634413
0.29282397898839568
0.51859428433518084
0.2952399033379689
0.012422714401285015
0.62765125238613306
0.55818455079004403
-0.3347104459724336
0.033027444832119703
30
0.079332256514005287
0.56523381350380952
0.26155522992450903
-0.081441592206319718
0.08371600446777562
-0.74695473631290199
0.31254572322702134
0.19726409048367802
0.40244610310597334
-0.12926242190777032
-0.012096422966286999
-0.20319601180918626
-0.48691352681286887
-0.25799375795401125
-0.71415804617004253
0.18985785085360485
-0.89304176701305527
0.62689286804434108
-0.99434028239755123
0.39390353315246784
-0.3537129800977124
0.23142467449794041
-0.30357599847558442
0.58763853708735792
0.084391188592920163
0.27903157174596266
-0.040101825259068191
0.091414562784928641
0.2244117348494763
-0.30926829102634074
8
16
-0.88303184061479811
0.10447680312457272
-0.49486712225658719
0.26792900246959112
-0.36065471592985454
0.51805292857692542
-0.64620975532522429
-0.26891219014726536
0.4828479648069105
-0.75836295582617974
-0.15544756270707236
1.1911583381997846
0.40431846971457225
-0.65239052560853905
-0.041856712556248184
-0.92509658596201783
16
-0.11843380568261284
0.1546240047144338
-0.12311949059172304
0.099698903004426215
0.016453856943111609
0.73397733135679988
-0.19609334818074786
-0.18518950238465764
0.40048563239844154
0.14935455292855712
-0.29571634595854912
0.40888478604885931
-0.30596818515551988
-0.24754950899104228
-0.48409602363041515
0.19369296765436525
16
0.54523378563726421
0.32770558450249454
-0.055869009868938974
-0.30841529558451319
-0.38117772731220712
-0.68004542295897519
-1.0782951234494449
-0.15643109951836887
-0.12652052138679545
1.0233770126523103
1.4651357107501073
0.27298981607841988
1.2103405772345752
0.51656766734666815
-1.0291421293989929
0.45441029577207132
16
0.45004286620619738
-0.26274390384214341
-0.58830687583410823
0.22533433432440828
-0.94323336691299886
0.0026414730895296073
-0.38868367880956006
-0.67149870944915502
0.50905525826683262
0.17161067131604649
-0.058346926594156405
0.37416097051246205
-0.080610082652375209
0.26833934111428637
0.69083074511587839
0.41126994468191519
16
0.079288509974006424
1.1397574279634863
0.51812528256777612
0.074464205003049483
-0.51916812998592843
0.26329607961483459
0.17156221400272145
0.67584763146835125
0.50572618319073914
0.31656749701634784
0.34117005683682772
-0.47689703598209443
0.031333339327557358
0.013404480158755517
-0.89676648615338639
0.53574842596762784
16
1.0972665442908076
-0.99773342543779286
-0.60163518778639435
0.025810538016638108
-0.2023666635087884
0.18877254684963238
-0.013458140423796743
-0.5656736897514989
0.58957151151649811
0.32619768964395668
-0.38232975621473986
0.8215629826757439
-0.3673307066029079
-0.41996619628824938
0.19592257936384128
0.26131294997153365
16
0.31750938425293806
0.10529062527282237
0.37127279463490587
0.12205475781167953
-0.24970883972007402
-0.31146131985273812
0.18698700709914051
0.24401959087840175
0.37555435984577484
-0.80240509192878506
-0.4801543371866539
0.8858300169239397
0.14061600372814789
0.39077944351591209
0.26446919662057505
1.1951162970020177
16
1.0188986336924952
-0.9769027551539593
-0.54685874149664215
-0.98185414382093261
-0.36515659390505845
0.13626359133097929
-0.016938857440959972
-0.97066872623886769
-0.79211863151255646
-0.36835591067793699
0.24610931057001037
0.40407548363399109
0.67898956336969052
-0.017953031336565835
0.38739806461104032
0.56084574559365175
2
8
0.092353309386763269
0.23542558600577873
0.55252821401666585
-0.65994385793637944
1.2004550622653749
-0.10426312420536753
0.12324202416193156
-0.65011053296736532
8
-1.0809595518366657
-1.6364151305949992
0.0004260796767224848
1.8966118947157877
-0.71751180964566741
2.3795515598734553
1.0396494906060239
-0.45053725171582043
3
16
0.090377686132513485
0.21854002809182149
-0.06145168393148135
-0.077390401146764862
0.042140180213021815
-0.057605385580361393
0.065719544829791934
0.16204372142149284
-0.066108840287513099
-0.044081485397221121
0.037442386215422924
-0.13765946696875536
-0.097410658395692351
-0.071148846525095469
0.11253912525809627
-0.096199795057448162
8
0.4017535509937194
-0.072683718183183574
-0.023632337107909806
-0.087536673984345365
-0.033234647847900339
0.055759264196365288
-0.06167368756574626
-0.011160648393665559
2
-0.013395328834095825
0.013395328834095851
