MLCPP_ARCHIVE_V1
"RandomForest"
40
0
10
2
40
"DecisionTree"
1
0
10
2
0
5
2
29
0
13
-0.00079034780302311442
1
24
0
2
0.64576802507836994
0.35423197492163011
319
0
5
1.069380353078266
2
21
0
2
0.88695652173913042
0.11304347826086956
230
0
26
1.0188723603009859
3
18
0
2
0.92272727272727273
0.077272727272727271
220
0
27
0.34310514892089183
4
13
0
2
0.95714285714285718
0.042857142857142858
210
0
23
-0.17921496151992938
5
6
0
2
0.98469387755102045
0.015306122448979591
196
1
-1
0
0
0
0
2
1
0
168
0
19
-1.0651221377784745
7
10
0
2
0.8928571428571429
0.10714285714285714
28
0
27
-0.50765711995748874
8
9
0
2
0.59999999999999998
0.40000000000000002
5
1
-1
0
0
0
0
2
1
0
3
1
-1
0
0
0
1
2
0
1
2
0
10
0.057870428988740258
11
12
0
2
0.95652173913043481
0.043478260869565216
23
1
-1
0
0
0
0
2
1
0
20
1
-1
0
0
0
0
2
0.66666666666666663
0.33333333333333331
3
0
16
0.034097131533903036
14
17
0
2
0.5714285714285714
0.42857142857142855
14
0
9
-0.27069953735698815
15
16
1
2
0.33333333333333331
0.66666666666666663
9
1
-1
0
0
0
0
2
1
0
3
1
-1
0
0
0
1
2
0
1
6
1
-1
0
0
0
0
2
1
0
5
0
3
-0.52275118289564815
19
20
1
2
0.20000000000000001
0.80000000000000004
10
1
-1
0
0
0
0
2
1
0
2
1
-1
0
0
0
1
2
0
1
8
0
22
-0.031309291639566805
22
23
1
2
0.10000000000000001
0.90000000000000002
10
1
-1
0
0
0
1
2
0
1
8
1
-1
0
0
0
0
2
0.5
0.5
2
0
22
0.2318918121696481
25
28
1
2
0.02247191011235955
0.97752808988764039
89
0
22
0.18876846747774295
26
27
0
2
0.5
0.5
4
1
-1
0
0
0
1
2
0
1
2
1
-1
0
0
0
0
2
1
0
2
1
-1
0
0
0
1
2
0
1
85
"DecisionTree"
1
0
10
2
0
5
2
17
0
2
0.05639265376087383
1
10
0
2
0.57053291536050155
0.42946708463949845
319
0
23
-0.26414931959347293
2
5
0
2
0.90256410256410258
0.097435897435897437
195
0
25
3.1244961640345705
3
4
0
2
0.98285714285714287
0.017142857142857144
175
1
-1
0
0
0
0
2
1
0
172
1
-1
0
0
0
1
2
0
1
3
0
5
-0.52010334066366803
6
9
1
2
0.20000000000000001
0.80000000000000004
20
0
21
0.54370651563409589
7
8
0
2
0.66666666666666663
0.33333333333333331
6
1
-1
0
0
0
0
2
1
0
4
1
-1
0
0
0
1
2
0
1
2
1
-1
0
0
0
1
2
0
1
14
0
20
0.17916500598533824
11
16
1
2
0.048387096774193547
0.95161290322580649
124
0
8
0.20083088235816515
12
13
0
2
0.5
0.5
12
1
-1
0
0
0
0
2
1
0
5
0
16
0.49012350542777583
14
15
1
2
0.14285714285714285
0.8571428571428571
7
1
-1
0
0
0
0
2
0.5
0.5
2
1
-1
0
0
0
1
2
0
1
5
1
-1
0
0
0
1
2
0
1
112
"DecisionTree"
1
0
10
2
0
5
2
25
0
13
-0.042743057910113527
1
16
0
2
0.62068965517241381
0.37931034482758619
319
0
25
0.59016823259632678
2
9
0
2
0.8867924528301887
0.11320754716981132
212
0
27
0.56682584817698078
3
8
0
2
0.96739130434782605
0.032608695652173912
184
0
21
1.0031303646973062
4
5
0
2
0.97802197802197799
0.02197802197802198
182
1
-1
0
0
0
0
2
1
0
162
0
23
-0.086326293116917627
6
7
0
2
0.80000000000000004
0.20000000000000001
20
1
-1
0
0
0
0
2
1
0
16
1
-1
0
0
0
1
2
0
1
4
1
-1
0
0
0
1
2
0
1
2
0
18
-0.63496949630087296
10
11
1
2
0.35714285714285715
0.6428571428571429
28
1
-1
0
0
0
1
2
0
1
9
0
27
1.0321960832149075
12
15
0
2
0.52631578947368418
0.47368421052631576
19
0
28
1.3270652605597331
13
14
0
2
0.83333333333333337
0.16666666666666666
12
1
-1
0
0
0
0
2
1
0
9
1
-1
0
0
0
1
2
0.33333333333333331
0.66666666666666663
3
1
-1
0
0
0
1
2
0
1
7
0
29
-1.1299964284969122
17
20
1
2
0.093457943925233641
0.90654205607476634
107
0
10
1.0774501084646702
18
19
0
2
0.66666666666666663
0.33333333333333331
6
1
-1
0
0
0
0
2
1
0
4
1
-1
0
0
0
1
2
0
1
2
0
22
-0.21688837500335242
21
22
1
2
0.059405940594059403
0.94059405940594054
101
1
-1
0
0
0
0
2
1
0
4
0
1
-1.2665459270577994
23
24
1
2
0.020618556701030927
0.97938144329896903
97
1
-1
0
0
0
0
2
0.66666666666666663
0.33333333333333331
3
1
-1
0
0
0
1
2
0
1
94
"DecisionTree"
1
0
10
2
0
5
2
19
0
7
-0.050753828843636009
1
10
0
2
0.61755485893416928
0.38244514106583072
319
0
21
1.3028292867964848
2
7
0
2
0.96296296296296291
0.037037037037037035
189
0
20
0.24026840824260556
3
4
0
2
0.98285714285714287
0.017142857142857144
175
1
-1
0
0
0
0
2
1
0
170
0
26
-0.22330080946502817
5
6
1
2
0.40000000000000002
0.59999999999999998
5
1
-1
0
0
0
0
2
1
0
2
1
-1
0
0
0
1
2
0
1
3
0
7
-0.40991611406238715
8
9
0
2
0.7142857142857143
0.2857142857142857
14
1
-1
0
0
0
0
2
1
0
10
1
-1
0
0
0
1
2
0
1
4
0
27
0.57228245059786087
11
18
1
2
0.11538461538461539
0.88461538461538458
130
0
21
-0.21284004702887338
12
15
1
2
0.40540540540540543
0.59459459459459463
37
0
14
-0.64678390032824551
13
14
0
2
0.875
0.125
16
1
-1
0
0
0
1
2
0.33333333333333331
0.66666666666666663
3
1
-1
0
0
0
0
2
1
0
13
0
14
1.0134039843672737
16
17
1
2
0.047619047619047616
0.95238095238095233
21
1
-1
0
0
0
1
2
0
1
19
1
-1
0
0
0
0
2
0.5
0.5
2
1
-1
0
0
0
1
2
0
1
93
"DecisionTree"
1
0
10
2
0
5
2
21
0
22
0.010327041166410891
1
8
0
2
0.59247648902821315
0.40752351097178685
319
0
27
1.0321960832149075
2
7
0
2
0.96256684491978606
0.037433155080213901
187
0
7
0.39777440875402581
3
4
0
2
0.98901098901098905
0.01098901098901099
182
1
-1
0
0
0
0
2
1
0
178
0
5
1.069380353078266
5
6
0
2
0.5
0.5
4
1
-1
0
0
0
0
2
1
0
2
1
-1
0
0
0
1
2
0
1
2
1
-1
0
0
0
1
2
0
1
5
0
3
-0.30007105426941127
9
10
1
2
0.068181818181818177
0.93181818181818177
132
1
-1
0
0
0
0
2
1
0
3
0
7
-0.11725568521917054
11
16
1
2
0.046511627906976744
0.95348837209302328
129
0
1
-0.67997066739084
12
13
1
2
0.25
0.75
12
1
-1
0
0
0
0
2
1
0
2
0
18
-0.66285912289228199
14
15
1
2
0.10000000000000001
0.90000000000000002
10
1
-1
0
0
0
1
2
0
1
7
1
-1
0
0
0
1
2
0.33333333333333331
0.66666666666666663
3
0
1
-0.95981594752361854
17
20
1
2
0.02564102564102564
0.97435897435897434
117
0
6
0.87732792804267501
18
19
0
2
0.5
0.5
6
1
-1
0
0
0
0
2
1
0
3
1
-1
0
0
0
1
2
0
1
3
1
-1
0
0
0
1
2
0
1
111
"DecisionTree"
1
0
10
2
0
5
2
21
0
22
0.16646328918882641
1
16
0
2
0.63636363636363635
0.36363636363636365
319
0
22
-0.15324426628564392
2
9
0
2
0.89686098654708524
0.1031390134529148
223
0
24
2.0193034411472546
3
8
0
2
0.97297297297297303
0.027027027027027029
185
0
29
0.95963749680394805
4
5
0
2
0.98901098901098905
0.01098901098901099
182
1
-1
0
0
0
0
2
1
0
167
0
14
-0.28003103895678921
6
7
0
2
0.8666666666666667
0.13333333333333333
15
1
-1
0
0
0
1
2
0.33333333333333331
0.66666666666666663
3
1
-1
0
0
0
0
2
1
0
12
1
-1
0
0
0
1
2
0
1
3
0
25
0.62646761136272344
10
15
0
2
0.52631578947368418
0.47368421052631576
38
0
1
0.41374778552984554
11
12
0
2
0.76923076923076927
0.23076923076923078
26
1
-1
0
0
0
0
2
1
0
19
0
23
-0.15552879298329084
13
14
1
2
0.14285714285714285
0.8571428571428571
7
1
-1
0
0
0
1
2
0
1
3
1
-1
0
0
0
1
2
0.25
0.75
4
1
-1
0
0
0
1
2
0
1
12
0
27
-0.46026263035898629
17
18
1
2
0.03125
0.96875
96
1
-1
0
0
0
0
2
1
0
2
0
0
-0.049594759346865296
19
20
1
2
0.010638297872340425
0.98936170212765961
94
1
-1
0
0
0
0
2
0.5
0.5
2
1
-1
0
0
0
1
2
0
1
92
"DecisionTree"
1
0
10
2
0
5
2
25
0
22
-0.13242609988265505
1
10
0
2
0.63009404388714729
0.36990595611285265
319
0
18
3.314317835820102
2
9
0
2
0.96875
0.03125
192
0
27
1.5458962254092021
3
8
0
2
0.97894736842105268
0.021052631578947368
190
0
19
-1.0994228098574657
4
7
0
2
0.98936170212765961
0.010638297872340425
188
0
5
-1.0113237721049648
5
6
0
2
0.66666666666666663
0.33333333333333331
6
1
-1
0
0
0
0
2
1
0
4
1
-1
0
0
0
1
2
0
1
2
1
-1
0
0
0
0
2
1
0
182
1
-1
0
0
0
1
2
0
1
2
1
-1
0
0
0
1
2
0
1
2
0
10
-0.55944130684213533
11
14
1
2
0.11811023622047244
0.88188976377952755
127
0
14
-0.91238074151165072
12
13
0
2
0.80000000000000004
0.20000000000000001
10
1
-1
0
0
0
1
2
0
1
2
1
-1
0
0
0
0
2
1
0
8
0
7
-0.43683042135779016
15
16
1
2
0.059829059829059832
0.94017094017094016
117
1
-1
0
0
0
0
2
1
0
4
0
29
-1.1267617010583661
17
18
1
2
0.026548672566371681
0.97345132743362828
113
1
-1
0
0
0
0
2
0.5
0.5
2
0
16
3.1362719170895246
19
24
1
2
0.018018018018018018
0.98198198198198194
111
0
26
-0.059581433833032438
20
23
1
2
0.0091743119266055051
0.99082568807339455
109
0
26
-0.25352226397849248
21
22
1
2
0.16666666666666666
0.83333333333333337
6
1
-1
0
0
0
1
2
0
1
3
1
-1
0
0
0
1
2
0.33333333333333331
0.66666666666666663
3
1
-1
0
0
0
1
2
0
1
103
1
-1
0
0
0
0
2
0.5
0.5
2
"DecisionTree"
1
0
10
2
0
5
2
21
0
22
0.23932687159928717
1
20
0
2
0.61442006269592475
0.38557993730407525
319
0
28
1.0337396813303334
2
17
0
2
0.89090909090909087
0.10909090909090909
220
0
22
-0.010491125236578169
3
8
0
2
0.9285714285714286
0.071428571428571425
210
0
20
-0.094246827843791958
4
5
0
2
0.9887640449438202
0.011235955056179775
178
1
-1
0
0
0
0
2
1
0
166
0
0
-0.02208850613028962
6
7
0
2
0.83333333333333337
0.16666666666666666
12
1
-1
0
0
0
1
2
0
1
2
1
-1
0
0
0
0
2
1
0
10
0
22
0.062372457173882595
9
10
0
2
0.59375
0.40625
32
1
-1
0
0
0
1
2
0
1
8
0
1
-0.42334399128654499
11
12
0
2
0.79166666666666663
0.20833333333333334
24
1
-1
0
0
0
0
2
1
0
14
0
10
-0.15148759720916521
13
16
0
2
0.5
0.5
10
0
18
-0.57221783647020286
14
15
0
2
0.83333333333333337
0.16666666666666666
6
1
-1
0
0
0
0
2
0.5
0.5
2
1
-1
0
0
0
0
2
1
0
4
1
-1
0
0
0
1
2
0
1
4
0
22
-0.38209539552992733
18
19
1
2
0.10000000000000001
0.90000000000000002
10
1
-1
0
0
0
0
2
0.5
0.5
2
1
-1
0
0
0
1
2
0
1
8
1
-1
0
0
0
1
2
0
1
99
"DecisionTree"
1
0
10
2
0
5
2
21
0
3
0.015072942336064349
1
16
0
2
0.61755485893416928
0.38244514106583072
319
0
13
-0.23510500200243223
2
13
0
2
0.89655172413793105
0.10344827586206896
203
0
7
-0.028151036794584066
3
6
0
2
0.9550561797752809
0.0449438202247191
178
0
20
-0.11185289290097078
4
5
0
2
0.99390243902439024
0.0060975609756097563
164
1
-1
0
0
0
0
2
1
0
161
1
-1
0
0
0
0
2
0.66666666666666663
0.33333333333333331
3
0
25
0.31113648625289586
7
8
0
2
0.5
0.5
14
1
-1
0
0
0
0
2
1
0
4
0
4
-0.18300425950223781
9
10
1
2
0.29999999999999999
0.69999999999999996
10
1
-1
0
0
0
0
2
1
0
2
0
12
-0.62475007831301566
11
12
1
2
0.125
0.875
8
1
-1
0
0
0
0
2
0.5
0.5
2
1
-1
0
0
0
1
2
0
1
6
0
24
0.15028721202673664
14
15
1
2
0.47999999999999998
0.52000000000000002
25
1
-1
0
0
0
0
2
1
0
12
1
-1
0
0
0
1
2
0
1
13
0
22
0.21256065765258736
17
20
1
2
0.12931034482758622
0.87068965517241381
116
0
7
0.58225500050698209
18
19
0
2
0.88235294117647056
0.11764705882352941
17
1
-1
0
0
0
0
2
1
0
15
1
-1
0
0
0
1
2
0
1
2
1
-1
0
0
0
1
2
0
1
99
"DecisionTree"
1
0
10
2
0
5
2
23
0
2
0.094157441311452553
1
14
0
2
0.64263322884012541
0.35736677115987459
319
0
15
2.5519221870104589
2
11
0
2
0.93170731707317078
0.068292682926829273
205
0
20
-0.094246827843791958
3
6
0
2
0.9494949494949495
0.050505050505050504
198
0
27
0.80068023764327578
4
5
0
2
0.98930481283422456
0.0106951871657754
187
1
-1
0
0
0
0
2
1
0
185
1
-1
0
0
0
1
2
0
1
2
0
26
-0.081474141039636613
7
10
1
2
0.27272727272727271
0.72727272727272729
11
0
0
0.087936506736013317
8
9
0
2
0.75
0.25
4
1
-1
0
0
0
0
2
0.5
0.5
2
1
-1
0
0
0
0
2
1
0
2
1
-1
0
0
0
1
2
0
1
7
0
0
-0.89939321398528427
12
13
1
2
0.42857142857142855
0.5714285714285714
7
1
-1
0
0
0
0
2
1
0
3
1
-1
0
0
0
1
2
0
1
4
0
20
0.22162669229971074
15
20
1
2
0.12280701754385964
0.8771929824561403
114
0
27
0.6073606090178052
16
19
0
2
0.8125
0.1875
16
0
3
-0.0043931351332489781
17
18
0
2
0.9285714285714286
0.071428571428571425
14
1
-1
0
0
0
0
2
0.5
0.5
2
1
-1
0
0
0
0
2
1
0
12
1
-1
0
0
0
1
2
0
1
2
0
26
-0.40891289230362793
21
22
1
2
0.01020408163265306
0.98979591836734693
98
1
-1
0
0
0
0
2
0.5
0.5
2
1
-1
0
0
0
1
2
0
1
96
"DecisionTree"
1
0
10
2
0
5
2
25
0
23
-0.25893482726637707
1
4
0
2
0.60815047021943569
0.39184952978056425
319
0
9
2.3712206066623445
2
3
0
2
0.98295454545454541
0.017045454545454544
176
1
-1
0
0
0
0
2
1
0
173
1
-1
0
0
0
1
2
0
1
3
0
6
-0.4695849002509076
5
12
1
2
0.14685314685314685
0.85314685314685312
143
0
24
-1.1250680650905258
6
7
0
2
0.82352941176470584
0.17647058823529413
17
1
-1
0
0
0
0
2
1
0
10
0
9
-0.86771445258370317
8
11
0
2
0.5714285714285714
0.42857142857142855
7
0
28
-0.16413856249567332
9
10
1
2
0.25
0.75
4
1
-1
0
0
0
0
2
0.5
0.5
2
1
-1
0
0
0
1
2
0
1
2
1
-1
0
0
0
0
2
1
0
3
0
11
-1.2764455422823056
13
14
1
2
0.055555555555555552
0.94444444444444442
126
1
-1
0
0
0
0
2
1
0
2
0
1
-0.95981594752361854
15
20
1
2
0.040322580645161289
0.95967741935483875
124
0
5
0.17158993520243926
16
17
0
2
0.5
0.5
8
1
-1
0
0
0
0
2
1
0
3
0
4
1.4122800547088046
18
19
1
2
0.20000000000000001
0.80000000000000004
5
1
-1
0
0
0
0
2
0.5
0.5
2
1
-1
0
0
0
1
2
0
1
3
0
22
0.0014049698508439394
21
24
1
2
0.0086206896551724137
0.99137931034482762
116
0
10
0.008932228878463587
22
23
1
2
0.125
0.875
8
1
-1
0
0
0
1
2
0
1
6
1
-1
0
0
0
0
2
0.5
0.5
2
1
-1
0
0
0
1
2
0
1
108
"DecisionTree"
1
0
10
2
0
5
2
23
0
22
0.23189181216964833
1
18
0
2
0.61442006269592475
0.38557993730407525
319
0
29
1.3505003956282837
2
13
0
2
0.9023255813953488
0.097674418604651161
215
0
18
2.1499259256287777
3
10
0
2
0.95431472081218272
0.045685279187817257
197
0
22
0.010327041166410891
4
5
0
2
0.9689119170984456
0.031088082901554404
193
1
-1
0
0
0
0
2
1
0
175
0
3
-0.0043931351332489781
6
9
0
2
0.66666666666666663
0.33333333333333331
18
0
2
0.065833850648518585
7
8
1
2
0.25
0.75
8
1
-1
0
0
0
0
2
0.66666666666666663
0.33333333333333331
3
1
-1
0
0
0
1
2
0
1
5
1
-1
0
0
0
0
2
1
0
10
0
14
0.35863053349486379
11
12
1
2
0.25
0.75
4
1
-1
0
0
0
1
2
0
1
2
1
-1
0
0
0
0
2
0.5
0.5
2
0
4
0.88696347285106358
14
15
1
2
0.33333333333333331
0.66666666666666663
18
1
-1
0
0
0
0
2
1
0
5
0
1
-0.32435941621774567
16
17
1
2
0.076923076923076927
0.92307692307692313
13
1
-1
0
0
0
0
2
0.5
0.5
2
1
-1
0
0
0
1
2
0
1
11
0
22
0.38059300076242519
19
22
1
2
0.019230769230769232
0.98076923076923073
104
0
22
0.3657228819031475
20
21
1
2
0.18181818181818182
0.81818181818181823
11
1
-1
0
0
0
1
2
0
1
9
1
-1
0
0
0
0
2
1
0
2
1
-1
0
0
0
1
2
0
1
93
"DecisionTree"
1
0
10
2
0
5
2
29
0
26
-0.043637831845614289
1
16
0
2
0.63322884012539182
0.36677115987460818
319
0
6
0.20719683359893629
2
15
0
2
0.94270833333333337
0.057291666666666664
192
0
1
0.55550347328269367
3
8
0
2
0.95767195767195767
0.042328042328042326
189
0
0
0.62937538584124142
4
7
0
2
0.98765432098765427
0.012345679012345678
162
0
23
0.010627911676711108
5
6
0
2
0.99375000000000002
0.0062500000000000003
160
1
-1
0
0
0
0
2
1
0
158
1
-1
0
0
0
0
2
0.5
0.5
2
1
-1
0
0
0
0
2
0.5
0.5
2
0
9
-0.86402461998032409
9
14
0
2
0.77777777777777779
0.22222222222222221
27
0
28
-0.133220460901223
10
13
1
2
0.33333333333333331
0.66666666666666663
9
0
29
-0.97661643578584545
11
12
0
2
0.75
0.25
4
1
-1
0
0
0
0
2
1
0
2
1
-1
0
0
0
0
2
0.5
0.5
2
1
-1
0
0
0
1
2
0
1
5
1
-1
0
0
0
0
2
1
0
18
1
-1
0
0
0
1
2
0
1
3
0
7
0.072581637597433815
17
22
1
2
0.16535433070866143
0.83464566929133854
127
0
23
0.11217794021625492
18
21
0
2
0.80952380952380953
0.19047619047619047
21
0
23
-0.050708659086076829
19
20
0
2
0.94444444444444442
0.055555555555555552
18
1
-1
0
0
0
0
2
1
0
15
1
-1
0
0
0
0
2
0.66666666666666663
0.33333333333333331
3
1
-1
0
0
0
1
2
0
1
3
0
13
-0.56910792877142291
23
24
1
2
0.037735849056603772
0.96226415094339623
106
1
-1
0
0
0
0
2
1
0
2
0
14
0.96805818221400919
25
26
1
2
0.019230769230769232
0.98076923076923073
104
1
-1
0
0
0
1
2
0
1
98
0
17
1.404231015211181
27
28
1
2
0.33333333333333331
0.66666666666666663
6
1
-1
0
0
0
0
2
1
0
2
1
-1
0
0
0
1
2
0
1
4
"DecisionTree"
1
0
10
2
0
5
2
21
0
27
0.51927545565216737
1
18
0
2
0.63949843260188088
0.36050156739811912
319
0
3
0.70995291987701037
2
17
0
2
0.91363636363636369
0.086363636363636365
220
0
7
-0.025407345274178886
3
8
0
2
0.96172248803827753
0.038277511961722487
209
0
20
0.1056337930994736
4
5
0
2
0.9838709677419355
0.016129032258064516
186
1
-1
0
0
0
0
2
1
0
181
0
17
-0.23115377249550398
6
7
1
2
0.40000000000000002
0.59999999999999998
5
1
-1
0
0
0
1
2
0
1
3
1
-1
0
0
0
0
2
1
0
2
0
16
0.73589253808145161
9
14
0
2
0.78260869565217395
0.21739130434782608
23
0
27
0.33297145871068601
10
11
0
2
0.88888888888888884
0.1111111111111111
18
1
-1
0
0
0
0
2
1
0
12
0
29
0.67659884593115405
12
13
0
2
0.66666666666666663
0.33333333333333331
6
1
-1
0
0
0
0
2
1
0
4
1
-1
0
0
0
1
2
0
1
2
0
23
-0.46512822725136893
15
16
1
2
0.40000000000000002
0.59999999999999998
5
1
-1
0
0
0
0
2
1
0
2
1
-1
0
0
0
1
2
0
1
3
1
-1
0
0
0
1
2
0
1
11
0
22
-0.86016971685570509
19
20
1
2
0.030303030303030304
0.96969696969696972
99
1
-1
0
0
0
0
2
1
0
3
1
-1
0
0
0
1
2
0
1
96
"DecisionTree"
1
0
10
2
0
5
2
19
0
2
-0.017038877587473803
1
10
0
2
0.64890282131661448
0.35109717868338558
319
0
9
1.5306767396126175
2
5
0
2
0.92788461538461542
0.072115384615384609
208
0
23
-0.20838076606131267
3
4
0
2
0.978494623655914
0.021505376344086023
186
1
-1
0
0
0
0
2
1
0
182
1
-1
0
0
0
1
2
0
1
4
0
23
-0.69978038197068004
6
7
0
2
0.5
0.5
22
1
-1
0
0
0
0
2
1
0
10
0
16
0.16067345736412214
8
9
1
2
0.083333333333333329
0.91666666666666663
12
1
-1
0
0
0
0
2
0.5
0.5
2
1
-1
0
0
0
1
2
0
1
10
0
10
-0.79702509990862369
11
12
1
2
0.12612612612612611
0.87387387387387383
111
1
-1
0
0
0
0
2
1
0
6
0
13
0.29395779233843289
13
18
1
2
0.076190476190476197
0.92380952380952386
105
0
12
0.29671847967370901
14
17
1
2
0.20000000000000001
0.80000000000000004
40
0
22
-0.089302755190749872
15
16
1
2
0.058823529411764705
0.94117647058823528
34
1
-1
0
0
0
0
2
1
0
2
1
-1
0
0
0
1
2
0
1
32
1
-1
0
0
0
0
2
1
0
6
1
-1
0
0
0
1
2
0
1
65
"DecisionTree"
1
0
10
2
0
5
2
35
0
10
0.057667365917743282
1
20
0
2
0.60501567398119127
0.39498432601880878
319
0
13
-0.23618417139425446
2
17
0
2
0.84878048780487803
0.15121951219512195
205
0
23
0.12729112984224447
3
16
0
2
0.90052356020942403
0.09947643979057591
191
0
14
-1.1603707877197957
4
5
0
2
0.93478260869565222
0.065217391304347824
184
1
-1
0
0
0
1
2
0.20000000000000001
0.80000000000000004
5
0
26
2.5991926707255262
6
15
0
2
0.95530726256983245
0.044692737430167599
179
0
27
0.99945646868962634
7
14
0
2
0.97159090909090906
0.028409090909090908
176
0
0
-0.090130290402871571
8
9
0
2
0.98275862068965514
0.017241379310344827
174
1
-1
0
0
0
0
2
1
0
143
0
26
-0.046017473933288644
10
11
0
2
0.90322580645161288
0.096774193548387094
31
1
-1
0
0
0
0
2
1
0
23
0
13
-0.45242273828064061
12
13
0
2
0.625
0.375
8
1
-1
0
0
0
0
2
1
0
5
1
-1
0
0
0
1
2
0
1
3
1
-1
0
0
0
1
2
0
1
2
1
-1
0
0
0
1
2
0
1
3
1
-1
0
0
0
1
2
0
1
7
0
27
-0.13239877632724098
18
19
1
2
0.14285714285714285
0.8571428571428571
14
1
-1
0
0
0
0
2
1
0
2
1
-1
0
0
0
1
2
0
1
12
0
5
-0.51285848275768331
21
24
1
2
0.16666666666666666
0.83333333333333337
114
0
26
-0.40891289230362793
22
23
0
2
0.61111111111111116
0.3888888888888889
18
1
-1
0
0
0
0
2
1
0
11
1
-1
0
0
0
1
2
0
1
7
0
13
0.13019383712940419
25
30
1
2
0.083333333333333329
0.91666666666666663
96
0
19
0.33620796854798379
26
27
0
2
0.53846153846153844
0.46153846153846156
13
1
-1
0
0
0
1
2
0
1
5
0
21
0.099739917567404454
28
29
0
2
0.875
0.125
8
1
-1
0
0
0
0
2
1
0
6
1
-1
0
0
0
0
2
0.5
0.5
2
0
13
0.25982906032205377
31
34
1
2
0.012048192771084338
0.98795180722891562
83
0
7
0.40391505168064679
32
33
1
2
0.14285714285714285
0.8571428571428571
7
1
-1
0
0
0
0
2
0.5
0.5
2
1
-1
0
0
0
1
2
0
1
5
1
-1
0
0
0
1
2
0
1
76
"DecisionTree"
1
0
10
2
0
5
2
19
0
22
-0.096737814620388718
1
8
0
2
0.61442006269592475
0.38557993730407525
319
0
27
1.0321960832149075
2
7
0
2
0.97860962566844922
0.021390374331550801
187
0
27
-0.057565371698026641
3
4
0
2
0.99456521739130432
0.005434782608695652
184
1
-1
0
0
0
0
2
1
0
168
0
29
-0.12803960440721954
5
6
0
2
0.9375
0.0625
16
1
-1
0
0
0
0
2
0.5
0.5
2
1
-1
0
0
0
0
2
1
0
14
1
-1
0
0
0
1
2
0
1
3
0
25
-0.71471552236265934
9
10
1
2
0.098484848484848481
0.90151515151515149
132
1
-1
0
0
0
0
2
1
0
4
0
22
0.23189181216964833
11
18
1
2
0.0703125
0.9296875
128
0
15
0.97986880242139784
12
17
1
2
0.32142857142857145
0.6785714285714286
28
0
28
-0.44477979235299048
13
16
1
2
0.13636363636363635
0.86363636363636365
22
0
18
-1.0422742513129082
14
15
1
2
0.42857142857142855
0.5714285714285714
7
1
-1
0
0
0
1
2
0
1
4
1
-1
0
0
0
0
2
1
0
3
1
-1
0
0
0
1
2
0
1
15
1
-1
0
0
0
0
2
1
0
6
1
-1
0
0
0
1
2
0
1
100
"DecisionTree"
1
0
10
2
0
5
2
29
0
22
-0.068484588787761036
1
14
0
2
0.63949843260188088
0.36050156739811912
319
0
4
1.6238659001792835
2
11
0
2
0.96446700507614214
0.03553299492385787
197
0
22
-0.15324426628564392
3
8
0
2
0.98421052631578942
0.015789473684210527
190
0
17
1.0601045296312805
4
5
0
2
0.99447513812154698
0.0055248618784530384
181
1
-1
0
0
0
0
2
1
0
175
0
10
-0.32754327976356301
6
7
0
2
0.83333333333333337
0.16666666666666666
6
1
-1
0
0
0
0
2
0.5
0.5
2
1
-1
0
0
0
0
2
1
0
4
0
14
-1.1367843265265227
9
10
0
2
0.77777777777777779
0.22222222222222221
9
1
-1
0
0
0
1
2
0
1
2
1
-1
0
0
0
0
2
1
0
7
0
24
1.7687469176781998
12
13
1
2
0.42857142857142855
0.5714285714285714
7
1
-1
0
0
0
0
2
1
0
3
1
-1
0
0
0
1
2
0
1
4
0
13
-0.28110459732885618
15
22
1
2
0.11475409836065574
0.88524590163934425
122
0
1
0.28665647926867061
16
21
0
2
0.625
0.375
16
0
29
0.4261770300637
17
18
0
2
0.83333333333333337
0.16666666666666666
12
1
-1
0
0
0
0
2
1
0
7
0
29
1.2265025104840122
19
20
0
2
0.59999999999999998
0.40000000000000002
5
1
-1
0
0
0
1
2
0
1
2
1
-1
0
0
0
0
2
1
0
3
1
-1
0
0
0
1
2
0
1
4
0
21
-1.2132676809702572
23
26
1
2
0.037735849056603772
0.96226415094339623
106
0
28
-0.45032919520327641
24
25
1
2
0.40000000000000002
0.59999999999999998
5
1
-1
0
0
0
1
2
0
1
3
1
-1
0
0
0
0
2
1
0
2
0
4
-1.3270270377702076
27
28
1
2
0.019801980198019802
0.98019801980198018
101
1
-1
0
0
0
0
2
1
0
2
1
-1
0
0
0
1
2
0
1
99
"DecisionTree"
1
0
10
2
0
5
2
23
0
22
0.23189181216964833
1
20
0
2
0.58307210031347967
0.41692789968652039
319
0
6
0.05087513784400749
2
7
0
2
0.90686274509803921
0.093137254901960786
204
0
23
0.077886024573658813
3
6
0
2
0.9880239520958084
0.011976047904191617
167
0
27
0.34310514892089183
4
5
0
2
0.9939393939393939
0.0060606060606060606
165
1
-1
0
0
0
0
2
1
0
163
1
-1
0
0
0
0
2
0.5
0.5
2
1
-1
0
0
0
0
2
0.5
0.5
2
0
27
0.54188137996724262
8
15
0
2
0.54054054054054057
0.45945945945945948
37
0
10
0.04487439244493243
9
10
0
2
0.80000000000000004
0.20000000000000001
20
1
-1
0
0
0
0
2
1
0
12
0
14
0.91640051016395374
11
12
0
2
0.5
0.5
8
1
-1
0
0
0
1
2
0
1
3
0
8
0.76694058566464007
13
14
0
2
0.80000000000000004
0.20000000000000001
5
1
-1
0
0
0
0
2
0.66666666666666663
0.33333333333333331
3
1
-1
0
0
0
0
2
1
0
2
0
25
1.0933091869757714
16
17
1
2
0.23529411764705882
0.76470588235294112
17
1
-1
0
0
0
1
2
0
1
12
0
29
1.3505003956282835
18
19
0
2
0.80000000000000004
0.20000000000000001
5
1
-1
0
0
0
0
2
1
0
2
1
-1
0
0
0
0
2
0.66666666666666663
0.33333333333333331
3
0
19
-0.92723797915630557
21
22
1
2
0.0086956521739130436
0.99130434782608701
115
1
-1
0
0
0
1
2
0.25
0.75
4
1
-1
0
0
0
1
2
0
1
111
"DecisionTree"
1
0
10
2
0
5
2
19
0
20
0.04556604172792246
1
14
0
2
0.62068965517241381
0.37931034482758619
319
0
26
0.20170326739361194
2
7
0
2
0.92018779342723001
0.079812206572769953
213
0
19
-1.0882921281894486
3
6
0
2
0.99444444444444446
0.0055555555555555558
180
0
2
-0.2350256235044258
4
5
0
2
0.8571428571428571
0.14285714285714285
7
1
-1
0
0
0
0
2
0.5
0.5
2
1
-1
0
0
0
0
2
1
0
5
1
-1
0
0
0
0
2
1
0
173
0
5
0.75098791352578576
8
13
0
2
0.51515151515151514
0.48484848484848486
33
0
16
0.092638682230379396
9
12
0
2
0.77272727272727271
0.22727272727272727
22
0
24
0.479848044697746
10
11
1
2
0.2857142857142857
0.7142857142857143
7
1
-1
0
0
0
0
2
1
0
2
1
-1
0
0
0
1
2
0
1
5
1
-1
0
0
0
0
2
1
0
15
1
-1
0
0
0
1
2
0
1
11
0
26
-0.35822651583616416
15
18
1
2
0.018867924528301886
0.98113207547169812
106
0
7
-0.24163636747753764
16
17
1
2
0.40000000000000002
0.59999999999999998
5
1
-1
0
0
0
1
2
0
1
3
1
-1
0
0
0
0
2
1
0
2
1
-1
0
0
0
1
2
0
1
101
"DecisionTree"
1
0
10
2
0
5
2
25
0
25
0.33354740705649721
1
14
0
2
0.58934169278996862
0.41065830721003133
319
0
9
-0.86771445258370317
2
9
0
2
0.79357798165137616
0.20642201834862386
218
0
20
0.27444488747124707
3
6
1
2
0.47619047619047616
0.52380952380952384
63
0
11
1.419332195844748
4
5
0
2
0.93548387096774188
0.064516129032258063
31
1
-1
0
0
0
0
2
1
0
29
1
-1
0
0
0
1
2
0
1
2
0
26
-0.40891289230362793
7
8
1
2
0.03125
0.96875
32
1
-1
0
0
0
0
2
0.5
0.5
2
1
-1
0
0
0
1
2
0
1
30
0
22
0.15754121787325986
10
11
0
2
0.92258064516129035
0.077419354838709681
155
1
-1
0
0
0
0
2
1
0
142
0
6
-0.20507947015666822
12
13
1
2
0.076923076923076927
0.92307692307692313
13
1
-1
0
0
0
0
2
0.5
0.5
2
1
-1
0
0
0
1
2
0
1
11
0
7
0.072581637597433815
15
16
1
2
0.14851485148514851
0.85148514851485146
101
1
-1
0
0
0
0
2
1
0
12
0
9
2.1291675878806844
17
22
1
2
0.033707865168539325
0.9662921348314607
89
0
9
1.6243984877384436
18
19
1
2
0.012048192771084338
0.98795180722891562
83
1
-1
0
0
0
1
2
0
1
73
0
12
0.44868480857706694
20
21
1
2
0.10000000000000001
0.90000000000000002
10
1
-1
0
0
0
1
2
0
1
7
1
-1
0
0
0
1
2
0.33333333333333331
0.66666666666666663
3
0
25
1.8063552446565525
23
24
1
2
0.33333333333333331
0.66666666666666663
6
1
-1
0
0
0
0
2
0.66666666666666663
0.33333333333333331
3
1
-1
0
0
0
1
2
0
1
3
"DecisionTree"
1
0
10
2
0
5
2
17
0
22
-0.069971600673688711
1
8
0
2
0.64576802507836994
0.35423197492163011
319
0
25
2.5058284911464201
2
7
0
2
0.96135265700483097
0.03864734299516908
207
0
9
-1.0293291206117012
3
6
0
2
0.99004975124378114
0.0099502487562189053
201
0
27
-0.38293477890879823
4
5
0
2
0.89473684210526316
0.10526315789473684
19
1
-1
0
0
0
0
2
1
0
17
1
-1
0
0
0
1
2
0
1
2
1
-1
0
0
0
0
2
1
0
182
1
-1
0
0
0
1
2
0
1
6
0
0
0.4744717493057885
9
16
1
2
0.0625
0.9375
112
0
21
-1.5962640112173445
10
11
1
2
0.19444444444444445
0.80555555555555558
36
1
-1
0
0
0
0
2
1
0
3
0
4
-0.47484680497876086
12
15
1
2
0.12121212121212122
0.87878787878787878
33
0
21
0.63387381311379132
13
14
0
2
0.66666666666666663
0.33333333333333331
6
1
-1
0
0
0
0
2
1
0
4
1
-1
0
0
0
1
2
0
1
2
1
-1
0
0
0
1
2
0
1
27
1
-1
0
0
0
1
2
0
1
76
"DecisionTree"
1
0
10
2
0
5
2
17
0
7
-0.050753828843636009
1
10
0
2
0.64576802507836994
0.35423197492163011
319
0
27
-0.057565371698026641
2
5
0
2
0.95477386934673369
0.045226130653266333
199
0
22
0.21553468142444296
3
4
0
2
0.99456521739130432
0.005434782608695652
184
1
-1
0
0
0
0
2
1
0
182
1
-1
0
0
0
0
2
0.5
0.5
2
0
18
-0.57570403979412899
6
9
1
2
0.46666666666666667
0.53333333333333333
15
0
12
-0.74383641969001069
7
8
1
2
0.20000000000000001
0.80000000000000004
10
1
-1
0
0
0
0
2
1
0
2
1
-1
0
0
0
1
2
0
1
8
1
-1
0
0
0
0
2
1
0
5
0
1
-0.95981594752361854
11
12
1
2
0.13333333333333333
0.8666666666666667
120
1
-1
0
0
0
0
2
1
0
8
0
23
-0.285802719934803
13
16
1
2
0.071428571428571425
0.9285714285714286
112
0
27
0.84121499848409997
14
15
0
2
0.61538461538461542
0.38461538461538464
13
1
-1
0
0
0
0
2
1
0
8
1
-1
0
0
0
1
2
0
1
5
1
-1
0
0
0
1
2
0
1
99
"DecisionTree"
1
0
10
2
0
5
2
27
0
7
-0.14325542867443844
1
12
0
2
0.63636363636363635
0.36363636363636365
319
0
26
0.39421631228646731
2
9
0
2
0.97872340425531912
0.021276595744680851
188
0
14
-0.94543500755011078
3
8
0
2
0.9887640449438202
0.011235955056179775
178
0
9
-0.72676284713462691
4
7
0
2
0.84615384615384615
0.15384615384615385
13
0
8
-1.2808839037880433
5
6
0
2
0.66666666666666663
0.33333333333333331
6
1
-1
0
0
0
0
2
1
0
2
1
-1
0
0
0
0
2
0.5
0.5
4
1
-1
0
0
0
0
2
1
0
7
1
-1
0
0
0
0
2
1
0
165
0
15
-0.46942181786270221
10
11
0
2
0.80000000000000004
0.20000000000000001
10
1
-1
0
0
0
1
2
0
1
2
1
-1
0
0
0
0
2
1
0
8
0
12
-0.45841602376788571
13
20
1
2
0.14503816793893129
0.85496183206106868
131
0
6
0.093502569465995777
14
15
0
2
0.68421052631578949
0.31578947368421051
19
1
-1
0
0
0
0
2
1
0
10
0
3
0.12803517977162582
16
19
1
2
0.33333333333333331
0.66666666666666663
9
0
17
0.22165726500495408
17
18
1
2
0.14285714285714285
0.8571428571428571
7
1
-1
0
0
0
1
2
0
1
5
1
-1
0
0
0
0
2
0.5
0.5
2
1
-1
0
0
0
0
2
1
0
2
0
20
-0.32209002270140052
21
24
1
2
0.053571428571428568
0.9464285714285714
112
0
5
0.99979158634972987
22
23
0
2
0.83333333333333337
0.16666666666666666
6
1
-1
0
0
0
0
2
1
0
4
1
-1
0
0
0
0
2
0.5
0.5
2
0
4
-1.1059563095717417
25
26
1
2
0.009433962264150943
0.99056603773584906
106
1
-1
0
0
0
1
2
0.33333333333333331
0.66666666666666663
3
1
-1
0
0
0
1
2
0
1
103
"DecisionTree"
1
0
10
2
0
5
2
25
0
23
-0.17921496151992938
1
10
0
2
0.56112852664576807
0.43887147335423199
319
0
6
0.90013012029217832
2
7
0
2
0.94736842105263153
0.052631578947368418
171
0
7
0.080812712158649269
3
4
0
2
0.97560975609756095
0.024390243902439025
164
1
-1
0
0
0
0
2
1
0
153
0
11
-1.0471486203579834
5
6
0
2
0.63636363636363635
0.36363636363636365
11
1
-1
0
0
0
1
2
0
1
4
1
-1
0
0
0
0
2
1
0
7
0
15
2.7491476116315452
8
9
1
2
0.2857142857142857
0.7142857142857143
7
1
-1
0
0
0
1
2
0
1
4
1
-1
0
0
0
0
2
0.66666666666666663
0.33333333333333331
3
0
21
-1.2132676809702572
11
14
1
2
0.11486486486486487
0.88513513513513509
148
0
7
0.91384971854451946
12
13
0
2
0.81818181818181823
0.18181818181818182
11
1
-1
0
0
0
0
2
1
0
9
1
-1
0
0
0
1
2
0
1
2
0
26
-0.45864741193602199
15
16
1
2
0.058394160583941604
0.94160583941605835
137
1
-1
0
0
0
0
2
1
0
4
0
4
-1.0902697727523787
17
20
1
2
0.03007518796992481
0.96992481203007519
133
0
23
0.022559377170913469
18
19
1
2
0.40000000000000002
0.59999999999999998
5
1
-1
0
0
0
0
2
1
0
2
1
-1
0
0
0
1
2
0
1
3
0
26
-0.094562172521845594
21
24
1
2
0.015625
0.984375
128
0
14
-0.7108992103324947
22
23
1
2
0.18181818181818182
0.81818181818181823
11
1
-1
0
0
0
0
2
0.66666666666666663
0.33333333333333331
3
1
-1
0
0
0
1
2
0
1
8
1
-1
0
0
0
1
2
0
1
117
"DecisionTree"
1
0
10
2
0
5
2
27
0
23
-0.25919997094402603
1
6
0
2
0.62068965517241381
0.37931034482758619
319
0
7
0.86302609942844288
2
5
0
2
0.98342541436464093
0.016574585635359115
181
0
27
0.90981228606087994
3
4
0
2
0.994413407821229
0.0055865921787709499
179
1
-1
0
0
0
0
2
1
0
177
1
-1
0
0
0
0
2
0.5
0.5
2
1
-1
0
0
0
1
2
0
1
2
0
4
-0.47776523043352592
7
16
1
2
0.14492753623188406
0.85507246376811596
138
0
1
0.14245672793387684
8
11
0
2
0.57692307692307687
0.42307692307692307
26
0
20
0.27444488747124707
9
10
0
2
0.8571428571428571
0.14285714285714285
14
1
-1
0
0
0
0
2
1
0
11
1
-1
0
0
0
1
2
0.33333333333333331
0.66666666666666663
3
0
19
-0.66805210602962561
12
13
1
2
0.25
0.75
12
1
-1
0
0
0
1
2
0
1
6
0
10
-0.16468669682397014
14
15
0
2
0.5
0.5
6
1
-1
0
0
0
0
2
1
0
3
1
-1
0
0
0
1
2
0
1
3
0
12
-0.75102028251089681
17
18
1
2
0.044642857142857144
0.9553571428571429
112
1
-1
0
0
0
0
2
0.5
0.5
2
0
27
-0.048990710750929131
19
20
1
2
0.036363636363636362
0.96363636363636362
110
1
-1
0
0
0
0
2
1
0
2
0
0
0.47157635423035954
21
26
1
2
0.018518518518518517
0.98148148148148151
108
0
0
0.43393621824978196
22
25
1
2
0.045454545454545456
0.95454545454545459
44
0
15
1.0209813909357059
23
24
1
2
0.023809523809523808
0.97619047619047616
42
1
-1
0
0
0
1
2
0
1
40
1
-1
0
0
0
0
2
0.5
0.5
2
1
-1
0
0
0
0
2
0.5
0.5
2
1
-1
0
0
0
1
2
0
1
64
"DecisionTree"
1
0
10
2
0
5
2
27
0
27
-0.048990710750929131
1
10
0
2
0.64263322884012541
0.35736677115987459
319
0
15
2.9365980152072706
2
9
0
2
0.98378378378378384
0.016216216216216217
185
0
21
1.3028292867964848
3
4
0
2
0.99453551912568305
0.0054644808743169399
183
1
-1
0
0
0
0
2
1
0
168
0
5
-0.80541728425066617
5
6
0
2
0.93333333333333335
0.066666666666666666
15
1
-1
0
0
0
0
2
1
0
11
0
24
-0.13412830110029905
7
8
0
2
0.75
0.25
4
1
-1
0
0
0
0
2
0.5
0.5
2
1
-1
0
0
0
0
2
1
0
2
1
-1
0
0
0
1
2
0
1
2
0
21
-0.016189464906489898
11
18
1
2
0.17164179104477612
0.82835820895522383
134
0
20
-0.17917020047253696
12
13
1
2
0.375
0.625
40
1
-1
0
0
0
0
2
1
0
12
0
25
-0.36655713297713405
14
15
1
2
0.10714285714285714
0.8928571428571429
28
1
-1
0
0
0
0
2
1
0
2
0
3
-0.37292137449547813
16
17
1
2
0.038461538461538464
0.96153846153846156
26
1
-1
0
0
0
1
2
0.33333333333333331
0.66666666666666663
3
1
-1
0
0
0
1
2
0
1
23
0
10
-0.52816959390859775
19
22
1
2
0.085106382978723402
0.91489361702127658
94
0
24
0.57013868378569388
20
21
0
2
0.69999999999999996
0.29999999999999999
10
1
-1
0
0
0
0
2
1
0
7
1
-1
0
0
0
1
2
0
1
3
0
26
-0.089564924137729332
23
26
1
2
0.011904761904761904
0.98809523809523814
84
0
14
-0.71040090481432683
24
25
1
2
0.20000000000000001
0.80000000000000004
5
1
-1
0
0
0
0
2
0.5
0.5
2
1
-1
0
0
0
1
2
0
1
3
1
-1
0
0
0
1
2
0
1
79
"DecisionTree"
1
0
10
2
0
5
2
21
0
7
0.0018989179527105424
1
6
0
2
0.66457680250783702
0.33542319749216298
319
0
10
-0.1037677755248705
2
3
0
2
0.98477157360406087
0.015228426395939087
197
1
-1
0
0
0
0
2
1
0
169
0
23
0.083100516900754595
4
5
0
2
0.8928571428571429
0.10714285714285714
28
1
-1
0
0
0
0
2
1
0
25
1
-1
0
0
0
1
2
0
1
3
0
20
-0.12635200530100049
7
10
1
2
0.14754098360655737
0.85245901639344257
122
0
28
2.1055672032712738
8
9
0
2
0.72222222222222221
0.27777777777777779
18
1
-1
0
0
0
0
2
1
0
13
1
-1
0
0
0
1
2
0
1
5
0
1
-1.2665459270577994
11
16
1
2
0.04807692307692308
0.95192307692307687
104
0
13
-0.28987284863741214
12
13
0
2
0.5
0.5
6
1
-1
0
0
0
0
2
1
0
2
0
13
1.657218526557908
14
15
1
2
0.25
0.75
4
1
-1
0
0
0
0
2
0.5
0.5
2
1
-1
0
0
0
1
2
0
1
2
0
27
0.26047659797613432
17
20
1
2
0.020408163265306121
0.97959183673469385
98
0
11
-0.69185380928900486
18
19
1
2
0.16666666666666666
0.83333333333333337
12
1
-1
0
0
0
0
2
1
0
2
1
-1
0
0
0
1
2
0
1
10
1
-1
0
0
0
1
2
0
1
86
"DecisionTree"
1
0
10
2
0
5
2
25
0
27
-0.077832752118438792
1
8
0
2
0.61755485893416928
0.38244514106583072
319
0
22
0.13374902769841568
2
3
0
2
0.97175141242937857
0.028248587570621469
177
1
-1
0
0
0
0
2
1
0
169
0
24
-1.546273896435802
4
5
1
2
0.375
0.625
8
1
-1
0
0
0
0
2
1
0
2
0
29
-0.39706110304631348
6
7
1
2
0.16666666666666666
0.83333333333333337
6
1
-1
0
0
0
1
2
0.33333333333333331
0.66666666666666663
3
1
-1
0
0
0
1
2
0
1
3
0
7
0.28449914455444153
9
20
1
2
0.176056338028169
0.823943661971831
142
0
22
0.23932687159928717
10
19
0
2
0.51111111111111107
0.48888888888888887
45
0
11
1.4789647846002345
11
18
0
2
0.74193548387096775
0.25806451612903225
31
0
21
1.3268738994577369
12
17
0
2
0.85185185185185186
0.14814814814814814
27
0
29
0.97850674019546791
13
14
0
2
0.92000000000000004
0.080000000000000002
25
1
-1
0
0
0
0
2
1
0
16
0
2
-0.17523137654934254
15
16
0
2
0.77777777777777779
0.22222222222222221
9
1
-1
0
0
0
0
2
1
0
7
1
-1
0
0
0
1
2
0
1
2
1
-1
0
0
0
1
2
0
1
2
1
-1
0
0
0
1
2
0
1
4
1
-1
0
0
0
1
2
0
1
14
0
20
-0.082854668100911785
21
24
1
2
0.020618556701030927
0.97938144329896903
97
0
2
-0.27614728105950065
22
23
1
2
0.22222222222222221
0.77777777777777779
9
1
-1
0
0
0
1
2
0
1
7
1
-1
0
0
0
0
2
1
0
2
1
-1
0
0
0
1
2
0
1
88
"DecisionTree"
1
0
10
2
0
5
2
21
0
13
-0.13744017204251724
1
12
0
2
0.64890282131661448
0.35109717868338558
319
0
27
0.58007759691340399
2
7
0
2
0.88738738738738743
0.11261261261261261
222
0
18
-0.85576237348286077
3
6
0
2
0.98477157360406087
0.015228426395939087
197
0
28
-0.38770022017862094
4
5
0
2
0.875
0.125
24
1
-1
0
0
0
0
2
1
0
21
1
-1
0
0
0
1
2
0
1
3
1
-1
0
0
0
0
2
1
0
173
0
15
3.0826483296497074
8
11
1
2
0.12
0.88
25
0
22
-0.30923181311946679
9
10
1
2
0.043478260869565216
0.95652173913043481
23
1
-1
0
0
0
1
2
0.33333333333333331
0.66666666666666663
3
1
-1
0
0
0
1
2
0
1
20
1
-1
0
0
0
0
2
1
0
2
0
19
-0.9613114944665615
13
14
1
2
0.10309278350515463
0.89690721649484539
97
1
-1
0
0
0
0
2
1
0
3
0
27
-0.048990710750929131
15
18
1
2
0.074468085106382975
0.92553191489361697
94
0
0
0.40063917488234813
16
17
0
2
0.66666666666666663
0.33333333333333331
9
1
-1
0
0
0
0
2
1
0
6
1
-1
0
0
0
1
2
0
1
3
0
23
-0.12185554592187553
19
20
1
2
0.011764705882352941
0.9882352941176471
85
1
-1
0
0
0
0
2
0.5
0.5
2
1
-1
0
0
0
1
2
0
1
83
"DecisionTree"
1
0
10
2
0
5
2
27
0
7
-0.055979907930122072
1
12
0
2
0.63949843260188088
0.36050156739811912
319
0
3
-0.26246613188551032
2
3
0
2
0.9631578947368421
0.036842105263157891
190
1
-1
0
0
0
0
2
1
0
147
0
1
0.44918670746805711
4
9
0
2
0.83720930232558144
0.16279069767441862
43
0
25
-0.30153389796950192
5
6
0
2
0.97058823529411764
0.029411764705882353
34
1
-1
0
0
0
0
2
1
0
29
0
24
-1.1205535331361283
7
8
0
2
0.80000000000000004
0.20000000000000001
5
1
-1
0
0
0
0
2
1
0
2
1
-1
0
0
0
0
2
0.66666666666666663
0.33333333333333331
3
0
19
-0.57491783084825943
10
11
1
2
0.33333333333333331
0.66666666666666663
9
1
-1
0
0
0
1
2
0
1
6
1
-1
0
0
0
0
2
1
0
3
0
27
0.57228245059786087
13
22
1
2
0.16279069767441862
0.83720930232558144
129
0
23
-0.19733311282594021
14
15
0
2
0.55882352941176472
0.44117647058823528
34
1
-1
0
0
0
0
2
1
0
15
0
24
0.95838843186386835
16
21
1
2
0.21052631578947367
0.78947368421052633
19
0
26
-0.36179597896767568
17
18
1
2
0.11764705882352941
0.88235294117647056
17
1
-1
0
0
0
0
2
0.5
0.5
2
0
14
0.91640051016395374
19
20
1
2
0.066666666666666666
0.93333333333333335
15
1
-1
0
0
0
1
2
0
1
13
1
-1
0
0
0
0
2
0.5
0.5
2
1
-1
0
0
0
0
2
1
0
2
0
25
1.3855980977382343
23
24
1
2
0.021052631578947368
0.97894736842105268
95
1
-1
0
0
0
1
2
0
1
79
0
6
0.65880691898493404
25
26
1
2
0.125
0.875
16
1
-1
0
0
0
0
2
0.66666666666666663
0.33333333333333331
3
1
-1
0
0
0
1
2
0
1
13
"DecisionTree"
1
0
10
2
0
5
2
27
0
7
-0.055979907930122072
1
12
0
2
0.63322884012539182
0.36677115987460818
319
0
0
0.26310790879946977
2
7
0
2
0.97282608695652173
0.02717391304347826
184
0
27
0.05780279377201223
3
4
0
2
0.9887640449438202
0.011235955056179775
178
1
-1
0
0
0
0
2
1
0
167
0
15
-0.45648429000854929
5
6
0
2
0.81818181818181823
0.18181818181818182
11
1
-1
0
0
0
1
2
0
1
2
1
-1
0
0
0
0
2
1
0
9
0
21
-0.49192930113269284
8
9
0
2
0.5
0.5
6
1
-1
0
0
0
0
2
1
0
2
0
7
-0.26998784652172425
10
11
1
2
0.25
0.75
4
1
-1
0
0
0
0
2
0.5
0.5
2
1
-1
0
0
0
1
2
0
1
2
0
1
-0.71663162112002454
13
18
1
2
0.17037037037037037
0.82962962962962961
135
0
6
1.0990159082461801
14
17
0
2
0.80952380952380953
0.19047619047619047
21
0
8
-0.14138334343481673
15
16
0
2
0.94444444444444442
0.055555555555555552
18
1
-1
0
0
0
0
2
0.5
0.5
2
1
-1
0
0
0
0
2
1
0
16
1
-1
0
0
0
1
2
0
1
3
0
16
-0.63394458812558718
19
20
1
2
0.052631578947368418
0.94736842105263153
114
1
-1
0
0
0
0
2
1
0
2
0
14
1.714519848429283
21
26
1
2
0.035714285714285712
0.9642857142857143
112
0
20
-0.15017197567247759
22
25
1
2
0.018181818181818181
0.98181818181818181
110
0
21
0.58149090695892036
23
24
0
2
0.5
0.5
4
1
-1
0
0
0
0
2
1
0
2
1
-1
0
0
0
1
2
0
1
2
1
-1
0
0
0
1
2
0
1
106
1
-1
0
0
0
0
2
1
0
2
"DecisionTree"
1
0
10
2
0
5
2
17
0
22
-0.075919648217399868
1
4
0
2
0.65517241379310343
0.34482758620689657
319
0
27
1.0321960832149075
2
3
0
2
0.97989949748743721
0.020100502512562814
199
1
-1
0
0
0
0
2
1
0
195
1
-1
0
0
0
1
2
0
1
4
0
6
-0.087268143534233983
5
10
1
2
0.11666666666666667
0.8833333333333333
120
0
24
-0.21764714225665061
6
9
0
2
0.5714285714285714
0.42857142857142855
21
0
9
-0.8846876825592459
7
8
0
2
0.92307692307692313
0.076923076923076927
13
1
-1
0
0
0
0
2
1
0
11
1
-1
0
0
0
0
2
0.5
0.5
2
1
-1
0
0
0
1
2
0
1
8
0
11
-1.172088511960204
11
12
1
2
0.020202020202020204
0.97979797979797978
99
1
-1
0
0
0
1
2
0.33333333333333331
0.66666666666666663
3
0
26
-0.059581433833032438
13
16
1
2
0.010416666666666666
0.98958333333333337
96
0
8
-0.1595862277855073
14
15
1
2
0.25
0.75
4
1
-1
0
0
0
1
2
0
1
2
1
-1
0
0
0
0
2
0.5
0.5
2
1
-1
0
0
0
1
2
0
1
92
"DecisionTree"
1
0
10
2
0
5
2
25
0
7
0.18925385320323401
1
16
0
2
0.62068965517241381
0.37931034482758619
319
0
26
-0.32681524027886266
2
7
0
2
0.93137254901960786
0.068627450980392163
204
0
14
-0.94709602594400333
3
6
0
2
0.99382716049382713
0.0061728395061728392
162
0
23
-0.30851669498672873
4
5
0
2
0.90000000000000002
0.10000000000000001
10
1
-1
0
0
0
0
2
1
0
7
1
-1
0
0
0
0
2
0.66666666666666663
0.33333333333333331
3
1
-1
0
0
0
0
2
1
0
152
0
9
-0.53562951827959693
8
11
0
2
0.69047619047619047
0.30952380952380953
42
0
24
-0.39145662250094998
9
10
1
2
0.16666666666666666
0.83333333333333337
12
1
-1
0
0
0
0
2
0.5
0.5
4
1
-1
0
0
0
1
2
0
1
8
0
16
-0.47748218536323289
12
15
0
2
0.90000000000000002
0.10000000000000001
30
0
7
-0.20622968166659489
13
14
1
2
0.25
0.75
4
1
-1
0
0
0
0
2
0.5
0.5
2
1
-1
0
0
0
1
2
0
1
2
1
-1
0
0
0
0
2
1
0
26
0
1
-1.2567696727300168
17
20
1
2
0.069565217391304349
0.93043478260869561
115
0
18
0.42948458527123629
18
19
0
2
0.8571428571428571
0.14285714285714285
7
1
-1
0
0
0
0
2
1
0
5
1
-1
0
0
0
0
2
0.5
0.5
2
0
22
0.074268552261304702
21
24
1
2
0.018518518518518517
0.98148148148148151
108
0
21
-0.34937909749812657
22
23
1
2
0.18181818181818182
0.81818181818181823
11
1
-1
0
0
0
0
2
1
0
2
1
-1
0
0
0
1
2
0
1
9
1
-1
0
0
0
1
2
0
1
97
"DecisionTree"
1
0
10
2
0
5
2
17
0
20
0.25269621887120247
1
14
0
2
0.67084639498432597
0.32915360501567398
319
0
29
0.47955003279971298
2
7
0
2
0.92207792207792205
0.07792207792207792
231
0
20
0.13670331967096538
3
4
0
2
0.99468085106382975
0.0053191489361702126
188
1
-1
0
0
0
0
2
1
0
184
0
7
0.099365292915674572
5
6
0
2
0.75
0.25
4
1
-1
0
0
0
0
2
0.5
0.5
2
1
-1
0
0
0
0
2
1
0
2
0
12
-0.66122199724982167
8
11
0
2
0.60465116279069764
0.39534883720930231
43
0
28
1.095575884519234
9
10
0
2
0.94999999999999996
0.050000000000000003
20
1
-1
0
0
0
0
2
1
0
17
1
-1
0
0
0
0
2
0.66666666666666663
0.33333333333333331
3
0
27
0.35012078060488078
12
13
1
2
0.30434782608695654
0.69565217391304346
23
1
-1
0
0
0
0
2
1
0
7
1
-1
0
0
0
1
2
0
1
16
0
19
-0.99379491239567219
15
16
1
2
0.011363636363636364
0.98863636363636365
88
1
-1
0
0
0
1
2
0.33333333333333331
0.66666666666666663
3
1
-1
0
0
0
1
2
0
1
85
"DecisionTree"
1
0
10
2
0
5
2
17
0
2
0.29829709845985908
1
14
0
2
0.67084639498432597
0.32915360501567398
319
0
7
0.080028800295676397
2
7
0
2
0.89699570815450647
0.10300429184549356
233
0
27
-0.056006342434917963
3
4
0
2
0.98536585365853657
0.014634146341463415
205
1
-1
0
0
0
0
2
1
0
192
0
19
-0.6489709374558823
5
6
0
2
0.76923076923076927
0.23076923076923078
13
1
-1
0
0
0
1
2
0
1
3
1
-1
0
0
0
0
2
1
0
10
0
26
0.20170326739361194
8
11
1
2
0.25
0.75
28
0
17
0.40486129329928938
9
10
0
2
0.8571428571428571
0.14285714285714285
7
1
-1
0
0
0
0
2
0.5
0.5
2
1
-1
0
0
0
0
2
1
0
5
0
8
0.080691845643607846
12
13
1
2
0.047619047619047616
0.95238095238095233
21
1
-1
0
0
0
1
2
0.33333333333333331
0.66666666666666663
3
1
-1
0
0
0
1
2
0
1
18
0
22
0.22445675274000948
15
16
1
2
0.058139534883720929
0.94186046511627908
86
1
-1
0
0
0
0
2
1
0
5
1
-1
0
0
0
1
2
0
1
81
"DecisionTree"
1
0
10
2
0
5
2
25
0
22
-0.075919648217399868
1
12
0
2
0.56426332288401249
0.43573667711598746
319
0
8
0.8779781802038521
2
5
0
2
0.94350282485875703
0.056497175141242938
177
0
6
0.23063242007759252
3
4
0
2
0.99346405228758172
0.0065359477124183009
153
1
-1
0
0
0
0
2
1
0
151
1
-1
0
0
0
0
2
0.5
0.5
2
0
21
0.038769649747800755
6
9
0
2
0.625
0.375
24
0
4
1.8500438729235884
7
8
0
2
0.875
0.125
16
1
-1
0
0
0
0
2
1
0
14
1
-1
0
0
0
1
2
0
1
2
0
1
0.074022947639397513
10
11
1
2
0.125
0.875
8
1
-1
0
0
0
1
2
0
1
6
1
-1
0
0
0
0
2
0.5
0.5
2
0
4
-0.94945574455995629
13
16
1
2
0.09154929577464789
0.90845070422535212
142
0
15
-0.86775392546111929
14
15
0
2
0.77777777777777779
0.22222222222222221
9
1
-1
0
0
0
1
2
0
1
2
1
-1
0
0
0
0
2
1
0
7
0
7
-0.050753828843636009
17
20
1
2
0.045112781954887216
0.95488721804511278
133
0
18
-0.64891430959657759
18
19
1
2
0.41666666666666669
0.58333333333333337
12
1
-1
0
0
0
1
2
0
1
7
1
-1
0
0
0
0
2
1
0
5
0
13
-0.32332709978390228
21
24
1
2
0.0082644628099173556
0.99173553719008267
121
0
7
0.26607721577457832
22
23
1
2
0.125
0.875
8
1
-1
0
0
0
1
2
0
1
6
1
-1
0
0
0
0
2
0.5
0.5
2
1
-1
0
0
0
1
2
0
1
113
"DecisionTree"
1
0
10
2
0
5
2
27
0
23
-0.11284066088181155
1
18
0
2
0.66144200626959249
0.33855799373040751
319
0
25
3.1244961640345705
2
17
0
2
0.94883720930232562
0.051162790697674418
215
0
29
0.94076825341242865
3
12
0
2
0.96682464454976302
0.033175355450236969
211
0
19
-1.0994228098574657
4
7
0
2
0.97916666666666663
0.020833333333333332
192
0
28
-0.10626621848554835
5
6
0
2
0.69999999999999996
0.29999999999999999
10
1
-1
0
0
0
0
2
1
0
7
1
-1
0
0
0
1
2
0
1
3
0
26
0.27618606473781915
8
9
0
2
0.99450549450549453
0.0054945054945054949
182
1
-1
0
0
0
0
2
1
0
177
0
29
0.23155426251116912
10
11
0
2
0.80000000000000004
0.20000000000000001
5
1
-1
0
0
0
0
2
0.66666666666666663
0.33333333333333331
3
1
-1
0
0
0
0
2
1
0
2
0
15
0.64320557759444275
13
16
0
2
0.84210526315789469
0.15789473684210525
19
0
29
1.1213738687312595
14
15
0
2
0.5714285714285714
0.42857142857142855
7
1
-1
0
0
0
1
2
0
1
3
1
-1
0
0
0
0
2
1
0
4
1
-1
0
0
0
0
2
1
0
12
1
-1
0
0
0
1
2
0
1
4
0
13
-0.2120377562522312
19
22
1
2
0.067307692307692304
0.93269230769230771
104
0
22
0.20661261010887622
20
21
0
2
0.7142857142857143
0.2857142857142857
7
1
-1
0
0
0
0
2
1
0
5
1
-1
0
0
0
1
2
0
1
2
0
29
-1.1976561440865041
23
24
1
2
0.020618556701030927
0.97938144329896903
97
1
-1
0
0
0
0
2
0.5
0.5
2
0
17
-0.46288211098671728
25
26
1
2
0.010526315789473684
0.98947368421052628
95
1
-1
0
0
0
1
2
0.33333333333333331
0.66666666666666663
3
1
-1
0
0
0
1
2
0
1
92
"DecisionTree"
1
0
10
2
0
5
2
21
0
23
0.091143208456105781
1
18
0
2
0.65517241379310343
0.34482758620689657
319
0
24
2.0870214204632154
2
17
0
2
0.91629955947136565
0.083700440528634359
227
0
25
2.4019807031973377
3
16
0
2
0.95412844036697253
0.045871559633027525
218
0
23
-0.002275747302203859
4
13
0
2
0.96296296296296291
0.037037037037037035
216
0
27
1.0321960832149075
5
12
0
2
0.97619047619047616
0.023809523809523808
210
0
10
0.065383762615629282
6
7
0
2
0.99033816425120769
0.0096618357487922701
207
1
-1
0
0
0
0
2
1
0
190
0
17
0.26869613713458063
8
9
0
2
0.88235294117647056
0.11764705882352941
17
1
-1
0
0
0
0
2
1
0
13
0
4
-0.6225920936262509
10
11
0
2
0.5
0.5
4
1
-1
0
0
0
0
2
1
0
2
1
-1
0
0
0
1
2
0
1
2
1
-1
0
0
0
1
2
0
1
3
0
13
-0.27962073941510057
14
15
0
2
0.5
0.5
6
1
-1
0
0
0
0
2
1
0
3
1
-1
0
0
0
1
2
0
1
3
1
-1
0
0
0
1
2
0
1
2
1
-1
0
0
0
1
2
0
1
9
0
24
-1.5625262114716323
19
20
1
2
0.010869565217391304
0.98913043478260865
92
1
-1
0
0
0
0
2
0.5
0.5
2
1
-1
0
0
0
1
2
0
1
90
"DecisionTree"
1
0
10
2
0
5
2
25
0
13
-0.23510500200243223
1
14
0
2
0.62382445141065834
0.37617554858934171
319
0
6
0.6227034479232203
2
11
0
2
0.91133004926108374
0.088669950738916259
203
0
29
0.89494294803302399
3
8
0
2
0.9732620320855615
0.026737967914438502
187
0
25
0.20066011609429751
4
5
0
2
0.98901098901098905
0.01098901098901099
182
1
-1
0
0
0
0
2
1
0
170
0
21
0.56431618362945468
6
7
0
2
0.83333333333333337
0.16666666666666666
12
1
-1
0
0
0
0
2
1
0
9
1
-1
0
0
0
1
2
0.33333333333333331
0.66666666666666663
3
0
29
1.4798894931701327
9
10
1
2
0.40000000000000002
0.59999999999999998
5
1
-1
0
0
0
1
2
0
1
3
1
-1
0
0
0
0
2
1
0
2
0
4
-0.098005118132200614
12
13
1
2
0.1875
0.8125
16
1
-1
0
0
0
0
2
1
0
3
1
-1
0
0
0
1
2
0
1
13
0
3
-0.28709366928986885
15
18
1
2
0.1206896551724138
0.87931034482758619
116
0
2
-0.24488642914263276
16
17
0
2
0.80000000000000004
0.20000000000000001
10
1
-1
0
0
0
0
2
1
0
8
1
-1
0
0
0
1
2
0
1
2
0
20
0.12323985815665225
19
24
1
2
0.056603773584905662
0.94339622641509435
106
0
10
0.10416880917605592
20
23
0
2
0.54545454545454541
0.45454545454545453
11
0
0
0.1241289451788764
21
22
1
2
0.2857142857142857
0.7142857142857143
7
1
-1
0
0
0
1
2
0
1
5
1
-1
0
0
0
0
2
1
0
2
1
-1
0
0
0
0
2
1
0
4
1
-1
0
0
0
1
2
0
1
95
1
2
1
