MLCPP_ARCHIVE_V1
"SVR_V1"
1
0.10000000000000001
0.10000000000000001
1
1500
353
10
-1.9407199221442346
1.025829216485548
-1.8878004952055434
-1.2203487688511143
-0.49130553746232963
-0.60263731200158122
-0.15142182961198003
-0.02884897220241131
0.52307508455271434
0.067619759151351294
10
1.5368137454543178
1.025829216485548
-0.34831474399393192
0.42669321742169891
0.92030812625411529
1.1771618031750828
0.79532779435310708
-0.02884897220241131
-1.4242964040118529
-0.36324260511628315
10
-0.62698498105144818
1.025829216485548
1.2590894962417205
-0.0029699094320784509
0.27096584094455062
0.66956566563372344
-0.94037984958288601
0.76613051159554335
0.33231139458888986
0.15379223200487818
10
1.4595352195076834
1.025829216485548
-0.1219197805804597
1.2860194711292536
-0.85832509002860535
-1.9455182328388474
1.1109110023414694
-1.6188079397983206
1.2537395633874997
1.101689433393674
10
1.3049781676144143
1.025829216485548
1.6213214377032765
0.49830373856399518
0.045107654749919415
0.36757809013443421
-1.1770672555741577
0.76613051159554335
0.64453863837963066
0.92934448768662015
10
0.068521752468262365
1.025829216485548
1.2590894962417205
-0.074580430574374676
1.2873276788203909
1.3185176895790058
-1.2559630575712484
2.3560894791914526
1.4512826144951514
2.6527939447571578
10
-1.0906561367312551
-0.97482113389786873
1.1458920145349845
-0.57585407857044835
-1.1124155494975654
-0.67331525520354263
-0.30921343360616121
-0.82382845600036603
-1.5045188442138167
-1.2249673336515521
10
-0.16331382537164113
-0.97482113389786873
0.24031216088109542
-1.2203487688511143
-0.49130553746232963
-0.85964801455416806
0.63753619035892595
-0.82382845600036603
0.378072082309727
-0.10472518655570248
10
-1.0906561367312551
-0.97482113389786873
-1.2991735903305153
-0.57585407857044835
-0.096053711621725074
-0.082190639332592769
0.63753619035892595
-0.82382845600036603
-0.60907822646654686
-1.4834847522121326
10
-0.85882055889135167
1.025829216485548
-0.61998870009009843
-0.074580430574374676
0.46859175386485291
0.77236994665475878
0.24305718037347296
-0.02884897220241131
-0.82451125837041117
1.3602068519542545
10
-0.9360990848379861
-0.97482113389786873
0.33087014624648481
-1.5784013745625955
-0.9994864564002498
-0.33277607432136486
-0.62479664159452364
-0.02884897220241131
-2.1299149097319403
-1.5696572250656595
10
0.068521752468262365
-0.97482113389786873
-0.82374416716222398
-2.1276540717240078
-0.57600235728531635
-0.59621204443776643
0.95311939834728832
-1.0543725063017728
-1.385503393022171
-2.6898993721615092
10
-0.47242792915817911
-0.97482113389786873
0.96477604380420723
1.8589036402676236
-0.35014417109068519
-0.705441593022616
1.5053900123269224
-0.82382845600036603
-0.68704087962056837
-0.19089765940922937
10
-0.16331382537164113
-0.97482113389786873
-0.32567524765258521
1.4292405134138462
0.27096584094455062
0.47680763871928333
0.32195298237056352
-0.02884897220241131
-0.66067669739457058
1.0155169605401471
10
-1.2452131886245241
1.025829216485548
0.33087014624648481
-0.43263303628585587
0.77914675988247073
1.0101048465159008
0.40084878436765414
-0.02884897220241131
-0.60907822646654686
-0.01855271370217559
10
1.0731425897745108
-0.97482113389786873
1.2817289925830682
-0.50424355742815208
-0.46307326418800077
-1.4700484331165617
-0.94037984958288601
-0.02884897220241131
2.177427519234052
0.75699954197956643
10
-1.0906561367312551
-0.97482113389786873
-0.008722298873723569
-0.57585407857044835
0.24273356767022169
0.16839479565617929
1.032015200344379
-0.82382845600036603
-0.71378169302122252
0.41230965056545882
10
0.91858553788124186
1.025829216485548
1.3043684889244156
-0.8622961631396332
-0.26544735126769847
0.14911899296473546
-0.62479664159452364
-0.02884897220241131
-0.28291562921349395
0.23996470485840507
10
-0.008756773478372129
-0.97482113389786873
-0.80110467082087644
0.42669321742169891
-2.2134742071963927
-2.3503100893591715
0.47974458636474471
-1.6188079397983206
-0.94239681603808489
0.49848212341898573
10
-0.54970645510481364
-0.97482113389786873
-1.3897315756959046
-2.3661171071278542
-0.9994864564002498
-0.82752167673509469
0.0063697743822011665
-0.82382845600036603
-0.71378169302122252
-0.19089765940922937
10
0.30035733030816586
-0.97482113389786873
0.14975417551570686
-1.1967172968741568
-1.5358996486124989
-1.3415430818402683
-0.4670050376003424
-0.78407948181046838
-0.34807282242917192
-1.9143471164797672
10
0.68674996004133837
-0.97482113389786873
2.2099483425783046
1.5724615556984387
-0.20898280471904065
-0.21069599060888619
-1.2559630575712484
0.76613051159554335
1.2059074042060467
0.75699954197956643
10
0.068521752468262365
-0.97482113389786873
-0.95958114521030691
-0.71907512085504077
-1.479435102063841
-1.6499559249033726
0.95311939834728832
-1.4677618378767094
-1.2376756569692569
-1.6558296979191864
10
-0.54970645510481364
-0.97482113389786873
1.8703558974580963
-0.55222260659349065
0.46859175386485291
0.89445003036723691
-0.7036924435916142
0.76613051159554335
0.085241344013827158
1.6187242705148353
10
2.0777634270807592
-0.97482113389786873
0.85157856209747118
-1.2203487688511143
0.94854039952844416
1.2671155490684876
-0.4670050376003424
0.805879485785441
0.28542081334407909
0.49848212341898573
10
-0.008756773478372129
1.025829216485548
1.5081239559965403
2.0021246825522159
1.8237408710326399
1.5691031245677773
-0.4670050376003424
1.5611099953934982
1.501751191899203
0.49848212341898573
10
-0.086035299425006623
-0.97482113389786873
1.1911710072176795
-0.79068564199733704
-0.97125418312592093
-0.85964801455416806
-1.5715462655596106
0.84562845997533853
1.075216386600031
1.1878619062472009
10
-0.85882055889135167
1.025829216485548
-1.118057619599738
-0.8622961631396332
-1.7052932882584724
-1.4507726304251178
-0.072526027614889424
-0.82382845600036603
-1.4640309929381776
-0.62176002367686378
10
0.22307880436153138
-0.97482113389786873
-0.41623323301797377
-1.1487382477088182
0.66621766678515515
0.44468130090020996
1.1898068043385601
-0.82382845600036603
-0.19911519285228746
-0.01855271370217559
10
0.53219290814806941
1.025829216485548
-0.41623323301797377
-0.79068564199733704
-0.26544735126769847
-0.28779920137466242
1.2687026063356506
-0.82382845600036603
-1.9660803487560998
-0.36324260511628315
10
-0.54970645510481364
-0.97482113389786873
-1.2538945976478209
-0.6474645997127445
0.97677267280277302
0.43183076577258045
2.6099312402861909
-0.82382845600036603
-1.0358013473530485
-0.19089765940922937
10
0.22307880436153138
1.025829216485548
0.64782309502534563
0.85635634427547636
-0.039589165073067277
0.77879521421857301
-1.4137546615654295
1.5611099953934982
-0.46238038393760478
0.32613717771193196
10
0.91858553788124186
-0.97482113389786873
-0.16719877326315399
-0.57585407857044835
0.5250563004135107
0.35472755500680464
1.5053900123269224
-0.82382845600036603
-0.97290394118531132
-0.62176002367686378
10
-1.1679346626778897
-0.97482113389786873
-1.548208050085335
-1.077127726566522
-0.49130553746232963
-0.9431764928837586
1.978764824309466
-1.6188079397983206
-1.2376756569692569
-0.96644991509097133
10
0.53219290814806941
-0.97482113389786873
1.4854844596551928
0.49830373856399518
-0.68893145038263193
-0.2749486662470329
-0.7036924435916142
-0.02884897220241131
-0.37048237732127104
-0.19089765940922937
10
0.068521752468262365
-0.97482113389786873
-1.3670920793545571
-0.1461909517166709
-0.12428598489605397
-0.37775294726806774
0.87422359635019775
-0.82382845600036603
-0.042059993020274015
0.15379223200487818
10
0.37763585625480034
1.025829216485548
0.30823064990513727
-0.0029699094320784509
0.045107654749919415
-0.41630455265095584
-0.7036924435916142
0.76613051159554335
1.5748176397826819
0.84317201483309323
10
0.76402848598797291
1.025829216485548
0.60254410234265132
-0.71907512085504077
-0.91478963657726309
-0.17856965278981282
-1.0981714535770672
-0.02884897220241131
-1.2024606421388175
-0.44941507796981001
10
-0.54970645510481364
1.025829216485548
-0.14455927692180723
-0.8622961631396332
-0.20898280471904065
-0.26209813111940383
1.2687026063356506
-0.82382845600036603
-1.6756977130954713
-0.53558755082333687
10
0.22307880436153138
-0.97482113389786873
-0.25775675862854336
0.56991425970629139
-0.35014417109068519
-0.082190639332592769
-1.0192756515799766
0.76613051159554335
0.50895141550307232
-0.10472518655570248
10
0.14580027841489687
-0.97482113389786873
1.0553340291695958
2.0021246825522159
-0.29367962454202734
-0.313500271629921
-0.15142182961198003
-0.02884897220241131
0.378072082309727
-0.27707013226275623
10
0.53219290814806941
-0.97482113389786873
1.3043684889244156
1.0711879077023649
-0.68893145038263193
-0.98172809826664664
-0.62479664159452364
-0.02884897220241131
1.1565687203259654
-0.10472518655570248
10
-1.7861628702509655
1.025829216485548
-0.64262819643144609
-0.50424355742815208
-1.2818091891435388
-1.0909576468514963
0.40084878436765414
-0.82382845600036603
-1.9660803487560998
-0.7079324965303907
10
0.22307880436153138
1.025829216485548
1.4628449633138452
1.2144089499869575
0.3838949340418662
-0.45485615803384394
-1.0192756515799766
0.76613051159554335
2.1601024851998254
1.5325517976613083
10
0.14580027841489687
1.025829216485548
0.64782309502534563
1.715682597983031
-0.74539599693128977
-0.94960176044757338
0.32195298237056352
-0.82382845600036603
0.20463342638013082
0.32613717771193196
10
0.9958640638278764
1.025829216485548
0.42142813161187337
0.78474582313318009
0.44035948059052399
0.55391084948505953
0.16416137837638237
-0.02884897220241131
-0.042059993020274015
0.41230965056545882
10
0.91858553788124186
-0.97482113389786873
-0.93694164886896014
0.68950383001392623
0.92030812625411529
-0.30064973650229149
0.79532779435310708
-0.28324240701775666
1.8832785718268519
0.15379223200487818
10
0.76402848598797291
-0.97482113389786873
-0.14455927692180723
0.28347217513710649
-0.88655736330293422
-0.74399319840550415
-0.072526027614889424
-0.82382845600036603
-0.41586643386745192
0.15379223200487818
10
1.0731425897745108
1.025829216485548
-0.64262819643144609
-1.0534962545895643
1.0332372193514308
-0.062914836641148941
2.8466186462774625
-1.1259206598435887
0.46639209276681987
0.41230965056545882
10
1.5368137454543178
-0.97482113389786873
0.26295165722244296
0.85635634427547636
1.4849535917406933
1.1193343951007504
1.1109110023414694
-0.02884897220241131
0.55075747589001067
-0.10472518655570248
10
0.60947143409470383
1.025829216485548
1.9835533791648323
2.0021246825522159
-0.68893145038263193
-0.63476364982065459
-0.94037984958288601
-0.02884897220241131
0.78313891065344543
2.2219315804895237
10
-1.4770487664644276
1.025829216485548
-1.865160998864196
-1.5784013745625955
-0.85832509002860535
-0.50625829854436111
-0.7036924435916142
-0.02884897220241131
-0.24054462206456956
-1.1387948607980252
10
-0.47242792915817911
-0.97482113389786873
-1.3670920793545571
-1.7216224168471881
-0.77362827020561864
-1.0781071117238668
1.2687026063356506
-1.6188079397983206
-0.74089913759653447
-0.88027744223744442
10
0.53219290814806941
-0.97482113389786873
2.3231458242850409
1.2860194711292536
0.29919811421887949
-0.65403945251209838
-0.54590083959743296
0.47198810259030005
2.076302048838619
0.49848212341898573
10
-1.3224917145711585
1.025829216485548
-1.6614055317920711
-0.1461909517166709
-1.4512028287895122
-1.3415430818402683
-0.23031763160907062
-0.82382845600036603
-0.34807282242917192
-1.1387948607980252
10
0.60947143409470383
1.025829216485548
-0.1219197805804597
0.56991425970629139
-0.32191189781635626
-0.0115126961306313
-1.2559630575712484
0.76613051159554335
0.63135654726663082
0.67082706912603951
10
-0.85882055889135167
-0.97482113389786873
-0.68790718911414028
-0.50424355742815208
0.97677267280277302
0.87517422767579311
1.1898068043385601
-0.5058366624811842
-0.51002422753172805
-0.79410496938391761
10
0.30035733030816586
-0.97482113389786873
-0.75582567813818213
0.85635634427547636
-0.26544735126769847
0.28726224558675079
-0.5853487405959783
0.13809671939515916
-0.8825124592676058
0.15379223200487818
10
0.22307880436153138
-0.97482113389786873
-0.50679121838336239
-0.57585407857044835
2.0495990572272711
1.9546191783966576
1.5053900123269224
-0.02884897220241131
-0.41586643386745192
0.15379223200487818
10
-1.8634413961976002
-0.97482113389786873
-0.86902315984491829
-0.43263303628585587
-1.3382737356921965
-1.5021747709356352
0.16416137837638237
-0.82382845600036603
0.049838013596059751
-0.62176002367686378
10
-1.0906561367312551
-0.97482113389786873
-0.18983826960450154
-0.1461909517166709
0.83561130643112858
0.93942690331393985
0.55864038836183527
-0.02884897220241131
-0.34807282242917192
-0.27707013226275623
10
-0.24059235131827564
-0.97482113389786873
-0.48415172204201562
-0.8622961631396332
-0.32191189781635626
0.11699265514566212
-0.38810923560325178
-0.02884897220241131
-0.76839321334650268
-0.79410496938391761
10
0.91858553788124186
-0.97482113389786873
-0.14455927692180723
0.56991425970629139
-0.85832509002860535
-0.96887756313901763
1.1109110023414694
-1.6188079397983206
-1.4640309929381776
0.49848212341898573
10
-1.9407199221442346
-0.97482113389786873
0.60254410234265132
-0.3610225151435596
0.77914675988247073
0.53463504679361573
1.1898068043385601
-0.82382845600036603
-0.08009974166064171
-0.01855271370217559
10
0.76402848598797291
1.025829216485548
2.6400987730639014
0.56991425970629139
-1.0841832762232366
-0.24282232842795953
-2.2027126815363354
2.3560894791914526
0.031759717212518988
0.58465459627251259
10
-1.0906561367312551
-0.97482113389786873
-1.1633366122824325
-0.79068564199733704
1.8519731443069689
-0.043639033949704656
0.16416137837638237
0.76613051159554335
2.7608292087779094
0.067619759151351294
10
0.9958640638278764
-0.97482113389786873
-0.1219197805804597
-0.3610225151435596
2.5860122494395203
2.5907206672143106
0.40084878436765414
0.76613051159554335
0.69613710930765427
-0.10472518655570248
10
1.4595352195076834
1.025829216485548
-0.86902315984491829
0.21186165399481025
0.07333992802424831
0.14269372540092071
0.87422359635019775
-0.82382845600036603
-1.2024606421388175
-0.44941507796981001
10
0.37763585625480034
1.025829216485548
0.21767266453974868
-0.93390668428192947
-1.9593837477274323
-1.9198171625835887
-0.86148404758579533
-0.82382845600036603
0.378072082309727
0.15379223200487818
10
-1.0906561367312551
1.025829216485548
2.0741113645302209
1.7872931191253274
1.2590954055460621
1.0229553816435304
-1.2559630575712484
2.3560894791914526
1.7716074285410195
0.84317201483309323
10
0.37763585625480034
1.025829216485548
1.5307634523378879
1.5724615556984387
-0.15251825817038286
0.13626845783710595
-0.15142182961198003
-0.02884897220241131
-0.46238038393760478
1.2740343791007278
10
0.84130701193460733
1.025829216485548
-0.61998870009009843
-0.8622961631396332
-0.66069917710830306
-0.47413196072528779
-0.23031763160907062
-0.02884897220241131
-0.24054462206456956
0.067619759151351294
10
-0.16331382537164113
1.025829216485548
-0.82374416716222398
-0.8622961631396332
-0.15251825817038286
0.35472755500680464
-1.4137546615654295
1.5611099953934982
0.39313732929601125
-1.3973122793586057
10
-1.0133776107846206
-0.97482113389786873
0.10447518283301256
0.21186165399481025
-0.74539599693128977
-0.35847714457662389
-0.38810923560325178
-0.02884897220241131
-0.7962639202711288
-0.44941507796981001
10
0.84130701193460733
1.025829216485548
-0.37095424033527952
1.35762999227155
-1.0277187296745787
-0.31992553919373579
-1.6504420675567013
0.76613051159554335
-0.21964159187109872
-0.27707013226275623
10
0.14580027841489687
-0.97482113389786873
-1.004860137893002
-0.28941199400126338
0.045107654749919415
-0.11431697715166612
1.3475984083327412
-0.82382845600036603
-1.0358013473530485
-1.2249673336515521
10
1.4595352195076834
-0.97482113389786873
-0.80110467082087644
-0.57585407857044835
-0.63246690383397419
-0.51910883367199068
0.16416137837638237
-0.82382845600036603
-0.53431693829711169
0.067619759151351294
10
0.60947143409470383
-0.97482113389786873
0.14975417551570686
0.71313530199088382
1.6543472313866667
1.4727241111105573
0.32195298237056352
0.76613051159554335
0.86637440025266588
0.23996470485840507
10
0.76402848598797291
1.025829216485548
2.3457853206263883
1.5724615556984387
-0.63246690383397419
-0.67331525520354263
-0.4670050376003424
-0.02884897220241131
0.60499236504063469
1.5325517976613083
10
-1.0906561367312551
1.025829216485548
-1.2991735903305153
0.21186165399481025
-0.15251825817038286
-0.73114266327787458
2.6099312402861909
-1.6188079397983206
-1.7675957197118051
0.067619759151351294
10
0.30035733030816586
-0.97482113389786873
0.33087014624648481
-0.71907512085504077
0.86384357970545744
0.68241620076135301
-0.072526027614889424
-0.02884897220241131
0.95714251334502753
-1.3973122793586057
10
0.9958640638278764
-0.97482113389786873
-0.39359373667662623
0.42669321742169891
0.58152084696216844
-0.25567286355558905
2.1365564283036473
-0.82382845600036603
0.39313732929601125
-0.27707013226275623
10
-0.086035299425006623
1.025829216485548
-0.23511726228719582
0.21186165399481025
-0.43484099091367184
-0.2942244689384772
-0.4670050376003424
-0.02884897220241131
0.25359547908555419
1.4463793248077814
10
0.22307880436153138
-0.97482113389786873
0.30823064990513727
0.28347217513710649
1.1461663124487464
0.99082904382445702
1.5053900123269224
-0.82382845600036603
-0.66067669739457058
-1.2249673336515521
10
-0.78154203294471714
-0.97482113389786873
-1.1406971159410848
-1.6500118957048917
-0.66069917710830306
-1.7527602059244072
3.0044102502716439
-1.6188079397983206
-0.37048237732127104
-0.10472518655570248
10
-1.554327292411062
1.025829216485548
-0.18983826960450154
0.28347217513710649
-0.74539599693128977
-0.42272982021477062
-0.30921343360616121
-0.02884897220241131
-0.66067669739457058
0.23996470485840507
10
-1.9407199221442346
-0.97482113389786873
-0.84638366350357075
-0.43263303628585587
-1.3947382822408545
-1.60497905195667
0.87422359635019775
-1.6188079397983206
-0.82451125837041117
-2.0005195893332939
10
-0.16331382537164113
-0.97482113389786873
-1.185976108623779
-1.077127726566522
0.46859175386485291
0.95227743844156931
-0.62479664159452364
0.76613051159554335
-0.17877710942080263
-0.36324260511628315
10
-2.2498340259307725
-0.97482113389786873
-0.71054668545548783
-1.435180332278003
-1.2818091891435388
-1.4250715601698589
0.16416137837638237
-0.82382845600036603
0.013493105241648432
-1.6558296979191864
10
-0.008756773478372129
-0.97482113389786873
-1.4576500647199464
-0.28941199400126338
0.016875381475590517
-0.16571911766218378
1.5053900123269224
-0.82382845600036603
-1.2736439341490102
0.84317201483309323
10
0.14580027841489687
-0.97482113389786873
1.2590894962417205
-1.1967172968741568
0.5250563004135107
1.1064838599731208
-0.94037984958288601
1.123871279304623
-0.06107986734045702
-0.62176002367686378
10
-0.7042635069980826
1.025829216485548
-0.52943071472470993
-0.38465398712051724
0.045107654749919415
-0.03721376638589035
0.16416137837638237
-0.30709179153169552
0.33231139458888986
0.84317201483309323
10
-1.4770487664644276
-0.97482113389786873
0.82893906575612364
-0.71907512085504077
-0.23721507799336958
-0.68616579033117175
-0.54590083959743296
-0.02884897220241131
1.4254833790311394
-0.27707013226275623
10
1.0731425897745108
1.025829216485548
1.5760424450205814
1.35762999227155
-0.18075053144471176
-0.024363231258260825
-0.94037984958288601
0.76613051159554335
0.72137139800968009
0.41230965056545882
10
-1.3997702405177932
-0.97482113389786873
-1.1406971159410848
-0.57585407857044835
-1.5358996486124989
-1.662806460031002
1.032015200344379
-1.6188079397983206
-1.7675957197118051
-2.1728645350403477
10
-0.85882055889135167
-0.97482113389786873
0.87421805843881784
-0.57585407857044835
-0.63246690383397419
-0.60263731200158122
-0.78258824558870477
0.090397950367282182
0.72137139800968009
-0.36324260511628315
10
-0.54970645510481364
1.025829216485548
1.2817289925830682
2.2169562459791048
0.27096584094455062
-0.33920134188517959
-0.072526027614889424
-0.02884897220241131
1.4765169031971772
2.8251388904642116
10
0.53219290814806941
1.025829216485548
-0.39359373667662623
0.99957738656006878
-1.2818091891435388
-1.2323135332554187
0.08526557637929176
-0.82382845600036603
-0.51002422753172805
-0.27707013226275623
10
0.14580027841489687
-0.97482113389786873
-0.054001291556417856
0.99957738656006878
1.541418138289351
1.4727241111105573
0.95311939834728832
-0.02884897220241131
-0.0047735067292204482
-0.19089765940922937
10
0.22307880436153138
-0.97482113389786873
1.1685315108763319
-0.1461909517166709
1.2026308589974042
0.93942690331393985
-0.072526027614889424
0.52763666645615714
1.1765301725827924
2.2219315804895237
10
-0.008756773478372129
-0.97482113389786873
0.71574158404938748
2.575008851690586
0.5250563004135107
0.56033611704887387
-0.23031763160907062
-0.02884897220241131
0.57806323605265075
1.2740343791007278
10
0.14580027841489687
1.025829216485548
-0.031361795215071119
0.140251132852514
-0.067821438347396179
-0.30064973650229149
-0.072526027614889424
-0.02884897220241131
0.81929550342052693
-0.27707013226275623
10
-0.7042635069980826
-0.97482113389786873
-1.2312551013064743
-0.0029699094320784509
-1.0841832762232366
-1.5792779817014113
1.4264942103298319
-1.6188079397983206
-0.41586643386745192
0.32613717771193196
10
-0.47242792915817911
-0.97482113389786873
1.2590894962417205
-0.8622961631396332
-0.85832509002860535
-0.87249854968179752
0.24305718037347296
-0.82382845600036603
-0.30438360616894744
0.84317201483309323
10
0.53219290814806941
-0.97482113389786873
-0.75582567813818213
-0.026601381409036087
0.045107654749919415
0.73381834127187018
-0.94037984958288601
0.76613051159554335
-0.66067669739457058
1.2740343791007278
10
1.2276996416677799
1.025829216485548
-0.64262819643144609
0.140251132852514
0.41212720731619512
0.45753183602783948
0.71643199235601651
-0.82382845600036603
-0.58384393776452104
-1.2249673336515521
10
-0.16331382537164113
1.025829216485548
-0.37095424033527952
-0.71907512085504077
-0.40660871763934298
0.2711990766772141
-1.5715462655596106
1.5611099953934982
0.031759717212518988
0.41230965056545882
10
0.45491438220143487
1.025829216485548
0.30823064990513727
1.2860194711292536
0.32743038749320841
0.43825603333639568
-1.0192756515799766
0.76613051159554335
0.99009774112752447
1.877241689075416
10
-0.78154203294471714
-0.97482113389786873
1.4175659706311519
-1.2919592899934107
-0.57600235728531635
-0.45485615803384394
-0.23031763160907062
-0.02884897220241131
-0.0047735067292204482
0.41230965056545882
10
0.91858553788124186
1.025829216485548
-0.66526769277279363
-0.50424355742815208
-0.9994864564002498
-0.80182060647983611
0.63753619035892595
-0.82382845600036603
-2.5788592699232105
0.32613717771193196
10
-0.31787087726491015
-0.97482113389786873
-0.28039625496989012
2.7182298939751783
-0.18075053144471176
-0.056489569077334177
0.40084878436765414
-0.82382845600036603
-0.71378169302122252
-0.62176002367686378
10
1.5368137454543178
-0.97482113389786873
-0.099280284239112948
-0.1461909517166709
1.8237408710326399
2.1345266701834684
0.24305718037347296
0.76613051159554335
-0.1586273415766476
0.58465459627251259
10
-1.554327292411062
-0.97482113389786873
-0.48415172204201562
-0.1461909517166709
-0.40660871763934298
-0.26852339868321812
0.32195298237056352
-0.82382845600036603
-0.76839321334650268
-0.62176002367686378
10
0.91858553788124186
1.025829216485548
0.30823064990513727
0.85635634427547636
-0.60423463055964521
-0.005087428566816995
-0.94037984958288601
-0.02884897220241131
-0.66067669739457058
0.32613717771193196
10
-1.8634413961976002
-0.97482113389786873
-0.23511726228719582
-0.79068564199733704
0.27096584094455062
0.53463504679361573
-0.78258824558870477
0.76613051159554335
0.49482774645343036
-0.19089765940922937
10
-0.008756773478372129
-0.97482113389786873
-1.072778626917043
-0.57585407857044835
-0.15251825817038286
-0.37132767970425296
1.5842858143240131
-0.82382845600036603
-1.385503393022171
-1.9143471164797672
10
-0.85882055889135167
-0.97482113389786873
-1.3897315756959046
-1.0055172054242256
-0.74539599693128977
-0.86607328211798285
1.032015200344379
-0.82382845600036603
-1.1339137683512235
-0.27707013226275623
10
-0.9360990848379861
1.025829216485548
-0.50679121838336239
1.2144089499869575
0.12980447457290611
0.32902648475154606
-1.1770672555741577
1.5611099953934982
0.90083615273379103
0.32613717771193196
10
1.4595352195076834
1.025829216485548
-0.75582567813818213
-1.7932329379894842
-0.12428598489605397
0.42540549820876616
-1.1770672555741577
0.76613051159554335
0.049838013596059751
0.67082706912603951
10
-0.78154203294471714
1.025829216485548
0.10447518283301256
0.71313530199088382
-0.20898280471904065
0.14269372540092071
-1.0192756515799766
0.76613051159554335
0.36300683532344274
-0.01855271370217559
10
-0.78154203294471714
1.025829216485548
1.5081239559965403
-1.2203487688511143
3.1788899882004271
3.220396888468148
0.0063697743822011665
1.5770095850694568
1.0648590292969597
1.4463793248077814
10
1.1504211157211452
-0.97482113389786873
-0.43887272935932131
-1.5784013745625955
-0.80186054347994751
-0.75041846596931849
-0.15142182961198003
-0.82382845600036603
0.013493105241648432
-1.1387948607980252
10
-0.086035299425006623
1.025829216485548
0.036556693808970718
-1.7932329379894842
-0.20898280471904065
-0.31992553919373579
1.032015200344379
-0.82382845600036603
-0.82451125837041117
-1.8281746436262403
10
-1.554327292411062
1.025829216485548
-0.37095424033527952
0.140251132852514
-0.37837644436501405
-0.48698249585291731
-1.4137546615654295
0.76613051159554335
1.4168208620140261
-0.36324260511628315
10
-1.2452131886245241
1.025829216485548
-0.98222064155165445
-0.50424355742815208
-1.4512028287895122
-1.1616355900534578
-0.15142182961198003
-0.82382845600036603
-1.2736439341490102
-1.1387948607980252
10
1.4595352195076834
-0.97482113389786873
0.78366007307342933
-1.077127726566522
-0.46307326418800077
-0.68616579033117175
1.032015200344379
-0.82382845600036603
-0.51002422753172805
-0.79410496938391761
10
0.37763585625480034
1.025829216485548
-0.43887272935932131
-0.21780147285896714
0.72268221333381299
1.0036795789520865
0.0063697743822011665
-0.02884897220241131
-0.24054462206456956
0.49848212341898573
10
-0.9360990848379861
-0.97482113389786873
0.82893906575612364
-0.0029699094320784509
0.35566266076753728
0.33545175231536084
-0.62479664159452364
0.59918481999797291
0.94603189369264373
-0.53558755082333687
10
1.382256693561049
-0.97482113389786873
-1.0501391305756962
2.2169562459791048
0.66621766678515515
0.41898023064495138
-0.38810923560325178
0.53558646129413645
1.2251155941135594
0.84317201483309323
10
-2.1725554999841381
1.025829216485548
-0.95958114521030691
-0.57585407857044835
-0.49130553746232963
-0.48698249585291731
0.63753619035892595
-0.82382845600036603
-0.7962639202711288
-1.1387948607980252
10
-0.008756773478372129
1.025829216485548
-0.50679121838336239
1.0711879077023649
0.58152084696216844
0.63743932781465007
0.63753619035892595
-0.02884897220241131
-0.41586643386745192
0.75699954197956643
10
0.068521752468262365
-0.97482113389786873
-0.076640787897765406
-0.1461909517166709
-0.15251825817038286
-0.46770669316147301
1.1109110023414694
-0.82382845600036603
-0.1586273415766476
-0.27707013226275623
10
-1.9407199221442346
-0.97482113389786873
-1.7066845244747655
-1.2203487688511143
-1.2253446425948811
-1.3736694196593418
1.032015200344379
-1.6188079397983206
-1.3474636443818033
-0.44941507796981001
10
-1.554327292411062
-0.97482113389786873
-0.21247776594584908
-0.1461909517166709
-1.3382737356921965
-1.1487850549258283
-0.072526027614889424
-0.82382845600036603
-0.85332354323167958
-0.01855271370217559
10
-1.3997702405177932
1.025829216485548
-0.25775675862854336
-0.8622961631396332
-0.29367962454202734
0.11699265514566212
-1.2559630575712484
0.76613051159554335
0.42270287650659538
-0.7079324965303907
10
-1.0906561367312551
1.025829216485548
-0.84638366350357075
-1.435180332278003
-0.63246690383397419
-0.73756793084168937
0.79532779435310708
-0.82382845600036603
-0.68704087962056837
1.4463793248077814
10
-0.7042635069980826
-0.97482113389786873
-0.77846517447952968
-1.2919592899934107
0.44035948059052399
0.91372583305868071
-0.30921343360616121
-0.02884897220241131
-0.60907822646654686
-1.4834847522121326
10
-0.39514940321154463
-0.97482113389786873
-1.7746030134988073
-0.57585407857044835
-0.71716372365696079
-0.67974052276735741
0.87422359635019775
-1.0861716856536912
-1.6756977130954713
-0.96644991509097133
10
0.9958640638278764
1.025829216485548
0.12711467917435931
1.1427984288446613
1.3437922253690486
1.8518148973756232
-0.86148404758579533
1.5611099953934982
0.34775327274983037
-0.19089765940922937
10
-1.1679346626778897
1.025829216485548
-1.2538945976478209
-0.79068564199733704
-1.7899901080814589
-1.4314968277336737
-0.30921343360616121
-0.82382845600036603
-1.5881309649876942
-2.1728645350403477
10
-0.47242792915817911
-0.97482113389786873
-1.4576500647199464
-1.3635698111357069
-1.1971123693205521
-1.01385443608572
0.40084878436765414
-0.82382845600036603
-1.8152395633059284
-1.0526223879444983
10
-0.39514940321154463
-0.97482113389786873
0.39878863527052666
1.8589036402676236
0.10157220129857722
0.20052113347525266
0.79532779435310708
-0.82382845600036603
-1.1679988896576925
0.15379223200487818
10
-0.16331382537164113
1.025829216485548
-0.64262819643144609
-0.57585407857044835
-0.20898280471904065
0.0013378389969977669
-0.4670050376003424
-0.02884897220241131
0.15435316456340728
0.58465459627251259
10
1.0731425897745108
-0.97482113389786873
0.57990460600130378
-0.55222260659349065
0.49682402713918178
0.39970442795350752
-1.3348588595683388
1.7519050715050073
1.5181346479967874
0.67082706912603951
10
1.2276996416677799
1.025829216485548
0.21767266453974868
0.99957738656006878
-0.067821438347396179
-0.22997179330033049
-0.94037984958288601
0.76613051159554335
1.281986901486782
0.67082706912603951
10
-0.9360990848379861
1.025829216485548
-0.98222064155165445
-0.3610225151435596
-0.80186054347994751
-0.48698249585291731
0.0063697743822011665
-0.82382845600036603
-1.2736439341490102
-0.79410496938391761
10
0.9958640638278764
1.025829216485548
-0.16719877326315399
-0.71907512085504077
-0.12428598489605397
0.046314711943700647
-0.86148404758579533
0.76613051159554335
0.64453863837963066
0.58465459627251259
10
1.4595352195076834
-0.97482113389786873
1.1911710072176795
1.5008510345561423
-0.26544735126769847
-0.78254480378839186
-0.7036924435916142
-0.02884897220241131
1.5908244647056085
0.75699954197956643
10
0.37763585625480034
-0.97482113389786873
-0.95958114521030691
-0.1461909517166709
-1.5358996486124989
-1.2387388008192335
-0.30921343360616121
-0.82382845600036603
-1.0358013473530485
0.41230965056545882
10
-2.0179984480908693
-0.97482113389786873
-0.75582567813818213
-1.5784013745625955
-0.77362827020561864
-0.54480990392724926
0.32195298237056352
-0.82382845600036603
-1.5045188442138167
-0.01855271370217559
10
-1.7861628702509655
1.025829216485548
-0.84638366350357075
-0.71907512085504077
-1.6488287417098144
-1.405795757478415
-0.15142182961198003
-0.82382845600036603
-1.1679988896576925
-0.88027744223744442
10
-0.008756773478372129
-0.97482113389786873
-1.3444525830132104
0.21186165399481025
0.58152084696216844
0.79164574934620258
-0.30921343360616121
0.76613051159554335
0.26960230400848073
-1.1387948607980252
10
0.84130701193460733
1.025829216485548
1.3043684889244156
0.42669321742169891
-0.88655736330293422
-0.69259105789498654
-0.94037984958288601
-0.02884897220241131
0.43739149231822172
-0.36324260511628315
10
0.60947143409470383
1.025829216485548
0.37614913892917912
-0.71907512085504077
-0.12428598489605397
0.96512797356919888
-1.4137546615654295
1.5611099953934982
-1.9660803487560998
-1.2249673336515521
10
0.9958640638278764
1.025829216485548
1.2817289925830682
0.61789330887162996
0.60975312023649741
-0.94960176044757338
-1.1770672555741577
1.5611099953934982
2.786063497479935
2.8251388904642116
10
-1.554327292411062
1.025829216485548
-1.6161265391093769
-1.0055172054242256
-0.94302190985159207
-0.64761418494828404
0.08526557637929176
-0.82382845600036603
-1.4640309929381776
-0.36324260511628315
10
-2.0179984480908693
-0.97482113389786873
-1.7519635171574597
0.140251132852514
-2.1005451140990767
-1.836288684253998
-0.30921343360616121
-1.6188079397983206
-1.2736439341490102
-0.7079324965303907
10
1.6913707973475869
1.025829216485548
-0.50679121838336239
-0.91027521230497188
0.15803674784723501
1.1064838599731208
-1.4926504635625202
1.7678046611809661
-0.74089913759653447
1.1878619062472009
10
2.3868775308672974
1.025829216485548
0.14975417551570686
0.56991425970629139
-0.54777008401098748
-0.12716751227929565
-1.0192756515799766
0.76613051159554335
0.067539678804944298
1.6187242705148353
10
-0.39514940321154463
-0.97482113389786873
-1.1406971159410848
-1.1487382477088182
-1.3382737356921965
-1.1552103224896431
0.24305718037347296
-0.82382845600036603
-1.5045188442138167
-0.10472518655570248
10
1.4595352195076834
1.025829216485548
-0.52943071472470993
-0.8622961631396332
-1.2818091891435388
-1.2066124630001602
-0.072526027614889424
-0.82382845600036603
-0.37048237732127104
0.23996470485840507
10
0.91858553788124186
1.025829216485548
-0.9143021525276126
1.2860194711292536
-0.067821438347396179
0.35472755500680464
-0.30921343360616121
-0.02884897220241131
-0.68704087962056837
0.23996470485840507
10
0.68674996004133837
1.025829216485548
-0.16719877326315399
0.068640611710217778
0.32743038749320841
0.5860371873041329
0.16416137837638237
-0.14809589477210444
-0.58384393776452104
1.1878619062472009
10
-1.0133776107846206
-0.97482113389786873
0.53462561331860947
0.140251132852514
0.44035948059052399
0.38685389282587801
1.1109110023414694
-0.82382845600036603
-0.82451125837041117
0.15379223200487818
10
1.3049781676144143
1.025829216485548
0.35350964258783157
0.56991425970629139
-0.83009281675427637
-0.57693624174632263
-0.62479664159452364
-0.02884897220241131
-0.02341674987474723
-0.44941507796981001
10
0.84130701193460733
1.025829216485548
-0.18983826960450154
0.020661562544879185
0.045107654749919415
0.79164574934620258
-1.1770672555741577
1.1079716896286638
-0.51002422753172805
2.2219315804895237
10
1.1504211157211452
1.025829216485548
-0.50679121838336239
1.1427984288446613
-0.12428598489605397
-0.082190639332592769
-0.4670050376003424
-0.02884897220241131
0.57806323605265075
-0.79410496938391761
10
-0.85882055889135167
-0.97482113389786873
2.7080172620879428
1.2860194711292536
-0.66069917710830306
-0.64761418494828404
0.24305718037347296
-0.82382845600036603
-0.30438360616894744
-1.0526223879444983
10
-0.086035299425006623
1.025829216485548
-0.68790718911414028
-0.3610225151435596
0.1862690211215639
0.35472755500680464
0.32195298237056352
-0.02884897220241131
-0.55898628023715147
-1.5696572250656595
10
0.84130701193460733
1.025829216485548
0.12711467917435931
0.64152478084858766
0.15803674784723501
0.38042862526206328
-0.54590083959743296
0.76613051159554335
0.33231139458888986
1.2740343791007278
10
1.7686493232942213
1.025829216485548
0.036556693808970718
0.71313530199088382
2.6142445227138493
1.8903665027585108
0.40084878436765414
0.76613051159554335
1.7716074285410195
-0.62176002367686378
10
-0.78154203294471714
-0.97482113389786873
0.21767266453974868
-1.0055172054242256
-1.1971123693205521
-1.0652565765962376
-0.23031763160907062
-0.82382845600036603
-0.30438360616894744
-0.88027744223744442
10
-1.554327292411062
1.025829216485548
1.1685315108763319
-0.8622961631396332
1.1179340391744175
1.112909127536936
-0.94037984958288601
1.5611099953934982
1.2912143652658814
-0.7079324965303907
10
0.76402848598797291
-0.97482113389786873
0.39878863527052666
1.1427984288446613
0.27096584094455062
-1.0973829144153111
-1.4926504635625202
1.5611099953934982
2.7133736807711122
0.15379223200487818
10
0.068521752468262365
1.025829216485548
0.24031216088109542
-0.43263303628585587
-0.32191189781635626
-0.056489569077334177
-1.0192756515799766
0.76613051159554335
0.52307508455271434
0.49848212341898573
10
-1.6316058183576967
-0.97482113389786873
-0.84638366350357075
-1.7216224168471881
-2.0440805675504192
-2.2924826812848398
0.47974458636474471
-1.6188079397983206
-0.39308024780069656
-1.0526223879444983
10
0.30035733030816586
1.025829216485548
-0.46151222570066808
-0.6474645997127445
0.24273356767022169
0.6053129899955767
-0.4670050376003424
0.76613051159554335
-0.099496247155482623
-0.01855271370217559
10
0.068521752468262365
1.025829216485548
-1.2086156049651267
-0.93390668428192947
-1.9593837477274323
-0.9431764928837586
-2.1238168795392447
0.76613051159554335
-1.2376756569692569
-1.4834847522121326
10
1.382256693561049
1.025829216485548
-0.52943071472470993
0.21186165399481025
1.3437922253690486
1.0165301140797161
0.63753619035892595
-0.02884897220241131
0.81929550342052693
0.41230965056545882
10
-0.7042635069980826
1.025829216485548
-1.1633366122824325
-0.3610225151435596
-0.18075053144471176
-0.14001804740692472
0.79532779435310708
-0.82382845600036603
-1.0680033127862314
0.58465459627251259
10
0.30035733030816586
1.025829216485548
-0.41623323301797377
-0.074580430574374676
0.80737903315679971
1.112909127536936
-0.15142182961198003
0.76613051159554335
-0.08009974166064171
-0.19089765940922937
10
0.30035733030816586
-0.97482113389786873
-0.41623323301797377
-0.3610225151435596
0.27096584094455062
0.45753183602783948
-1.6504420675567013
2.3560894791914526
1.2631553427539273
-0.44941507796981001
10
1.5368137454543178
1.025829216485548
-0.14455927692180723
0.99957738656006878
1.2590954055460621
-0.069340104204963698
-1.1770672555741577
2.3560894791914526
2.6915290726410008
1.1878619062472009
10
-2.0952769740375037
-0.97482113389786873
-0.48415172204201562
-1.3635698111357069
-1.1688800960462231
-1.213037730563975
0.24305718037347296
-0.82382845600036603
-0.34807282242917192
-1.0526223879444983
10
-1.8634413961976002
-0.97482113389786873
-1.2765340939891685
-0.57585407857044835
-1.1124155494975654
-1.0973829144153111
0.87422359635019775
-1.6188079397983206
-1.9144818778280761
-1.1387948607980252
10
0.9958640638278764
1.025829216485548
-0.054001291556417856
2.2169562459791048
0.75091448660814186
0.48323290628309856
0.55864038836183527
-0.02884897220241131
0.60499236504063469
0.41230965056545882
10
0.14580027841489687
1.025829216485548
-0.59734920374875178
-0.21780147285896714
-0.63246690383397419
-0.57051097418250785
0.16416137837638237
-0.82382845600036603
-0.34807282242917192
0.15379223200487818
10
-0.62698498105144818
1.025829216485548
0.60254410234265132
1.4292405134138462
-2.580493759762668
-2.1704025975723606
-1.1770672555741577
-1.0066737372738956
-0.60907822646654686
0.32613717771193196
10
0.37763585625480034
-0.97482113389786873
0.55726510965995701
1.1907774780099998
-1.2253446425948811
-0.88534908480942665
-0.30921343360616121
-0.70458153343067287
-1.0358013473530485
-0.53558755082333687
10
-0.54970645510481364
1.025829216485548
1.2817289925830682
0.99957738656006878
1.7672763244839822
1.7939874893012908
-0.072526027614889424
0.76613051159554335
0.80724330583149917
1.0155169605401471
10
-1.0906561367312551
-0.97482113389786873
1.5081239559965403
-1.5784013745625955
-0.29367962454202734
-0.005087428566816995
0.08526557637929176
-0.43428850893936805
-0.94239681603808489
0.067619759151351294
10
-0.008756773478372129
-0.97482113389786873
-0.55207021106605747
0.99957738656006878
1.2308631322717332
-0.30707500406610627
-1.0192756515799766
1.5611099953934982
2.786063497479935
0.41230965056545882
10
1.7686493232942213
1.025829216485548
-0.52943071472470993
-0.79068564199733704
-1.4229705555151833
-0.93032595775612947
-0.86148404758579533
-0.02884897220241131
-0.82451125837041117
-0.10472518655570248
10
-1.1679346626778897
-0.97482113389786873
-1.6840450281334187
-1.7932329379894842
-0.74539599693128977
-0.73756793084168937
0.71643199235601651
-0.82382845600036603
-1.1339137683512235
-2.862244317868563
10
0.60947143409470383
-0.97482113389786873
1.9609138828234849
-1.1251067757318605
0.1862690211215639
0.8366226222929054
-0.62479664159452364
0.47993789742827941
-0.97290394118531132
0.41230965056545882
10
-0.086035299425006623
1.025829216485548
-0.86902315984491829
-0.93390668428192947
-1.6205964684354857
-1.5407263763185233
-0.7036924435916142
-0.82382845600036603
0.23740033857529794
-0.19089765940922937
10
0.68674996004133837
-0.97482113389786873
0.85157856209747118
1.5724615556984387
0.3838949340418662
0.79807101691001692
-0.62479664159452364
0.76613051159554335
-0.0047735067292204482
2.480448999050104
10
-1.0133776107846206
1.025829216485548
-0.099280284239112948
-1.0055172054242256
-0.40660871763934298
-0.39702874995951154
-1.4926504635625202
1.5611099953934982
1.2912143652658814
-0.79410496938391761
10
-1.0133776107846206
-0.97482113389786873
-1.3444525830132104
-2.1512855437009653
-0.039589165073067277
-0.2942244689384772
1.3475984083327412
-0.99077414759793647
-0.66067669739457058
-1.1387948607980252
10
-0.47242792915817911
1.025829216485548
0.96477604380420723
0.42669321742169891
2.2754572434219025
1.845389629811808
0.0063697743822011665
0.76613051159554335
1.5588108148597555
1.2740343791007278
10
-0.008756773478372129
1.025829216485548
0.64782309502534563
1.0711879077023649
0.83561130643112858
1.1835870707388971
-0.86148404758579533
1.5611099953934982
0.55075747589001067
0.58465459627251259
10
0.76402848598797291
1.025829216485548
-0.61998870009009843
0.068640611710217778
1.9366699641299556
1.8068380244289204
0.71643199235601651
-0.02884897220241131
0.52307508455271434
-0.79410496938391761
10
-0.16331382537164113
1.025829216485548
3.5909576194004855
0.28347217513710649
0.63798539351082628
0.71454253858042638
-0.4670050376003424
0.76613051159554335
0.72137139800968009
0.67082706912603951
10
0.53219290814806941
1.025829216485548
-0.82374416716222398
-0.1461909517166709
-0.97125418312592093
-0.66046472007591317
0.24305718037347296
-0.82382845600036603
-2.0736085491207032
-1.3973122793586057
10
0.9958640638278764
-0.97482113389786873
1.10061302185229
-1.1487382477088182
1.3155599520947199
1.3506440273980791
-0.23031763160907062
0.76613051159554335
0.7953794238298012
0.41230965056545882
10
0.14580027841489687
1.025829216485548
0.37614913892917912
0.64152478084858766
2.6424767959881779
2.6356975401610132
-0.4670050376003424
1.5611099953934982
1.3188967566031777
0.32613717771193196
10
-0.85882055889135167
-0.97482113389786873
1.0100550364869016
1.2144089499869575
2.6424767959881779
2.6485480752886419
-0.54590083959743296
2.3560894791914526
1.3460142011784897
0.84317201483309323
10
-1.2452131886245241
1.025829216485548
1.0553340291695958
0.3550826962794027
-0.32191189781635626
-0.59621204443776643
-0.38810923560325178
-0.02884897220241131
1.0543133564065619
-1.2249673336515521
10
0.14580027841489687
-0.97482113389786873
1.2364499999003737
-0.93390668428192947
-1.479435102063841
-1.463623165552747
0.40084878436765414
-1.6188079397983206
-1.0358013473530485
-0.53558755082333687
10
-0.54970645510481364
1.025829216485548
-0.48415172204201562
-0.3610225151435596
0.29919811421887949
0.28404961180484317
0.55864038836183527
-0.02884897220241131
-0.19911519285228746
-0.44941507796981001
10
1.6140922714009525
-0.97482113389786873
1.8024374084340535
1.2860194711292536
0.32743038749320841
0.29047487936865796
0.32195298237056352
-0.02884897220241131
0.15435316456340728
1.7910692162218891
10
-1.7088843443043311
1.025829216485548
0.89685755478016549
-0.43263303628585587
0.83561130643112858
1.202862873430341
-1.4926504635625202
2.3560894791914526
1.0010200451925801
-0.79410496938391761
10
0.53219290814806941
1.025829216485548
-0.77846517447952968
-1.0055172054242256
-1.8464546546301168
-1.5278758411908937
-0.7036924435916142
-0.82382845600036603
-0.60907822646654686
-0.27707013226275623
10
-1.2452131886245241
-0.97482113389786873
0.036556693808970718
-0.6474645997127445
-0.12428598489605397
-0.42272982021477062
0.24305718037347296
-0.02884897220241131
0.68333164936931245
-1.1387948607980252
10
0.84130701193460733
1.025829216485548
0.19503316819840114
0.85635634427547636
-0.85832509002860535
-0.40987928508714105
-0.86148404758579533
-0.02884897220241131
-0.34807282242917192
0.15379223200487818
10
1.382256693561049
1.025829216485548
1.8703558974580963
1.4292405134138462
0.44035948059052399
0.79164574934620258
-1.0981714535770672
1.5611099953934982
0.63135654726663082
1.5325517976613083
10
0.9958640638278764
-0.97482113389786873
-0.52943071472470993
-0.28941199400126338
0.3838949340418662
0.020613641688442055
1.7420774183181942
-0.82382845600036603
-0.63468914634323059
-1.5696572250656595
10
0.22307880436153138
1.025829216485548
0.39878863527052666
0.78474582313318009
0.3838949340418662
0.23907273885814076
0.40084878436765414
-0.02884897220241131
0.36300683532344274
-0.36324260511628315
10
-1.1679346626778897
1.025829216485548
-0.21247776594584908
0.49830373856399518
0.49682402713918178
0.84304788985671975
-0.86148404758579533
0.76613051159554335
0.45189179254251999
1.1878619062472009
10
-0.7042635069980826
1.025829216485548
0.12711467917435931
-0.1461909517166709
-1.479435102063841
-1.2644398710744922
-0.15142182961198003
-0.82382845600036603
-0.91226632206551805
0.67082706912603951
10
0.9958640638278764
-0.97482113389786873
-0.1219197805804597
0.21186165399481025
1.3155599520947199
0.35472755500680464
2.0576606263065567
-0.82382845600036603
0.91232340356083275
-0.79410496938391761
10
1.6140922714009525
-0.97482113389786873
0.67046259136669317
2.0737352036945125
0.97677267280277302
0.77879521421857301
0.32195298237056352
-0.02884897220241131
0.72137139800968009
0.92934448768662015
10
0.68674996004133837
-0.97482113389786873
-0.41623323301797377
-0.1461909517166709
-0.067821438347396179
-0.58336150931013742
1.6631816163211037
-0.82382845600036603
-0.19911519285228746
-0.01855271370217559
10
-1.7861628702509655
-0.97482113389786873
-0.076640787897765406
-0.21780147285896714
-0.039589165073067277
0.18124533078380883
0.47974458636474471
-0.82382845600036603
-1.2376756569692569
-0.27707013226275623
10
1.5368137454543178
1.025829216485548
-0.64262819643144609
0.42669321742169891
-0.74539599693128977
-0.9431764928837586
0.71643199235601651
-0.82382845600036603
-0.28291562921349395
-0.01855271370217559
10
0.9958640638278764
-0.97482113389786873
0.82893906575612364
0.92796686541777251
0.15803674784723501
-0.47413196072528779
0.16416137837638237
-0.2434934328278591
1.355053349370261
1.1878619062472009
10
-1.3224917145711585
-0.97482113389786873
-0.68790718911414028
-0.71907512085504077
0.045107654749919415
0.51535924410217193
-0.54590083959743296
-0.02884897220241131
-0.43902925110886343
-1.2249673336515521
10
-0.47242792915817911
-0.97482113389786873
-0.32567524765258521
-0.28941199400126338
0.44035948059052399
0.86874896011197877
-0.94037984958288601
0.76613051159554335
0.31686951642794775
-0.19089765940922937
10
1.2276996416677799
1.025829216485548
0.46670712429456768
1.1427984288446613
-0.12428598489605397
0.39327916038969279
-0.7036924435916142
-0.02884897220241131
-0.46238038393760478
0.49848212341898573
10
0.60947143409470383
1.025829216485548
-0.73318618179683459
0.64152478084858766
-0.20898280471904065
0.052739979507515411
-0.23031763160907062
-0.02884897220241131
-0.28291562921349395
-1.0526223879444983
10
0.68674996004133837
1.025829216485548
-0.71054668545548783
0.87998781625243394
1.2026308589974042
1.4341725057276697
-0.7036924435916142
1.2669675863882548
0.75865788430073366
1.7910692162218891
10
-0.16331382537164113
1.025829216485548
-0.57470970740740424
0.140251132852514
1.005004946077102
0.78522048178238735
-0.62479664159452364
0.76613051159554335
1.3906449953753564
-0.88027744223744442
10
0.45491438220143487
-0.97482113389786873
-0.71054668545548783
1.1191669568677036
1.4002567719177066
1.5434020543125193
-0.15142182961198003
0.73433133224362512
0.53701043801502657
1.4463793248077814
10
0.37763585625480034
-0.97482113389786873
-0.98222064155165445
-0.074580430574374676
-0.37837644436501405
-0.85964801455416806
0.71643199235601651
-0.82382845600036603
0.59143364275297872
0.58465459627251259
10
-1.0906561367312551
1.025829216485548
-0.23511726228719582
1.1427984288446613
1.1743985857230754
1.5177009840572602
-0.86148404758579533
1.5611099953934982
0.65753241390530059
-0.10472518655570248
10
0.91858553788124186
1.025829216485548
-0.80110467082087644
1.0711879077023649
1.5978826848380088
2.4108131754274997
-0.86148404758579533
1.5611099953934982
-0.43902925110886343
-0.27707013226275623
10
-1.1679346626778897
-0.97482113389786873
-0.23511726228719582
-0.71907512085504077
-0.94302190985159207
-0.95602702801138806
0.08526557637929176
-0.82382845600036603
-0.13866588931982235
-1.8281746436262403
10
1.5368137454543178
-0.97482113389786873
1.4628449633138452
0.7611143511562225
0.46859175386485291
0.052739979507515411
-0.78258824558870477
0.86947784448927745
1.6299941068699482
2.2219315804895237
10
0.22307880436153138
-0.97482113389786873
-0.46151222570066808
-0.69544364887808319
-0.9994864564002498
-1.3865199547869713
1.6631816163211037
-1.4995610172286276
-1.2736439341490102
-0.79410496938391761
10
0.30035733030816586
-0.97482113389786873
0.71574158404938748
0.66515625282554525
0.63798539351082628
0.57961191974031856
-0.072526027614889424
0.21759466777495434
0.67052618943097053
0.58465459627251259
10
0.068521752468262365
1.025829216485548
0.55726510965995701
-0.21780147285896714
0.5250563004135107
0.81092155203764638
-0.4670050376003424
0.76613051159554335
0.2210168824777152
0.067619759151351294
10
-0.9360990848379861
-0.97482113389786873
-0.80110467082087644
-0.57585407857044835
-0.29367962454202734
0.039889444379885883
-0.7036924435916142
-0.02884897220241131
0.049838013596059751
-0.79410496938391761
10
0.37763585625480034
-0.97482113389786873
-0.93694164886896014
-1.2203487688511143
-0.68893145038263193
-1.0845323792876815
1.5842858143240131
-1.6188079397983206
-0.85332354323167958
0.84317201483309323
10
-0.85882055889135167
-0.97482113389786873
-1.0274996342343488
-0.79068564199733704
-0.12428598489605397
-0.44200562290621442
1.8209732203152849
-0.82382845600036603
-1.3474636443818033
0.15379223200487818
10
-1.7861628702509655
-0.97482113389786873
0.44406762795322091
-0.57585407857044835
0.12980447457290611
0.42540549820876616
-0.072526027614889424
-0.02884897220241131
-0.46238038393760478
0.067619759151351294
10
0.53219290814806941
1.025829216485548
-0.66526769277279363
-0.8622961631396332
-0.63246690383397419
-0.42272982021477062
-0.30921343360616121
-0.02884897220241131
-0.19911519285228746
0.41230965056545882
10
0.68674996004133837
1.025829216485548
1.1911710072176795
1.5724615556984387
1.0332372193514308
-0.22997179330033049
-0.78258824558870477
1.5611099953934982
2.5062265347097052
1.877241689075416
10
0.45491438220143487
1.025829216485548
0.21767266453974868
0.3550826962794027
0.32743038749320841
0.93942690331393985
-1.3348588595683388
1.5611099953934982
0.2210168824777152
-1.3111398065050788
10
1.4595352195076834
1.025829216485548
-0.30303575131123767
1.1907774780099998
-1.1971123693205521
-0.68616579033117175
-1.3348588595683388
0.30504241099272961
-0.08009974166064171
1.0155169605401471
10
0.30035733030816586
-0.97482113389786873
-0.52943071472470993
-0.8622961631396332
-0.60423463055964521
-0.90462488750087089
1.6631816163211037
-1.6188079397983206
-1.4640309929381776
0.23996470485840507
10
0.60947143409470383
-0.97482113389786873
-0.14455927692180723
-1.077127726566522
1.56965041156368
1.1835870707388971
0.71643199235601651
-0.02884897220241131
0.92362233880054634
0.32613717771193196
10
-2.2498340259307725
-0.97482113389786873
-0.23511726228719582
-0.8622961631396332
1.0332372193514308
1.3442187598342639
-0.30921343360616121
0.76613051159554335
0.171301567422976
-0.62176002367686378
10
0.30035733030816586
-0.97482113389786873
0.48934662063591522
1.0711879077023649
0.1862690211215639
-0.56408570661869306
0.79532779435310708
-0.82382845600036603
1.1565687203259654
-0.53558755082333687
10
-1.0133776107846206
-0.97482113389786873
-1.185976108623779
-0.93390668428192947
-0.91478963657726309
-0.86607328211798285
0.0063697743822011665
-0.82382845600036603
-0.21964159187109872
0.32613717771193196
10
0.76402848598797291
1.025829216485548
-0.031361795215071119
-0.28941199400126338
0.80737903315679971
0.30332541449628747
1.6631816163211037
-0.82382845600036603
0.12007972766961023
-2.0005195893332939
10
-1.6316058183576967
1.025829216485548
1.643960934044624
1.0711879077023649
1.6261149581123377
1.3442187598342639
0.55864038836183527
-0.02884897220241131
0.86637440025266588
-0.19089765940922937
10
0.22307880436153138
-0.97482113389786873
-0.64262819643144609
0.42669321742169891
0.1862690211215639
0.20052113347525266
0.08526557637929176
-0.02884897220241131
0.2210168824777152
0.23996470485840507
10
-0.31787087726491015
-0.97482113389786873
1.1458920145349845
1.4292405134138462
-0.66069917710830306
-0.55123517149106405
0.16416137837638237
-0.82382845600036603
-0.53431693829711169
-0.19089765940922937
10
0.91858553788124186
1.025829216485548
1.5081239559965403
0.140251132852514
0.80737903315679971
0.34830228744298991
-0.38810923560325178
0.76613051159554335
1.5426156743494992
1.7910692162218891
10
0.37763585625480034
-0.97482113389786873
0.51198611697726282
-0.50424355742815208
-0.49130553746232963
-0.51268356610817589
-0.7036924435916142
-0.02884897220241131
0.7953794238298012
0.67082706912603951
10
0.068521752468262365
1.025829216485548
-0.1219197805804597
-0.43263303628585587
-0.18075053144471176
0.12341792270947642
-0.86148404758579533
0.76613051159554335
0.33231139458888986
2.0495866347824698
10
1.0731425897745108
1.025829216485548
1.2364499999003737
1.4292405134138462
0.29919811421887949
0.44468130090020996
-0.4670050376003424
0.76613051159554335
0.48070407740378834
0.58465459627251259
10
-0.086035299425006623
1.025829216485548
-0.32567524765258521
-1.435180332278003
1.0332372193514308
1.6462063353335536
-0.62479664159452364
0.76613051159554335
-0.34807282242917192
0.92934448768662015
10
0.91858553788124186
1.025829216485548
0.26295165722244296
0.78474582313318009
1.1461663124487464
0.93300163575012551
0.08526557637929176
-0.02884897220241131
0.96825313299741311
-0.01855271370217559
10
1.4595352195076834
1.025829216485548
0.44406762795322091
-0.1461909517166709
0.44035948059052399
0.56033611704887387
-0.072526027614889424
-0.02884897220241131
0.20463342638013082
0.067619759151351294
10
-0.086035299425006623
-0.97482113389786873
0.19503316819840114
-1.077127726566522
0.55328857368783957
0.99082904382445702
-0.94037984958288601
1.5611099953934982
0.33231139458888986
0.067619759151351294
10
-1.0133776107846206
1.025829216485548
-0.50679121838336239
-0.026601381409036087
-0.94302190985159207
-0.55766043905487828
-1.4137546615654295
0.63893379418787055
0.42270287650659538
0.23996470485840507
10
0.45491438220143487
-0.97482113389786873
-1.2086156049651267
-1.2203487688511143
-0.01135689179873838
-0.23639706086414478
1.5842858143240131
-0.82382845600036603
-1.2376756569692569
-1.5696572250656595
10
0.22307880436153138
-0.97482113389786873
0.35350964258783157
0.068640611710217778
0.2145012943958928
0.23907273885814076
-0.62479664159452364
0.76613051159554335
0.83115938542222656
2.480448999050104
10
-0.16331382537164113
-0.97482113389786873
0.8062995694147761
-0.8622961631396332
-0.49130553746232963
-0.056489569077334177
-0.94037984958288601
0.36864076969656606
-0.08009974166064171
0.58465459627251259
10
0.45491438220143487
1.025829216485548
-0.25775675862854336
1.4292405134138462
-0.20898280471904065
0.16839479565617929
-0.86148404758579533
0.76613051159554335
0.13740476170383686
0.067619759151351294
10
1.5368137454543178
1.025829216485548
0.26295165722244296
1.1427984288446613
0.72268221333381299
1.03580591677116
-0.86148404758579533
0.76613051159554335
0.59143364275297872
-0.01855271370217559
10
-0.16331382537164113
1.025829216485548
0.036556693808970718
-0.074580430574374676
1.6543472313866667
1.4598735759829278
0.71643199235601651
-0.02884897220241131
0.57806323605265075
1.7048967433683622
10
-1.4770487664644276
-0.97482113389786873
1.9609138828234849
0.23549312597176789
0.44035948059052399
0.89445003036723691
0.0063697743822011665
0.034749386501425124
-1.1005819093940703
-0.01855271370217559
10
0.53219290814806941
1.025829216485548
1.3043684889244156
1.2623879991522962
0.5250563004135107
-0.71829212815024512
-1.9660252755450638
3.3736632184528341
2.7819205545587065
1.7048967433683622
10
0.45491438220143487
-0.97482113389786873
-0.84638366350357075
-0.3610225151435596
-0.15251825817038286
-0.33920134188517959
1.1109110023414694
-0.82382845600036603
-0.60907822646654686
0.067619759151351294
10
-1.6316058183576967
-0.97482113389786873
-1.5255685537439876
-1.2203487688511143
-1.7052932882584724
-1.5021747709356352
-0.54590083959743296
-0.82382845600036603
-0.34807282242917192
-1.7420021707727134
10
-0.47242792915817911
-0.97482113389786873
0.64782309502534563
-0.1461909517166709
1.7108117779353245
1.9096423054499547
-0.38810923560325178
1.5611099953934982
0.7087542536586664
0.067619759151351294
10
-0.54970645510481364
-0.97482113389786873
-0.73318618179683459
-0.6474645997127445
-1.1406478227718944
-1.1809113927449015
0.63753619035892595
-0.82382845600036603
-1.0041643286818518
-2.6898993721615092
10
0.45491438220143487
-0.97482113389786873
0.10447518283301256
0.92796686541777251
-0.35014417109068519
-1.0973829144153111
1.3475984083327412
-0.82382845600036603
0.61817445615363276
1.2740343791007278
10
0.91858553788124186
1.025829216485548
0.42142813161187337
1.2144089499869575
-0.096053711621725074
-0.030788498822075589
-0.62479664159452364
-0.02884897220241131
0.67052618943097053
0.15379223200487818
10
-0.9360990848379861
-0.97482113389786873
-1.004860137893002
-0.43263303628585587
0.016875381475590517
-0.30707500406610627
1.4264942103298319
-0.82382845600036603
-0.48610814794100238
0.41230965056545882
10
1.4595352195076834
1.025829216485548
-0.61998870009009843
1.1664299008216188
0.016875381475590517
-0.30064973650229149
1.5842858143240131
-1.0623223011397522
-0.76839321334650268
0.15379223200487818
10
0.22307880436153138
1.025829216485548
-0.82374416716222398
0.56991425970629139
0.80737903315679971
1.5305515191848897
-1.5715462655596106
2.3560894791914526
0.34775327274983037
-0.96644991509097133
10
0.45491438220143487
1.025829216485548
0.96477604380420723
0.59354573168324909
-1.2535769158692098
-1.1230839846705696
-1.5715462655596106
0.60713461483595232
0.96825313299741311
0.84317201483309323
10
-0.24059235131827564
1.025829216485548
-1.1633366122824325
-0.074580430574374676
-0.54777008401098748
-0.57693624174632263
0.40084878436765414
-0.82382845600036603
-0.32622821429906051
0.92934448768662015
10
0.14580027841489687
1.025829216485548
0.73838108039073502
-0.050948958597417049
3.1506577149260981
4.1006585447107584
-1.3348588595683388
4.0175966003291776
0.34775327274983037
1.5325517976613083
10
-1.2452131886245241
1.025829216485548
1.1458920145349845
-0.43263303628585587
-0.9994864564002498
-0.98172809826664664
0.47974458636474471
-0.82382845600036603
-0.8825124592676058
-0.10472518655570248
10
1.7686493232942213
1.025829216485548
0.14975417551570686
-0.12255947973971328
2.2754572434219025
2.4236637105551284
-0.7036924435916142
2.0062985063203524
1.1565687203259654
0.15379223200487818
10
-0.62698498105144818
-0.97482113389786873
0.12711467917435931
-0.21780147285896714
0.41212720731619512
0.16196952809236453
1.5842858143240131
-0.82382845600036603
-0.82451125837041117
-0.88027744223744442
10
-0.008756773478372129
-0.97482113389786873
1.4402054669724993
-0.1461909517166709
2.4730831563422049
2.6935249482353449
-0.54590083959743296
1.895001378588639
0.97917543706246879
-0.01855271370217559
10
1.9232063751874904
-0.97482113389786873
0.14975417551570686
0.49830373856399518
0.63798539351082628
0.20052113347525266
1.3475984083327412
-0.82382845600036603
0.2210168824777152
0.67082706912603951
10
-0.39514940321154463
-0.97482113389786873
-0.95958114521030691
-2.0796750225586691
-1.5358996486124989
-1.2066124630001602
-0.38810923560325178
-0.82382845600036603
-1.0358013473530485
-0.96644991509097133
10
0.30035733030816586
-0.97482113389786873
0.55726510965995701
1.2860194711292536
2.5860122494395203
1.9032170378861404
1.3475984083327412
-0.02884897220241131
1.2155114991598022
-0.44941507796981001
10
0.91858553788124186
-0.97482113389786873
-1.3444525830132104
0.71313530199088382
0.27096584094455062
-1.168060857617272
3.8722640722396404
-1.6188079397983206
0.013493105241648432
-1.0526223879444983
10
1.2276996416677799
-0.97482113389786873
-1.2086156049651267
-0.1941700008820095
1.0897017659000887
1.0293806492073456
1.1898068043385601
-0.43428850893936805
-0.55898628023715147
0.92934448768662015
10
-1.3224917145711585
-0.97482113389786873
0.76102057673208179
-0.50424355742815208
-0.60423463055964521
-0.36490241214043823
-0.15142182961198003
-0.02884897220241131
-0.51002422753172805
-1.1387948607980252
10
-0.47242792915817911
-0.97482113389786873
-0.95958114521030691
-0.71907512085504077
0.69444994005948413
0.76594467909094355
0.79532779435310708
-0.02884897220241131
-0.66067669739457058
0.23996470485840507
10
-0.086035299425006623
1.025829216485548
-0.16719877326315399
-0.074580430574374676
-0.66069917710830306
-1.2837156737659363
-0.78258824558870477
-0.02884897220241131
1.6910083571643992
0.15379223200487818
10
-0.54970645510481364
-0.97482113389786873
1.3722869779484568
-0.074580430574374676
-0.49130553746232963
-0.33277607432136486
0.47974458636474471
-0.82382845600036603
-1.2376756569692569
-1.3111398065050788
10
0.14580027841489687
-0.97482113389786873
-0.75582567813818213
0.42669321742169891
0.10157220129857722
0.34187701987917563
0.16416137837638237
-0.02884897220241131
-0.63468914634323059
-0.96644991509097133
10
0.30035733030816586
1.025829216485548
0.059196190150318267
1.1427984288446613
0.58152084696216844
0.37400335769824894
0.87422359635019775
-0.82382845600036603
0.10275469363538359
1.5325517976613083
10
1.0731425897745108
1.025829216485548
2.5948197803812065
1.715682597983031
-2.1287773873734057
-2.048322513859882
-1.4926504635625202
-0.02884897220241131
0.78313891065344543
-0.62176002367686378
10
0.68674996004133837
1.025829216485548
1.2590894962417205
1.1427984288446613
-0.43484099091367184
0.046314711943700647
-0.7036924435916142
-0.02884897220241131
-0.48610814794100238
-0.36324260511628315
10
-1.7861628702509655
1.025829216485548
-0.46151222570066808
-0.0029699094320784509
-0.74539599693128977
-0.51910883367199068
0.32195298237056352
-0.82382845600036603
-1.4640309929381776
-0.36324260511628315
10
-0.31787087726491015
1.025829216485548
2.6853777657465967
2.0021246825522159
0.35566266076753728
0.38042862526206328
-0.4670050376003424
0.76613051159554335
0.74641737112437789
0.067619759151351294
10
0.37763585625480034
-0.97482113389786873
0.37614913892917912
-0.50424355742815208
1.2590954055460621
0.93300163575012551
0.63753619035892595
-0.02884897220241131
0.7953794238298012
-0.01855271370217559
10
-0.54970645510481364
-0.97482113389786873
-0.37095424033527952
-0.8622961631396332
-0.039589165073067277
-0.21069599060888619
0.79532779435310708
-0.82382845600036603
-0.1586273415766476
-1.1387948607980252
10
-1.6316058183576967
-0.97482113389786873
-0.34831474399393192
-0.28941199400126338
0.016875381475590517
-0.25567286355558905
1.5053900123269224
-0.82382845600036603
-0.82451125837041117
-1.9143471164797672
10
0.22307880436153138
-0.97482113389786873
0.96477604380420723
0.56991425970629139
0.27096584094455062
-0.26209813111940383
0.55864038836183527
-0.82382845600036603
0.97917543706246879
0.75699954197956643
10
-1.3224917145711585
1.025829216485548
2.0288323718475261
2.1453457248368086
-0.039589165073067277
-0.075765371768778011
-0.15142182961198003
-0.02884897220241131
0.49482774645343036
1.5325517976613083
10
-0.9360990848379861
1.025829216485548
2.8891332328187214
-0.3610225151435596
0.86384357970545744
0.67599093319753867
-0.94037984958288601
1.5611099953934982
1.4932769904694179
1.0155169605401471
10
0.91858553788124186
1.025829216485548
-0.30303575131123767
-0.38465398712051724
-0.096053711621725074
0.1940958659114379
-0.30921343360616121
-0.012949382526452554
-0.21964159187109872
0.067619759151351294
10
0.30035733030816586
1.025829216485548
-1.5029290574026408
-1.0055172054242256
-1.0277187296745787
-1.9712193030941061
2.5310354382891003
-1.6188079397983206
-0.39308024780069656
-0.79410496938391761
10
0.68674996004133837
1.025829216485548
0.69310208770803994
0.99957738656006878
-0.80186054347994751
-0.87249854968179752
-1.4926504635625202
0.76613051159554335
1.3279359047949491
0.067619759151351294
10
1.6140922714009525
-0.97482113389786873
0.39878863527052666
1.2860194711292536
1.2873276788203909
0.90087529793105214
0.16416137837638237
-0.02884897220241131
1.2251155941135594
-1.2249673336515521
10
0.84130701193460733
1.025829216485548
-0.50679121838336239
0.068640611710217778
-0.5195378107366585
-0.51910883367199068
0.32195298237056352
-0.82382845600036603
-0.30438360616894744
-0.53558755082333687
10
-1.4770487664644276
-0.97482113389786873
-1.2086156049651267
-1.7216224168471881
-0.91478963657726309
-0.57051097418250785
-0.94037984958288601
-0.02884897220241131
0.049838013596059751
-0.10472518655570248
10
1.6140922714009525
-0.97482113389786873
2.4137038096504293
0.56991425970629139
0.5250563004135107
0.53463504679361573
0.40084878436765414
-0.02884897220241131
0.013493105241648432
-0.10472518655570248
10
0.068521752468262365
-0.97482113389786873
-0.16719877326315399
-1.3635698111357069
-0.77362827020561864
-0.48055722828910252
0.08526557637929176
-0.82382845600036603
-1.3101771580907497
-1.1387948607980252
10
-0.086035299425006623
-0.97482113389786873
0.91949705112151214
1.7872931191253274
0.29919811421887949
0.16839479565617929
-0.30921343360616121
-0.02884897220241131
0.90083615273379103
-0.36324260511628315
10
0.45491438220143487
-0.97482113389786873
-0.48415172204201562
-1.5067908534202994
0.44035948059052399
-0.18499492035362761
2.5310354382891003
-1.6188079397983206
-0.85332354323167958
1.5325517976613083
10
-1.4770487664644276
1.025829216485548
-1.5708475464266827
-0.8622961631396332
-1.0277187296745787
-0.28779920137466242
-0.86148404758579533
-0.02884897220241131
-1.9660803487560998
-0.7079324965303907
10
-0.62698498105144818
1.025829216485548
0.036556693808970718
-0.1461909517166709
1.3437922253690486
1.03580591677116
-1.0192756515799766
2.3560894791914526
1.7572954439040493
0.067619759151351294
10
1.0731425897745108
1.025829216485548
1.8703558974580963
1.7872931191253274
0.75091448660814186
0.46395710359165382
-0.54590083959743296
0.76613051159554335
1.3906449953753564
2.7389664176106847
10
0.22307880436153138
1.025829216485548
-0.031361795215071119
0.42669321742169891
-0.77362827020561864
-0.48698249585291731
-0.15142182961198003
-0.82382845600036603
-0.7962639202711288
-0.27707013226275623
10
0.37763585625480034
1.025829216485548
-0.95958114521030691
0.21186165399481025
-0.66069917710830306
-0.30707500406610627
-0.23031763160907062
-0.02884897220241131
-0.8825124592676058
-0.88027744223744442
10
1.3049781676144143
-0.97482113389786873
-0.008722298873723569
-1.7932329379894842
1.56965041156368
1.652631602897368
0.08526557637929176
0.76613051159554335
0.50895141550307232
0.58465459627251259
10
-0.24059235131827564
-0.97482113389786873
-1.3670920793545571
-1.4831593814433417
0.045107654749919415
0.36757809013443421
-0.072526027614889424
-0.12424651025816595
-0.60907822646654686
-1.0526223879444983
10
-2.1725554999841381
1.025829216485548
-0.48415172204201562
-0.50424355742815208
-1.7617578348071301
-1.367244152095527
-0.38810923560325178
-0.82382845600036603
-1.5881309649876942
-1.4834847522121326
10
1.382256693561049
1.025829216485548
-0.076640787897765406
-0.28941199400126338
2.134295877050258
1.0229553816435304
1.1898068043385601
-0.02884897220241131
1.7716074285410195
-0.36324260511628315
10
1.1504211157211452
-0.97482113389786873
-0.076640787897765406
-0.6710960716897022
-0.94302190985159207
-1.1744861251810867
-0.30921343360616121
-0.52968604699512267
0.77108671306441767
0.49848212341898573
10
-0.086035299425006623
-0.97482113389786873
0.51198611697726282
0.140251132852514
-0.68893145038263193
-0.77611953622457752
0.47974458636474471
-0.82382845600036603
-0.30438360616894744
-0.27707013226275623
10
-0.008756773478372129
-0.97482113389786873
-1.3897315756959046
-0.0029699094320784509
-0.039589165073067277
0.084866317326588767
0.24305718037347296
-0.02884897220241131
-0.39308024780069656
-0.53558755082333687
10
-0.54970645510481364
-0.97482113389786873
-1.3218130866718627
-1.077127726566522
-1.8182223813557878
-2.1190004570618437
1.1109110023414694
-1.6188079397983206
-1.1339137683512235
-1.3973122793586057
10
-1.7088843443043311
-0.97482113389786873
-1.7066845244747655
-0.8622961631396332
0.07333992802424831
-0.35847714457662389
1.5053900123269224
-0.82382845600036603
-0.19911519285228746
-1.9143471164797672
10
-0.7042635069980826
1.025829216485548
-0.008722298873723569
1.4292405134138462
0.83561130643112858
1.395620900344781
-1.4137546615654295
2.3560894791914526
0.57806323605265075
1.5325517976613083
10
-1.0906561367312551
-0.97482113389786873
-0.25775675862854336
-1.2919592899934107
0.016875381475590517
0.18767059834762312
0.24305718037347296
-0.02884897220241131
-0.53431693829711169
-1.0526223879444983
10
0.30035733030816586
1.025829216485548
0.76102057673208179
0.99957738656006878
1.1179340391744175
1.5434020543125193
-1.4926504635625202
3.1510689629894073
0.96825313299741311
1.0155169605401471
10
1.3049781676144143
-0.97482113389786873
-0.43887272935932131
1.7872931191253274
0.94854039952844416
0.66956566563372344
-1.0192756515799766
1.5611099953934982
1.6606895476045027
2.8251388904642116
10
-1.3997702405177932
-0.97482113389786873
-1.2312551013064743
0.64152478084858766
-1.0277187296745787
-0.99457863339427621
-0.23031763160907062
-0.82382845600036603
0.067539678804944298
0.49848212341898573
10
0.068521752468262365
-0.97482113389786873
-1.4802895610612932
-0.50424355742815208
-0.01135689179873838
0.0013378389969977669
0.55864038836183527
-0.82382845600036603
-0.43902925110886343
0.15379223200487818
10
0.68674996004133837
1.025829216485548
0.98741554014555399
-0.3610225151435596
0.44035948059052399
1.0615069870264189
-1.2559630575712484
1.5611099953934982
0.15435316456340728
0.15379223200487818
10
0.91858553788124186
-0.97482113389786873
-0.16719877326315399
-1.2203487688511143
0.1862690211215639
-0.62191311469302502
3.2410976562629155
-1.6188079397983206
-1.6314435500732609
-0.36324260511628315
10
-0.9360990848379861
-0.97482113389786873
-1.5255685537439876
-1.7216224168471881
1.7390440512096532
0.59246245486794724
3.7144724682454591
-0.82382845600036603
-0.06107986734045702
0.067619759151351294
10
-1.2452131886245241
1.025829216485548
-0.21247776594584908
-0.33739104316660196
-0.9994864564002498
-0.46128142559765828
-1.2559630575712484
0.36864076969656606
-0.17877710942080263
-0.7079324965303907
10
-0.47242792915817911
-0.97482113389786873
0.85157856209747118
-0.28941199400126338
-0.18075053144471176
0.0013378389969977669
-0.072526027614889424
-0.02884897220241131
-0.21964159187109872
-0.79410496938391761
10
1.3049781676144143
1.025829216485548
1.1232525181936377
1.0711879077023649
0.69444994005948413
0.42540549820876616
-0.23031763160907062
0.76613051159554335
1.1665494464543789
-0.01855271370217559
10
1.3049781676144143
1.025829216485548
0.87421805843881784
0.21186165399481025
0.86384357970545744
1.4727241111105573
-0.78258824558870477
0.76613051159554335
-0.19911519285228746
-0.62176002367686378
10
1.382256693561049
1.025829216485548
-0.031361795215071119
1.35762999227155
1.8802054175812979
2.2566067538959476
0.47974458636474471
0.40838974388646365
-0.71378169302122252
0.067619759151351294
10
1.6140922714009525
1.025829216485548
-0.41623323301797377
0.92796686541777251
1.541418138289351
0.69526673588898247
-0.78258824558870477
1.5611099953934982
2.2231882069548892
0.75699954197956643
10
-0.39514940321154463
-0.97482113389786873
0.10447518283301256
2.0021246825522159
0.12980447457290611
-0.40345401752332632
1.3475984083327412
-0.82382845600036603
0.28542081334407909
0.23996470485840507
10
0.45491438220143487
1.025829216485548
2.2099483425783046
1.4292405134138462
-0.71716372365696079
-0.52553410123580502
-0.54590083959743296
-0.02884897220241131
0.10275469363538359
0.84317201483309323
353
-0
-0.41065343155848133
-1
1
1
-0
-0.27244304332851171
1
0
1
1
-0.28145034725090484
-0.23209920665161399
-1
-1
-1
0
-1
-1
-0.49155342361623711
0.8432901933470901
-1
1
1
0.62455836932954345
0
1
1
1
-0.48072969758243933
0.33313468601310681
1
-0.00098085749201479557
-0.98771198855933695
1
1
0.25432650418693836
1
1
1
1
-0.082062804638471432
-1
-1
-0.085875739997365738
1
-1
-0
0
-1
-1
0.069416423615469139
-0.60731659083027123
-0
0.81125804268083479
0.63137210122408771
-0
-1
-0.44523512927152753
1
-1
-1
1
1
1
-0.71920293096690557
1
-0
-0.5347149046241938
-0.25663349191531976
-1
1
0.9183641493444149
1
-0.99814547978585322
1
0
-1
1
-0.66236268876850979
1
1
-1
1
-0.3207272353641597
-0
-1
1
-1
-1
-1
-1
1
-1
1
-1
-0.10338274306341334
1
0
-1
1
1
-1
-1
0.25098516148132455
-0
1
1
-1
0.46858494993683764
1
1
0.61927893684712088
-1
0
-0
-1
0
-0.17908697549855415
-1
1
-0.21860818724840567
-0.87910835856628256
-1
0
-1
1
0
-0.43153687298833315
0
-1
-1
0
1
1
-1
-0.10690257021802713
1
-1
-1
-0.48260872290962625
-1
-1
-0.13993587205687072
-1
1
-1
1
1
1
-0
-1
-1
-1
-0.34462408962351371
1
-0.418753260170381
-1
1
-1
-1
0
1
1
1
-1
-1
0.28766981537789715
-1
1
0.15080405044076245
1
-1
1
-1
1
-1
-0.29603574044078984
0.063156907964314293
0
1
1
-0
-0.15445911843041835
0.78856521576750394
1
0.40316577407928145
0.19156613911428694
-1
-1
-1
-1
1
-0.46543489734161669
-0
1
-1
-0.81840727011982983
1
1
-0
-1
-0.36178948892360957
0
1
-1
1
0.92690701644195428
0.0016305063467364138
-0
0.82133090091721328
-0.62437850919647786
0.36929104247190403
1
-0.12902073383152685
-1
0.042664699082565823
1
1
-1
-1
1
1
-1
-1
-0
1
-1
0.86322635011682436
-1
-1
1
1
1
0.16752734093318272
1
1
-1
-0
-1
1
-1
0.44208970406622378
1
1
-1
1
1
-1
1
-1
0.98900737421711804
1
-1
-0.45838577727840346
0.51290299516263815
1
1
0.9512103085236695
1
1
0
-0.10684354790125873
1
1
0.36449474548704186
-1
-0
1
-0.10904326053519621
-1
-1
-0.93450143014085907
0.67536929027388315
-0
-1
0
-1
0
0.22900745329966588
-1
1
-0.7037143552143611
-1
1
1
-1
1
-0.69699556010681063
-1
-0.97185525854081767
-1
-1
1
0.77232386454990321
1
-0
-0.92283567936766719
-0
-1
1
-1
0.77978746898010709
1
-0.83576733734592679
0.90609753520998393
-0.96485747790108489
1
-1
-1
0.60925254243192539
0.3162823368859754
-0
-0.37805199102206921
-0
1
1
0.62028343804606145
0.094556200739971355
-1
-1
-0
-0.3682266177136243
1
0.99165120260524942
-1
-0
-1
-0
-0.78497999762028681
1
0.092886942128677014
-1
-1
-1
-1
1
1
0.74396071092342575
1
-1
-1
-0.41972138931742625
-1
-1
-1
-1
-1
1
-1
0.68651269224287026
-1
1
0.054869823913859167
