MLCPP_ARCHIVE_V1
10
50
1
25.699999999999999
93
186
112.40000000000001
48
4
4.585
91
10
48.113314447592067
1.4872521246458923
26.338526912181319
95.041473087818716
188.40226628895184
114.75835694050993
49.919263456090654
4.0362889518413576
4.6275348441926329
91.215297450424927
10
12.940205416062938
0.49983746525641221
4.4170593944427488
13.964428467332537
35.420456237552862
31.127108406557987
12.674945620514467
1.2578940971188026
0.5310234878514366
11.604633903216017
