MLCPP_ARCHIVE_V1
"MLP"
2
16
8
1
0.01
150
3
16
8
-0.44747506954578209
0.1362180988198515
0.087275108388953734
0.80550563064830938
-0.27209137023979763
0.0019130096877538767
-0.8480096735999183
-0.075642252403227125
8
0.23353848979829037
-0.27996661598733069
0.13685107854467879
-0.17599887474854306
-0.10586496446567104
0.0024161059269990222
-0.35052898447110831
-0.24135472299273156
8
0.1326347864118734
-0.2121533320113759
-0.011306003762876882
-0.1262326517533654
0.43367118780909797
0.0049108706107327833
-0.36116585902141773
0.83456281783833974
8
-0.82052330621864122
0.55970164432332181
0.53100652078482502
-0.53285631596471272
0.37879996295209134
0.32025233575613182
-0.4207477939729436
-0.42887088398899387
8
-0.021639722771053128
-0.41208594878933114
-0.39614294950364465
0.071489786379301479
0.021302973861087964
-0.013504351556290463
0.20405303648085449
0.66502052473525186
8
0.31136134518203273
-0.1703077881208476
-0.57458983461605906
0.68938884261770383
0.46751295636439
1.4237390496470059
0.1869983307603226
0.73107200347087309
8
-0.0011728241614786456
0.25087614418115539
-0.66669312438996053
0.33280063320372516
-0.47854745999638842
-0.12558925030815335
-0.075788946373340008
0.071479738471327534
8
-0.79534392764320161
-0.53454149051525324
0.25425019397973625
0.39230412061068198
0.41935222728068061
0.025538775680042827
0.37595743175459184
0.25275690956303104
8
-0.25727572421777739
0.63441763070822377
0.04892312267382655
-0.53574720422707012
0.46235641936816368
0.54296002923250286
-0.93594165757149939
0.21237042274611215
8
-0.92793821889874706
0.60631397317681013
-0.28351750868675418
0.34410855216116237
-0.45275230495257585
0.15281729741681946
-0.78140840042941506
-0.39133537670137958
8
-0.21133327840280666
0.22766893848316724
1.1430862283519398
0.14529339992033646
0.11832782429960721
-0.78186964366203626
-0.78155281105791519
0.22681875344477062
8
0.085292610071030867
0.262447394585822
0.30978251479983387
0.32238278604134196
-0.64099498083212059
0.52246592076253096
0.051310473996195698
-0.25422669434688849
8
-0.35625984048786058
-0.37470754583198118
-0.41864787120839414
0.39156765516417552
-0.10788077801593844
-0.3205912376206469
-0.11719660887831385
0.18739963798590509
8
-0.88153573118893103
-0.12503531978589191
-0.041561670902132239
-0.60975669086036821
0.88717250242725365
-0.22167184084623837
-0.44464488597511365
-0.24563641301566549
8
-0.031834369152700596
-0.27031546656583638
-0.96850010004197973
0.50482755843554916
-0.14561870570430691
-0.092166646321284226
0.26744902952637606
-0.63851543838033475
8
-0.28204296981501326
-0.19346679383205104
0.037293617282710086
0.18626707620913904
-0.10729773469015753
-0.70017579998885593
0.70687794760143119
0.62136643711464745
8
16
-1.1430530724116492
0.68975719661845469
0.96092665381532039
0.68492876672928038
-0.15193167029749938
-0.4446746097525614
0.42157140824799788
-0.40903420612989971
0.20000293052776985
-0.069737729867112339
0.79057143093943139
0.037204352867186985
-0.35568367822047947
-0.058993069175112899
0.8355004864845974
-0.081307774926804313
16
0.1202522089811878
0.38625591161342332
0.21677937663466357
-0.43382758081144018
-0.3522397937576513
0.47081122625460192
0.25541929455371931
-1.2960128745026809
0.31938835844095481
0.58260117855921156
-0.54157912511908612
0.55933732574389416
0.80043459151433061
-0.024583717541323435
-0.42942445263708173
-0.38164259450512295
16
-0.078626702030082846
0.17981966254893003
0.11189587531725675
0.036482204931950458
-0.03253247110832045
0.30395134350832426
0.14123153574120723
0.072019544095956192
-0.32291289875847501
-0.15835648730516091
0.25844203177421354
-0.42539402045366775
0.4318522099944696
0.80380337320176387
-1.1914506590777338
1.0035191387746072
16
-0.28114063970014269
-0.20739207027751799
-0.28892322576317181
-0.11295619140069005
-0.064974592486322022
-0.3712701422478164
-0.31856331410502975
-0.38672969310930139
0.36073179466304472
0.59037282305602345
0.63343167724603366
-1.3675173928599276
1.3417697737370669
0.67923775989899116
0.4415109669323195
-0.48994049256609468
16
-0.086990467975757463
0.17853445530107911
0.027752891186699068
0.34955789968654633
0.62761126605771478
-0.55658787754477368
0.20084856299672463
0.16394812744161721
0.03778787575651249
-0.76993668851264552
0.62379013010468576
-0.017019292625240125
-0.78158657439237444
-0.021997159970370161
0.33186903594125927
0.35811473139463312
16
-0.22224525267554202
0.22167285383043642
1.1902464275555624
0.56113606619904055
-0.37502427186906934
-0.23811237526616191
-0.039889680202694469
-0.95127377001641167
-0.69089178185426581
-0.85563370373784142
-0.47934473768268143
0.39419235322295071
-0.25981566861365518
-0.59345875648630619
0.71928688072495794
-0.094194108639992696
16
0.10866261230761468
-0.54336912022032857
-0.95649316996221556
0.13827659581553706
-0.47842681996675651
-0.4053846413748417
-0.47316909130121343
-0.096909707362587597
-0.39357429336635646
-0.15165247528215936
-0.88451874023591137
0.86586975823437795
-0.56883203391976944
0.48307873970510301
0.26367189911066485
0.50834332054627207
16
0.032580415976623159
-1.0492611691182894
0.34295801364160167
-0.4450406684111034
0.49665989819624073
-0.15355316595600185
-0.28401143911697657
-0.72343391929189993
-0.51766373958240364
0.046717380622625378
-0.7846230152514484
-1.0996506135635424
-0.55409132213999635
0.29355739535128239
0.80955487795413361
-0.47107848696295318
1
8
-1.1232315918074669
-0.19439921391781645
0.43969619648741398
0.55791604860593036
1.3793003672792086
0.38823233094323112
1.2656187601061044
-0.2745327803216322
3
16
-0.26468219241325208
-0.0050306140210421395
-0.18838935107842131
-0.013592012169686973
0.13518246503920678
-0.40816237919768
-0.12347551295396039
0.1632637013753295
-0.0058364898977390934
0.12932909707080487
0.27540444370241285
-0.076614777204624923
-0.26829823994995711
-0.18859052472326759
-0.11306606914813727
0.41067603054192725
8
-0.054691768433120777
-0.021535206330573462
-0.16716913839503961
-0.062325055206773422
-0.075452284395870414
0.1345681517905209
-0.14427640387136217
-0.097887931238909764
1
-0.12380795309524142
