MLCPP_ARCHIVE_V1
"TSNE_V1"
2
15
500
200
42
344
2
15.994006402707418
-15.96741783932189
2
18.967516068496014
-23.640011052371037
2
13.057293475211447
-24.130785598954215
2
-8.7514400480079111
-14.370025516471252
2
16.01267681974247
-8.0085703039576845
2
13.734692269653271
-2.1742511502552171
2
18.889345318028493
-21.131579329040569
2
3.277174126673319
-1.704792272386646
2
26.524432471396295
-17.951822130384009
2
8.694760581694835
-1.8871048223492128
2
23.388027074762913
-25.466697936769858
2
19.899843564688872
-21.363251060650015
2
16.936791425630691
-27.214175153542538
2
12.794852682977037
-2.7886929424937614
2
12.254767261034747
-4.9370931912435951
2
22.362225139721904
-19.852085194963625
2
15.611152468822647
-8.9206265164002172
2
7.7725004359250622
-2.9524320606851067
2
23.023820389267957
-13.911072370940056
2
8.6409334251410339
-4.181329095803525
2
19.470584464610308
-17.083733260284056
2
17.546632029539914
-16.22558761510118
2
18.910892485207199
-6.5086734580939014
2
16.956122421921382
-14.211365211546521
2
19.680343612815779
-21.848193931792707
2
19.814247287895768
-6.8706298739631722
2
14.123360259935581
-16.488976538774395
2
15.904201386989529
-25.93670275199424
2
19.851280143377057
-16.776915575940514
2
13.476500340431102
-14.622456635731584
2
21.246350557048171
-27.398367921576202
2
18.320315045100759
-18.917720602518369
2
15.808969136897694
-24.949720012112518
2
12.976593121228461
-14.607986235532628
2
29.365237150737467
-22.969076879497244
2
11.389241708342123
-3.4016725757011423
2
15.0483426431258
-3.3962221725089985
2
13.03397486142946
-16.963907860533865
2
19.40787404839957
-15.165665112731672
2
0.42392465027078707
-0.5840707792613099
2
22.54805391911006
-15.121888852940129
2
0.82877143332784697
-7.5357692254610678
2
23.22850031031971
-14.813526300061691
2
6.0042230241694101
-4.4767119609811727
2
25.813825480695474
-26.990275838991895
2
0.67649693037564007
-1.3593933284327742
2
13.874432816424074
-17.130954520915939
2
20.305656788767735
-15.594254793939037
2
26.224909938418229
-19.440554566089194
2
9.5472936569892202
-2.6318707439318749
2
17.447191301448669
-24.880912460419296
2
0.43804717668949317
-2.4037371679179858
2
26.276712543043772
-18.929788096011141
2
4.7131328657508327
-7.4643762948355681
2
24.289718113543799
-15.001535112708966
2
1.7072398608501751
-6.6205935072382767
2
18.044421392587687
-24.30234564806295
2
1.6575815612448914
-6.9919176499752309
2
26.694732298498824
-28.055940336284021
2
16.938670070607085
-8.1006021446614938
2
26.359099336924466
-25.706951161631206
2
8.8982847291959146
-2.9191410261860131
2
21.953583704136015
-22.766492600281829
2
-0.28056412982156609
-6.2990028333718238
2
26.372030379295889
-27.442785590544712
2
-0.20561978785228385
-7.0032424897067607
2
29.685206501523542
-23.865411476052014
2
1.1677638566622759
-3.2505214404321934
2
27.850882434298427
-25.851999353248928
2
4.8006427914386371
-4.6260678900291676
2
21.198052906981484
-7.5024935862974909
2
1.0729901605882159
-5.6477135276009482
2
11.347409801179094
-26.423060007046004
2
-5.141563530923781
-11.080837974572123
2
24.635473558796768
-19.491426120148645
2
-2.0233805791162536
-7.2907086225933675
2
12.594275782416204
-28.231553691152577
2
18.91320115653118
-5.3329419751802112
2
23.915717221179708
-23.560584709418748
2
3.1147887107135865
-7.5853067804200851
2
27.354566289944639
-23.488405691190419
2
-3.7837816381432456
-6.2479617613864091
2
19.122126664535287
-7.3725740922149434
2
17.957764742752591
-3.8571285281481269
2
15.848083735559594
-22.676963119474767
2
13.521196576371935
-1.2600124075336394
2
18.066962305379974
-6.2136648012449376
2
19.212460976749831
-10.453741251202867
2
16.949434996670416
-5.2662766815715383
2
16.510563364549544
-10.129352734373779
2
28.628798058243632
-17.862418346200851
2
1.9831954100886069
-11.42488472133364
2
26.064105004910225
-22.594996550806862
2
-0.54330716040564053
-1.4524033887739136
2
25.926415689612909
-24.14141873824255
2
2.6277604233125054
-11.503632558986949
2
17.239740621984797
-10.125989411835096
2
-2.0107183287289736
-4.9266177115074017
2
28.668426785121159
-28.429825128592071
2
-1.9816606701064232
-8.1320373340850338
2
25.256024920201487
-18.454620917663494
2
5.1827477555364068
-2.5036283379967998
2
24.722051745121462
-27.474586829973713
2
16.079288361251233
-3.22925363147941
2
13.460073679348413
-22.253360394832189
2
14.813530561062532
-16.031158159870515
2
10.205649559116599
-26.415930261769272
2
15.247030145144604
-3.7699494766403139
2
22.7010257579281
-27.004155219984497
2
4.3307146946756525
-3.7485922644254921
2
9.8156709421023081
-26.539905634230941
2
7.2691808152668305
-4.2151230866715759
2
13.707617921006076
-24.42968309097958
2
4.9995986036314672
-5.4467983091306875
2
13.447886269361389
-2.8865243066020811
2
-1.2138789136486534
-8.0383073389002035
2
24.441593275232172
-29.55945191938218
2
13.583527180158759
-5.8684678788966673
2
26.627358947785751
-23.712476467368663
2
13.149612968727981
-19.782709742457744
2
26.332763519972808
-24.939444528850657
2
14.621067467294679
-7.2029227043810344
2
20.447348553144113
-27.421949262521895
2
1.7705086533541292
-10.004725599283425
2
28.415817795238439
-27.102624558482002
2
3.045500532545514
-8.8438665061557433
2
14.79732148297135
-24.191564305456239
2
-1.9755505297828366
-6.0089167624303457
2
24.011569649566677
-30.135500277008902
2
0.95655977802163339
-12.234815661947282
2
15.410461038935964
-23.648995745275425
2
-3.0776586587099333
-16.457445322635049
2
18.633540590131346
-10.202225943702379
2
-2.6076406012663571
-3.5149289325146711
2
17.179907363192708
-23.761086396350201
2
11.617651188638048
-29.243125888574504
2
27.711707784083629
-22.614028541311651
2
6.0833879276107572
-7.5277618148999981
2
23.78419939584705
-24.319600737677639
2
-1.1555686440143846
-4.417662400763442
2
12.448333503604138
-26.419285759062877
2
15.372853351374559
-27.899610083981152
2
29.527673066355309
-27.328971268666066
2
12.668017361843493
-28.527170403716422
2
25.492607259040458
-29.651189256369342
2
15.347554606024408
-15.280268371406095
2
-0.26758247102465849
-2.7347449942520456
2
21.451720055433139
-13.880480034547409
2
27.683838801173763
-18.678414230014308
2
17.62243715097846
-11.069839343038359
2
23.506712438152682
-20.893816154565226
2
2.0124122461492484
-9.7915034729314847
2
-7.6849071321543212
-18.995150864741088
2
-22.729979428891408
-18.364132042899161
2
-21.148255696624254
-17.263322642683406
2
-5.102920918094676
-18.632513415735396
2
-23.678892953326027
-16.839700018839373
2
-8.509327906812425
-15.096277324595757
2
-4.409710522219827
-20.957975690719152
2
-18.720459923421615
-19.808755170422401
2
-5.1713253141578059
-11.100129896628212
2
-23.012474114933099
-16.839058231905938
2
-9.1112631002039706
-18.024666564896723
2
-23.38584945063004
-16.014369178499621
2
-7.3018526337072718
-21.290011071406632
2
-21.755284061719141
-22.316882984647158
2
-8.7812879449464454
-20.776854054964616
2
-24.436793430573907
-20.008622790751055
2
-21.768256312647747
-15.570905122218596
2
-17.10688486330729
-22.10601061303834
2
-5.5889041996262723
-18.502747434015525
2
-22.461749814595898
-24.226673525148783
2
17.591307010694891
-28.553223426387348
2
-13.468908698325606
-20.628829526554529
2
15.512528685579436
-31.29010048088454
2
-21.971869655753988
-17.631569201361234
2
-7.2244492864523897
-18.417903296314979
2
-22.887749917921724
-21.837006010527137
2
-18.608387032595026
-17.588874817910458
2
-21.668971231747712
-19.693960410764888
2
-8.5756616791599676
-18.838719323017344
2
-28.785107592751512
-20.325672703634588
2
16.047427179829867
-30.282275766578056
2
-28.900906357154
-19.148590102204956
2
15.706378723094613
-29.741600461754562
2
-23.853410423805535
-21.77091808625325
2
-19.040574375882382
-18.701989327458126
2
-11.62845780806966
-18.538315280731901
2
-9.8714793489979229
-17.066719042068357
2
-29.284875600013525
-21.065177179756621
2
-10.489722784050644
-23.681227274665297
2
-28.523776573504573
-20.046265901934458
2
-26.566535732583091
-22.071194996451325
2
-7.5563786297888935
-20.55908240687647
2
-20.41128002773829
-17.638771083411228
2
-10.210890548009724
-20.541426714264198
2
-17.713933814101459
-19.619001599472082
2
-23.007513246151024
-23.462001596377956
2
-14.884823825195472
-20.776788334587941
2
-27.094741365201269
-22.602890655893937
2
-16.088918544992886
-21.386960254430125
2
-15.891878211984066
-18.994080672171076
2
-11.566925070221282
-21.240973938495756
2
-23.220048725685658
-20.848700511324598
2
-9.2281052853232701
-19.867834038466913
2
-25.111223874133621
-20.415064790062797
2
15.981160240261294
-28.98812718800092
2
-19.598765703667215
-17.174381183008283
2
-9.8844395880849678
-22.388866768923723
2
-25.411416485057661
-19.699615164660464
2
-21.923425516828402
-20.336469587981217
2
-3.9997936446700613
-17.265487761303572
2
-25.796052457530621
-20.967896645281847
2
-8.6448872632339349
-21.772362226231735
2
-10.132960328230377
-19.828725019805688
2
-27.684353609276759
-18.918888467484983
2
-2.3138460612838667
-15.5963888231511
2
-17.426833460119347
-18.901696600064376
2
-25.833405745159549
-22.347257518622097
2
-20.500204115504822
-19.542549394331932
2
-24.019416376464743
25.262338352207916
2
8.4955205976358279
33.264251293093565
2
-19.222459069413667
21.647858709916406
2
1.8279301483278549
32.474931585599577
2
-2.7826578503051027
31.881455107490012
2
-23.569685629077473
25.107177953801102
2
-18.913419067435857
27.790013961128686
2
-7.3187578107426736
31.30878247307751
2
-28.901471652123302
26.211346995880294
2
-7.3062844689951572
28.998463688413771
2
-25.610542272806619
30.569076350594262
2
0.32143846604915821
28.413670700120708
2
-22.176614696377154
26.741011309996839
2
-0.60057294476401191
31.790074782101062
2
-26.624588049122423
22.59494906862345
2
2.6923423136306281
31.143481413653856
2
-30.013536452406317
25.480031814190767
2
4.0587615095858602
29.872718037096767
2
-19.239925511033121
26.163137027159213
2
-4.9769135853752324
33.576042955666381
2
-0.30853723986287546
33.466034529133104
2
-17.316082362228784
29.259534472008664
2
-25.039438676472226
22.265492547718612
2
-7.0351675217552954
28.187358499443302
2
-23.69222698717784
30.072834647357016
2
-7.9305910067760657
29.54863305288243
2
-26.432855339896658
21.317021672019614
2
-1.2621971687178832
31.427152772098079
2
-19.118863422006594
22.488528499312451
2
2.3378612930311493
33.375348446718213
2
-6.4006966903375799
32.59499598658153
2
-27.182146297155249
28.563404348154478
2
-16.898425212303735
30.919137516158692
2
11.298259132489713
38.115197786031459
2
-4.4210177651804035
34.115900400424508
2
1.121853769182106
28.040421440386087
2
-24.125292244642118
30.588681013022814
2
-4.1556700432058813
26.874321874811095
2
-28.495836501329517
25.433170576961444
2
-1.5754682297408933
29.222423348207364
2
-30.012683234511538
24.626999064392368
2
6.2338085362883255
32.688467688303447
2
-27.020142245307902
24.48327075132169
2
-10.52809513243127
25.814902181699722
2
4.6557317096744804
33.945599254471134
2
-22.682446626058237
30.942003834006748
2
-27.412825126119991
23.60454404318881
2
5.7443931145655398
35.115298296682013
2
-23.093609322276546
29.348451734420955
2
-5.5165076868002858
28.095842625330324
2
-18.793709142143388
25.414443260997079
2
-3.2035225372996159
33.646381019126295
2
-26.226031402582539
23.341244901867348
2
-4.6444558310550379
35.668459671564818
2
-15.471758081569213
26.928433866897389
2
-9.3841587852904702
31.349460451280155
2
-27.925458137576989
25.594789759744792
2
-9.512803692344205
30.664027864633418
2
-27.214321616752319
27.304950396150936
2
3.1613037790924721
34.619557499492053
2
-27.980800884567888
24.124874253961345
2
-6.3353939321525408
31.487934211559939
2
-24.561668190577954
23.282560157173961
2
9.5087778371667078
38.184375590249331
2
-15.777926479613461
27.861994618509659
2
9.4280242643346703
33.464110089402467
2
-17.789391741690487
26.69228877042033
2
8.0109023559440367
32.541330513484333
2
-21.551797267133519
31.748629875595817
2
2.3434282169773319
34.503952239371742
2
-11.898276308694737
26.830397668140446
2
-8.5786070135701795
31.937436589770677
2
-7.133391397903873
33.131654559277251
2
-6.9650393669952599
30.359227532972849
2
-12.990482191474728
26.951322586935586
2
8.4981138414063739
31.819273075591376
2
-19.727309831946414
22.815213874901456
2
4.7252456765603634
31.190612770931544
2
-21.700095105292021
27.501414166732157
2
6.3538133076084193
29.3502478925469
2
-18.197236491954122
22.153843457769291
2
3.9769004343817813
36.922181484258672
2
-18.612283281421668
24.067496366274167
2
5.2410371227200176
35.189766092535791
2
-22.302985918071389
27.498646594190298
2
10.161299674049083
34.503516191067227
2
-21.247153529579936
31.756220469989287
2
-1.8689109029347111
34.46992006509852
2
-17.456425443163837
24.726376184644803
2
9.8949434539932106
35.306170513366851
2
-10.425635098645284
28.079059908973587
2
9.547689831244714
35.771617463031468
2
-18.691938491260807
27.377761137267168
2
5.7582200001709474
32.977368015114102
2
-18.367291711858943
29.207283849095905
2
5.6933207194675424
36.142491788626977
2
-8.8496026601031428
25.964798097522333
2
-11.808010646408148
29.0781489303047
2
-20.501424197988548
21.678815118915725
2
7.0737935795257192
35.901655385319522
2
-10.654720574355677
27.207539848397261
2
10.604568208409779
37.334214792287533
2
-8.113803972397271
28.14346890529761
2
1.9857371578497682
35.710535966125761
2
-16.055891673093452
25.091202547476907
2
-1.7161291942423667
27.478291040403164
2
-26.804939928374029
29.28236892526493
2
3.9696668933522887
37.409545507998033
2
-27.78342563363206
27.77946971689407
2
-1.725056020824238
30.01677473440926
2
-9.4606508383836037
25.478550273484529
2
7.6602127880743911
31.676795772446329
2
-19.470466781821997
30.264331955737443
2
8.6223850772875945
35.003914404927855
2
-24.102373511092328
22.545626690365758
2
9.8965667559633808
38.163230882350938
2
-10.517712818652532
31.697345330455658
2
5.5524795993566007
30.534289141564926
2
-16.663425745113983
24.656869925879864
2
-8.7511429759731332
-14.369923461056967
2
-16.238998729189085
26.346870470511256
2
4.221321607114418
32.740461371361164
2
-15.496475120735653
30.798516491537846
2
-0.36416318437540718
28.511491081516656
0.51577500180646263
