MLCPP_ARCHIVE_V1
"SelectedForest_V1"
30
1
30
30
27
22
20
7
2
23
0
3
6
26
5
25
13
10
12
21
28
24
17
1
4
8
29
15
16
19
14
11
18
9
30
554.51550578447893
80.294242702871287
602.50679296757778
495.50778542578632
64.797784749059218
264.84773699675742
459.54913464164838
717.03940092365508
55.467396851719272
0.0091416455983163464
233.66969173441254
0.47184835850793932
227.55371077440657
239.67548461557058
1.0415771828607958
46.465969009493421
31.740335036652777
89.982379048757721
0.13334723260484072
3.4728301511887771
739.64116684105829
100.8578084970729
784.19206903534916
592.96214236239302
94.974008363563627
245.94406922475213
348.25960141532073
795.34491142028253
95.156228394118429
53.784552296460056
"RandomForest"
50
0
8
2
50
"DecisionTree"
1
0
8
2
0
5
2
37
0
1
0.23454588489429251
1
32
0
2
0.61894273127753308
0.38105726872246698
454
0
16
1.0343132248270501
2
27
0
2
0.89102564102564108
0.10897435897435898
312
0
9
-0.048222565282219326
3
14
0
2
0.92592592592592593
0.07407407407407407
297
0
6
0.22927913041110476
4
11
0
2
0.97489539748953979
0.025104602510460251
239
0
15
1.1934461400572878
5
6
0
2
0.98701298701298701
0.012987012987012988
231
1
-1
0
0
0
0
2
1
0
209
0
22
-0.28059040169255195
7
8
0
2
0.86363636363636365
0.13636363636363635
22
1
-1
0
0
0
0
2
1
0
16
0
4
-0.72171659444512537
9
10
0
2
0.5
0.5
6
1
-1
0
0
0
0
2
1
0
3
1
-1
0
0
0
1
2
0
1
3
0
22
-0.98858880757884238
12
13
0
2
0.625
0.375
8
1
-1
0
0
0
1
2
0
1
3
1
-1
0
0
0
0
2
1
0
5
0
12
-0.22381338290732167
15
24
0
2
0.72413793103448276
0.27586206896551724
58
0
5
-0.33334978826082518
16
17
0
2
0.89130434782608692
0.10869565217391304
46
1
-1
0
0
0
0
2
1
0
30
0
26
-0.83397211742399879
18
19
0
2
0.6875
0.3125
16
1
-1
0
0
0
0
2
1
0
7
0
29
0.30617021043582504
20
23
1
2
0.44444444444444442
0.55555555555555558
9
0
1
0.10298728678649663
21
22
0
2
0.66666666666666663
0.33333333333333331
6
1
-1
0
0
0
1
2
0
1
2
1
-1
0
0
0
0
2
1
0
4
1
-1
0
0
0
1
2
0
1
3
0
29
0.88252867726897155
25
26
1
2
0.083333333333333329
0.91666666666666663
12
1
-1
0
0
0
1
2
0
1
10
1
-1
0
0
0
0
2
0.5
0.5
2
0
27
-0.7136760806468152
28
29
1
2
0.20000000000000001
0.80000000000000004
15
1
-1
0
0
0
0
2
1
0
2
0
1
-0.47632419522610764
30
31
1
2
0.076923076923076927
0.92307692307692313
13
1
-1
0
0
0
0
2
0.5
0.5
2
1
-1
0
0
0
1
2
0
1
11
0
0
-0.31822602398511773
33
36
1
2
0.021126760563380281
0.97887323943661975
142
0
8
-0.59262367186380915
34
35
0
2
0.5
0.5
6
1
-1
0
0
0
1
2
0
1
3
1
-1
0
0
0
0
2
1
0
3
1
-1
0
0
0
1
2
0
1
136
"DecisionTree"
1
0
8
2
0
5
2
25
0
7
-0.047332279856852996
1
16
0
2
0.61674008810572689
0.38325991189427311
454
0
9
0.45318442457295327
2
9
0
2
0.93795620437956206
0.062043795620437957
274
0
17
0.28838656899464443
3
4
0
2
0.98418972332015808
0.015810276679841896
253
1
-1
0
0
0
0
2
1
0
188
0
5
-0.42672028379397209
5
6
0
2
0.93846153846153846
0.061538461538461542
65
1
-1
0
0
0
0
2
1
0
50
0
21
-0.58838810393592844
7
8
0
2
0.73333333333333328
0.26666666666666666
15
1
-1
0
0
0
1
2
0
1
4
1
-1
0
0
0
0
2
1
0
11
0
4
-0.21216583917789889
10
15
1
2
0.38095238095238093
0.61904761904761907
21
0
24
0.18821110014418527
11
14
0
2
0.72727272727272729
0.27272727272727271
11
0
15
1.6863204445273356
12
13
1
2
0.25
0.75
4
1
-1
0
0
0
0
2
0.5
0.5
2
1
-1
0
0
0
1
2
0
1
2
1
-1
0
0
0
0
2
1
0
7
1
-1
0
0
0
1
2
0
1
10
0
1
0.2073268645961277
17
22
1
2
0.12777777777777777
0.87222222222222223
180
0
8
0.35708649134718329
18
21
0
2
0.86956521739130432
0.13043478260869565
23
0
6
0.092532807807607892
19
20
0
2
0.95238095238095233
0.047619047619047616
21
1
-1
0
0
0
0
2
0.5
0.5
2
1
-1
0
0
0
0
2
1
0
19
1
-1
0
0
0
1
2
0
1
2
0
24
-0.65940282713838849
23
24
1
2
0.019108280254777069
0.98089171974522293
157
1
-1
0
0
0
0
2
1
0
3
1
-1
0
0
0
1
2
0
1
154
"DecisionTree"
1
0
8
2
0
5
2
25
0
7
0.1083301499006101
1
20
0
2
0.68942731277533043
0.31057268722466963
454
0
10
0.27655174581309894
2
13
0
2
0.91176470588235292
0.088235294117647065
340
0
5
0.021838459538401137
3
12
0
2
0.98220640569395012
0.017793594306049824
281
0
0
0.2907272029678078
4
9
0
2
0.9928057553956835
0.0071942446043165471
278
0
8
-0.54580872265740954
5
6
0
2
0.99630996309963105
0.0036900369003690036
271
1
-1
0
0
0
0
2
1
0
194
0
23
-0.67993127864178471
7
8
0
2
0.98701298701298701
0.012987012987012988
77
1
-1
0
0
0
0
2
0.5
0.5
2
1
-1
0
0
0
0
2
1
0
75
0
0
0.35614811334571317
10
11
0
2
0.8571428571428571
0.14285714285714285
7
1
-1
0
0
0
0
2
0.5
0.5
2
1
-1
0
0
0
0
2
1
0
5
1
-1
0
0
0
1
2
0
1
3
0
1
-0.29728352837595806
14
15
0
2
0.57627118644067798
0.42372881355932202
59
1
-1
0
0
0
0
2
1
0
25
0
15
-0.8562978986634816
16
17
1
2
0.26470588235294118
0.73529411764705888
34
1
-1
0
0
0
0
2
1
0
4
0
0
0.32074385596472921
18
19
1
2
0.16666666666666666
0.83333333333333337
30
1
-1
0
0
0
0
2
1
0
5
1
-1
0
0
0
1
2
0
1
25
0
15
-1.2112319313424027
21
22
1
2
0.026315789473684209
0.97368421052631582
114
1
-1
0
0
0
0
2
0.66666666666666663
0.33333333333333331
3
0
13
-0.51968235320857514
23
24
1
2
0.0090090090090090089
0.99099099099099097
111
1
-1
0
0
0
0
2
0.5
0.5
2
1
-1
0
0
0
1
2
0
1
109
"DecisionTree"
1
0
8
2
0
5
2
37
0
3
0.15485844346211752
1
28
0
2
0.59251101321585908
0.40748898678414097
454
0
2
0.13952523936418354
2
21
0
2
0.91103202846975084
0.088967971530249115
281
0
16
-2.1210220135672158
3
4
0
2
0.95094339622641511
0.049056603773584909
265
1
-1
0
0
0
1
2
0
1
2
0
3
-0.12416965713709725
5
12
0
2
0.95817490494296575
0.041825095057034217
263
0
15
1.1934461400572878
6
7
0
2
0.98333333333333328
0.016666666666666666
240
1
-1
0
0
0
0
2
1
0
214
0
9
-0.32431525069941047
8
9
0
2
0.84615384615384615
0.15384615384615385
26
1
-1
0
0
0
0
2
1
0
17
0
8
-0.45279971216511966
10
11
0
2
0.55555555555555558
0.44444444444444442
9
1
-1
0
0
0
1
2
0
1
4
1
-1
0
0
0
0
2
1
0
5
0
25
-0.21205761545549573
13
18
0
2
0.69565217391304346
0.30434782608695654
23
0
3
-0.028634955413298052
14
15
1
2
0.375
0.625
8
1
-1
0
0
0
0
2
1
0
2
0
6
-0.12967996642307411
16
17
1
2
0.16666666666666666
0.83333333333333337
6
1
-1
0
0
0
1
2
0.33333333333333331
0.66666666666666663
3
1
-1
0
0
0
1
2
0
1
3
0
11
1.1411567979344315
19
20
0
2
0.8666666666666667
0.13333333333333333
15
1
-1
0
0
0
0
2
1
0
13
1
-1
0
0
0
1
2
0
1
2
0
12
-0.071210833062337886
22
25
1
2
0.25
0.75
16
0
7
0.17385716536836565
23
24
0
2
0.75
0.25
4
1
-1
0
0
0
0
2
0.5
0.5
2
1
-1
0
0
0
0
2
1
0
2
0
29
-1.3868827858865427
26
27
1
2
0.083333333333333329
0.91666666666666663
12
1
-1
0
0
0
0
2
0.5
0.5
2
1
-1
0
0
0
1
2
0
1
10
0
5
-0.41657722317349444
29
32
1
2
0.075144508670520235
0.92485549132947975
173
0
26
1.2442075224566662
30
31
0
2
0.88888888888888884
0.1111111111111111
9
1
-1
0
0
0
0
2
0.5
0.5
2
1
-1
0
0
0
0
2
1
0
7
0
9
-0.32596850031268709
33
34
1
2
0.03048780487804878
0.96951219512195119
164
1
-1
0
0
0
0
2
1
0
4
0
27
-1.1996609675373917
35
36
1
2
0.0062500000000000003
0.99375000000000002
160
1
-1
0
0
0
1
2
0.16666666666666666
0.83333333333333337
6
1
-1
0
0
0
1
2
0
1
154
"DecisionTree"
1
0
8
2
0
5
2
29
0
14
-0.14762997107605219
1
16
0
2
0.58590308370044053
0.41409691629955947
454
0
3
0.0051360480186363675
2
7
0
2
0.83587786259541985
0.16412213740458015
262
0
1
0.29805693225667673
3
6
0
2
0.97596153846153844
0.02403846153846154
208
0
2
0.31354502149882735
4
5
0
2
0.99509803921568629
0.0049019607843137254
204
1
-1
0
0
0
0
2
1
0
202
1
-1
0
0
0
0
2
0.5
0.5
2
1
-1
0
0
0
1
2
0
1
4
0
15
-0.84823121610259689
8
9
1
2
0.29629629629629628
0.70370370370370372
54
1
-1
0
0
0
0
2
1
0
10
0
18
1.9344559607121401
10
15
1
2
0.13636363636363635
0.86363636363636365
44
0
7
-0.35994478814734654
11
14
1
2
0.050000000000000003
0.94999999999999996
40
0
26
-0.081401134977619652
12
13
1
2
0.20000000000000001
0.80000000000000004
10
1
-1
0
0
0
0
2
0.66666666666666663
0.33333333333333331
3
1
-1
0
0
0
1
2
0
1
7
1
-1
0
0
0
1
2
0
1
30
1
-1
0
0
0
0
2
1
0
4
0
6
0.076863958342623981
17
22
1
2
0.24479166666666666
0.75520833333333337
192
0
5
-0.20556533705105767
18
19
0
2
0.77192982456140347
0.22807017543859648
57
1
-1
0
0
0
0
2
1
0
41
0
10
-0.47659860244806418
20
21
1
2
0.1875
0.8125
16
1
-1
0
0
0
0
2
1
0
3
1
-1
0
0
0
1
2
0
1
13
0
5
-0.10938738723902836
23
28
1
2
0.022222222222222223
0.97777777777777775
135
0
9
0.09513779404047952
24
27
1
2
0.375
0.625
8
0
8
0.050740391367905244
25
26
0
2
0.75
0.25
4
1
-1
0
0
0
0
2
0.5
0.5
2
1
-1
0
0
0
0
2
1
0
2
1
-1
0
0
0
1
2
0
1
4
1
-1
0
0
0
1
2
0
1
127
"DecisionTree"
1
0
8
2
0
5
2
33
0
3
0.15537207089074007
1
22
0
2
0.63656387665198233
0.36343612334801761
454
0
12
-0.033333350523248775
2
13
0
2
0.93814432989690721
0.061855670103092786
291
0
1
0.29805693225667673
3
12
0
2
0.97761194029850751
0.022388059701492536
268
0
0
0.29996309619762979
4
5
0
2
0.98496240601503759
0.015037593984962405
266
1
-1
0
0
0
0
2
1
0
249
0
25
-0.2413901488291619
6
9
0
2
0.76470588235294112
0.23529411764705882
17
0
20
-0.10995045160257641
7
8
1
2
0.40000000000000002
0.59999999999999998
5
1
-1
0
0
0
0
2
1
0
2
1
-1
0
0
0
1
2
0
1
3
0
14
-0.21183139347405675
10
11
0
2
0.91666666666666663
0.083333333333333329
12
1
-1
0
0
0
0
2
1
0
9
1
-1
0
0
0
0
2
0.66666666666666663
0.33333333333333331
3
1
-1
0
0
0
1
2
0
1
2
0
13
0.26810474674521195
14
17
1
2
0.47826086956521741
0.52173913043478259
23
0
28
-0.14705886045621222
15
16
1
2
0.10000000000000001
0.90000000000000002
10
1
-1
0
0
0
1
2
0
1
8
1
-1
0
0
0
0
2
0.5
0.5
2
0
6
0.13953935620255992
18
19
0
2
0.76923076923076927
0.23076923076923078
13
1
-1
0
0
0
0
2
1
0
9
0
11
-1.1592689591982077
20
21
1
2
0.25
0.75
4
1
-1
0
0
0
1
2
0
1
2
1
-1
0
0
0
0
2
0.5
0.5
2
0
15
-1.4467790621202323
23
24
1
2
0.09815950920245399
0.90184049079754602
163
1
-1
0
0
0
0
2
1
0
8
0
2
-0.58276168768864345
25
26
1
2
0.051612903225806452
0.94838709677419353
155
1
-1
0
0
0
0
2
1
0
4
0
5
-0.40806429729559357
27
28
1
2
0.026490066225165563
0.97350993377483441
151
1
-1
0
0
0
0
2
0.66666666666666663
0.33333333333333331
3
0
19
-0.88574957050345127
29
32
1
2
0.013513513513513514
0.98648648648648651
148
0
0
0.40771518387888572
30
31
1
2
0.22222222222222221
0.77777777777777779
9
1
-1
0
0
0
0
2
1
0
2
1
-1
0
0
0
1
2
0
1
7
1
-1
0
0
0
1
2
0
1
139
"DecisionTree"
1
0
8
2
0
5
2
31
0
4
-0.08622573773401046
1
12
0
2
0.57268722466960353
0.42731277533039647
454
0
1
-0.14954473486869752
2
7
0
2
0.91338582677165359
0.086614173228346455
254
0
16
1.7192960682356482
3
4
0
2
0.97872340425531912
0.021276595744680851
235
1
-1
0
0
0
0
2
1
0
229
0
14
-0.40650667429381182
5
6
1
2
0.16666666666666666
0.83333333333333337
6
1
-1
0
0
0
1
2
0.33333333333333331
0.66666666666666663
3
1
-1
0
0
0
1
2
0
1
3
0
21
-0.23046653351985527
8
11
1
2
0.10526315789473684
0.89473684210526316
19
0
16
-0.073167666990073002
9
10
1
2
0.40000000000000002
0.59999999999999998
5
1
-1
0
0
0
0
2
1
0
2
1
-1
0
0
0
1
2
0
1
3
1
-1
0
0
0
1
2
0
1
14
0
5
0.00073727092615749092
13
24
1
2
0.14000000000000001
0.85999999999999999
200
0
18
0.11741096121415681
14
17
0
2
0.54761904761904767
0.45238095238095238
42
0
7
-0.072512967023501476
15
16
0
2
0.90000000000000002
0.10000000000000001
20
1
-1
0
0
0
1
2
0.33333333333333331
0.66666666666666663
3
1
-1
0
0
0
0
2
1
0
17
0
9
-0.08577494935521629
18
21
1
2
0.22727272727272727
0.77272727272727271
22
0
29
-0.062529691141261001
19
20
0
2
0.80000000000000004
0.20000000000000001
5
1
-1
0
0
0
0
2
0.5
0.5
2
1
-1
0
0
0
0
2
1
0
3
0
0
0.20067724397704406
22
23
1
2
0.058823529411764705
0.94117647058823528
17
1
-1
0
0
0
1
2
0.33333333333333331
0.66666666666666663
3
1
-1
0
0
0
1
2
0
1
14
0
9
-0.45090693537316107
25
30
1
2
0.031645569620253167
0.96835443037974689
158
0
1
0.13927931385071604
26
27
0
2
0.625
0.375
8
1
-1
0
0
0
1
2
0
1
2
0
29
-0.90022716867080987
28
29
0
2
0.83333333333333337
0.16666666666666666
6
1
-1
0
0
0
0
2
1
0
4
1
-1
0
0
0
0
2
0.5
0.5
2
1
-1
0
0
0
1
2
0
1
150
"DecisionTree"
1
0
8
2
0
5
2
21
0
0
0.45081601895138818
1
16
0
2
0.66079295154185025
0.33920704845814981
454
0
5
0.021838459538401137
2
11
0
2
0.93103448275862066
0.068965517241379309
319
0
3
-0.029533803413387481
3
4
0
2
0.98322147651006708
0.016778523489932886
298
1
-1
0
0
0
0
2
1
0
264
0
19
0.37025346440097584
5
10
0
2
0.8529411764705882
0.14705882352941177
34
0
2
0.029452485604319012
6
7
0
2
0.96666666666666667
0.033333333333333333
30
1
-1
0
0
0
0
2
1
0
26
0
28
-1.0234063591146367
8
9
0
2
0.75
0.25
4
1
-1
0
0
0
0
2
1
0
2
1
-1
0
0
0
0
2
0.5
0.5
2
1
-1
0
0
0
1
2
0
1
4
0
15
-0.023009590124105229
12
15
1
2
0.19047619047619047
0.80952380952380953
21
0
24
-0.26287685067760364
13
14
0
2
0.5714285714285714
0.42857142857142855
7
1
-1
0
0
0
0
2
1
0
4
1
-1
0
0
0
1
2
0
1
3
1
-1
0
0
0
1
2
0
1
14
0
1
-0.50339199874483809
17
18
1
2
0.022222222222222223
0.97777777777777775
135
1
-1
0
0
0
0
2
1
0
2
0
3
0.012583645733663693
19
20
1
2
0.0075187969924812026
0.99248120300751874
133
1
-1
0
0
0
0
2
0.5
0.5
2
1
-1
0
0
0
1
2
0
1
131
"DecisionTree"
1
0
8
2
0
5
2
21
0
1
0.30108126784536171
1
20
0
2
0.65638766519823788
0.34361233480176212
454
0
19
0.17457183215137287
2
11
0
2
0.92260061919504643
0.077399380804953566
323
0
0
0.30227206950508545
3
4
0
2
0.98275862068965514
0.017241379310344827
232
1
-1
0
0
0
0
2
1
0
206
0
0
0.35153016673080228
5
8
0
2
0.84615384615384615
0.15384615384615385
26
0
15
-0.94664474334538884
6
7
0
2
0.5
0.5
6
1
-1
0
0
0
0
2
1
0
3
1
-1
0
0
0
1
2
0
1
3
0
16
1.3322689380703761
9
10
0
2
0.94999999999999996
0.050000000000000003
20
1
-1
0
0
0
0
2
1
0
18
1
-1
0
0
0
0
2
0.5
0.5
2
0
9
0.21582501580967084
12
17
0
2
0.76923076923076927
0.23076923076923078
91
0
7
0.01519022180124578
13
14
0
2
0.97058823529411764
0.029411764705882353
68
1
-1
0
0
0
0
2
1
0
62
0
14
-0.13261512228942221
15
16
0
2
0.66666666666666663
0.33333333333333331
6
1
-1
0
0
0
0
2
1
0
4
1
-1
0
0
0
1
2
0
1
2
0
20
-0.18675881819656642
18
19
1
2
0.17391304347826086
0.82608695652173914
23
1
-1
0
0
0
0
2
1
0
4
1
-1
0
0
0
1
2
0
1
19
1
-1
0
0
0
1
2
0
1
131
"DecisionTree"
1
0
8
2
0
5
2
25
0
1
0.25571623401508736
1
24
0
2
0.65859030837004406
0.34140969162995594
454
0
8
-0.098521064722525281
2
11
0
2
0.91717791411042948
0.082822085889570546
326
0
0
0.3338280380403103
3
10
0
2
0.98490566037735849
0.01509433962264151
265
0
5
-0.41775454270979995
4
5
0
2
0.98854961832061072
0.011450381679389313
262
1
-1
0
0
0
0
2
1
0
194
0
7
-0.37024597835188455
6
9
0
2
0.95588235294117652
0.044117647058823532
68
0
19
0.23941981493176448
7
8
0
2
0.5
0.5
6
1
-1
0
0
0
0
2
1
0
3
1
-1
0
0
0
1
2
0
1
3
1
-1
0
0
0
0
2
1
0
62
1
-1
0
0
0
0
2
0.66666666666666663
0.33333333333333331
3
0
16
0.71507496063777287
12
21
0
2
0.62295081967213117
0.37704918032786883
61
0
23
0.07378003054861991
13
16
0
2
0.73999999999999999
0.26000000000000001
50
0
25
-0.56068505032977023
14
15
1
2
0.18181818181818182
0.81818181818181823
11
1
-1
0
0
0
0
2
1
0
2
1
-1
0
0
0
1
2
0
1
9
0
1
-0.013449633377874233
17
18
0
2
0.89743589743589747
0.10256410256410256
39
1
-1
0
0
0
0
2
1
0
32
0
9
0.5429322607222542
19
20
1
2
0.42857142857142855
0.5714285714285714
7
1
-1
0
0
0
1
2
0
1
4
1
-1
0
0
0
0
2
1
0
3
0
7
-0.81419866175023758
22
23
1
2
0.090909090909090912
0.90909090909090906
11
1
-1
0
0
0
0
2
0.5
0.5
2
1
-1
0
0
0
1
2
0
1
9
1
-1
0
0
0
1
2
0
1
128
"DecisionTree"
1
0
8
2
0
5
2
35
0
8
0.033603884761849168
1
24
0
2
0.61233480176211452
0.38766519823788548
454
0
1
0.29805693225667673
2
21
0
2
0.9311594202898551
0.068840579710144928
276
0
1
0.0077207157429201546
3
16
0
2
0.96603773584905661
0.033962264150943396
265
0
13
1.1493422737397805
4
15
0
2
0.98367346938775513
0.016326530612244899
245
0
3
0.071522393168104409
5
12
0
2
0.98765432098765427
0.012345679012345678
243
0
6
-0.40174817076961478
6
7
0
2
0.99574468085106382
0.0042553191489361703
235
1
-1
0
0
0
0
2
1
0
167
0
26
0.11657513951976885
8
9
0
2
0.98529411764705888
0.014705882352941176
68
1
-1
0
0
0
0
2
1
0
64
0
2
-0.44543282347395485
10
11
0
2
0.75
0.25
4
1
-1
0
0
0
0
2
1
0
2
1
-1
0
0
0
0
2
0.5
0.5
2
0
6
0.11105053899349794
13
14
0
2
0.75
0.25
8
1
-1
0
0
0
0
2
1
0
6
1
-1
0
0
0
1
2
0
1
2
1
-1
0
0
0
0
2
0.5
0.5
2
0
18
-0.33246544844955239
17
20
0
2
0.75
0.25
20
0
19
0.20528929767892673
18
19
1
2
0.16666666666666666
0.83333333333333337
6
1
-1
0
0
0
1
2
0.33333333333333331
0.66666666666666663
3
1
-1
0
0
0
1
2
0
1
3
1
-1
0
0
0
0
2
1
0
14
0
18
-0.64784610510576524
22
23
1
2
0.090909090909090912
0.90909090909090906
11
1
-1
0
0
0
0
2
0.5
0.5
2
1
-1
0
0
0
1
2
0
1
9
0
1
-0.52032827804147397
25
26
1
2
0.11797752808988764
0.8820224719101124
178
1
-1
0
0
0
0
2
1
0
15
0
9
-0.30518479088863848
27
28
1
2
0.036809815950920248
0.96319018404907975
163
1
-1
0
0
0
0
2
1
0
2
0
1
0.18162001209230566
29
34
1
2
0.024844720496894408
0.97515527950310554
161
0
22
1.0188725109745205
30
33
1
2
0.21052631578947367
0.78947368421052633
19
0
14
-0.2095015031450968
31
32
0
2
0.80000000000000004
0.20000000000000001
5
1
-1
0
0
0
0
2
1
0
3
1
-1
0
0
0
0
2
0.5
0.5
2
1
-1
0
0
0
1
2
0
1
14
1
-1
0
0
0
1
2
0
1
142
"DecisionTree"
1
0
8
2
0
5
2
31
0
3
-0.028634955413298052
1
22
0
2
0.61674008810572689
0.38325991189427311
454
0
29
-1.3452098085052244
2
7
0
2
0.96691176470588236
0.033088235294117647
272
0
28
-0.83612241786908637
3
4
0
2
0.5
0.5
8
1
-1
0
0
0
0
2
1
0
3
0
18
-0.82143660167485533
5
6
1
2
0.20000000000000001
0.80000000000000004
5
1
-1
0
0
0
0
2
0.5
0.5
2
1
-1
0
0
0
1
2
0
1
3
0
5
0.021838459538401137
8
19
0
2
0.98106060606060608
0.01893939393939394
264
0
16
0.46914326081788493
9
16
0
2
0.99230769230769234
0.0076923076923076927
260
0
6
-0.40174817076961478
10
11
0
2
0.99585062240663902
0.0041493775933609959
241
1
-1
0
0
0
0
2
1
0
153
0
14
-0.72699603287739811
12
15
0
2
0.98863636363636365
0.011363636363636364
88
0
12
-0.57745795545977818
13
14
0
2
0.9285714285714286
0.071428571428571425
14
1
-1
0
0
0
0
2
1
0
12
1
-1
0
0
0
0
2
0.5
0.5
2
1
-1
0
0
0
0
2
1
0
74
0
17
0.65474839341311131
17
18
0
2
0.94736842105263153
0.052631578947368418
19
1
-1
0
0
0
0
2
1
0
16
1
-1
0
0
0
0
2
0.66666666666666663
0.33333333333333331
3
0
18
-0.51416994839935071
20
21
1
2
0.25
0.75
4
1
-1
0
0
0
0
2
0.5
0.5
2
1
-1
0
0
0
1
2
0
1
2
0
5
-0.35390759862554316
23
26
1
2
0.093406593406593408
0.90659340659340659
182
0
9
1.4588325464774869
24
25
0
2
0.88235294117647056
0.11764705882352941
17
1
-1
0
0
0
0
2
1
0
14
1
-1
0
0
0
1
2
0.33333333333333331
0.66666666666666663
3
0
9
-0.31675753818157465
27
30
1
2
0.012121212121212121
0.98787878787878791
165
0
1
0.31317861020010157
28
29
0
2
0.5
0.5
4
1
-1
0
0
0
0
2
1
0
2
1
-1
0
0
0
1
2
0
1
2
1
-1
0
0
0
1
2
0
1
161
"DecisionTree"
1
0
8
2
0
5
2
29
0
3
0.0051360480186363675
1
20
0
2
0.67400881057268724
0.32599118942731276
454
0
12
0.0058795560797183944
2
17
0
2
0.94612794612794615
0.05387205387205387
297
0
29
-1.3452098085052244
3
6
0
2
0.97517730496453903
0.024822695035460994
282
0
9
-0.40697773136324017
4
5
0
2
0.5714285714285714
0.42857142857142855
7
1
-1
0
0
0
0
2
1
0
4
1
-1
0
0
0
1
2
0
1
3
0
5
0.24978563437538553
7
16
0
2
0.98545454545454547
0.014545454545454545
275
0
28
-1.2165797324748271
8
9
0
2
0.9926739926739927
0.007326007326007326
273
1
-1
0
0
0
0
2
0.5
0.5
2
0
19
0.67629043576808678
10
11
0
2
0.99630996309963105
0.0036900369003690036
271
1
-1
0
0
0
0
2
1
0
231
0
21
-0.82040761440664922
12
15
0
2
0.97499999999999998
0.025000000000000001
40
0
15
1.3789798389576333
13
14
0
2
0.8571428571428571
0.14285714285714285
7
1
-1
0
0
0
0
2
0.66666666666666663
0.33333333333333331
3
1
-1
0
0
0
0
2
1
0
4
1
-1
0
0
0
0
2
1
0
33
1
-1
0
0
0
1
2
0
1
2
0
13
0.26249772112276509
18
19
1
2
0.40000000000000002
0.59999999999999998
15
1
-1
0
0
0
1
2
0
1
9
1
-1
0
0
0
0
2
1
0
6
0
9
-0.25535112397415832
21
24
1
2
0.15923566878980891
0.84076433121019112
157
0
16
0.22557628888088083
22
23
0
2
0.9375
0.0625
16
1
-1
0
0
0
0
2
1
0
14
1
-1
0
0
0
0
2
0.5
0.5
2
0
5
-0.34593805099516794
25
28
1
2
0.070921985815602842
0.92907801418439717
141
0
8
0.63772783141737721
26
27
0
2
0.76923076923076927
0.23076923076923078
13
1
-1
0
0
0
0
2
1
0
10
1
-1
0
0
0
1
2
0
1
3
1
-1
0
0
0
1
2
0
1
128
"DecisionTree"
1
0
8
2
0
5
2
31
0
1
0.2073268645961277
1
22
0
2
0.58149779735682816
0.41850220264317178
454
0
9
0.16126777857154334
2
13
0
2
0.91814946619217086
0.081850533807829182
281
0
4
0.041782345671189637
3
10
0
2
0.98333333333333328
0.016666666666666666
240
0
10
-0.91240764793588824
4
9
0
2
0.99557522123893805
0.0044247787610619468
226
0
10
-0.92420684480062398
5
6
0
2
0.98701298701298701
0.012987012987012988
77
1
-1
0
0
0
0
2
1
0
72
0
6
-0.92166908483499288
7
8
0
2
0.80000000000000004
0.20000000000000001
5
1
-1
0
0
0
0
2
1
0
3
1
-1
0
0
0
0
2
0.5
0.5
2
1
-1
0
0
0
0
2
1
0
149
0
27
0.32780980375452917
11
12
0
2
0.7857142857142857
0.21428571428571427
14
1
-1
0
0
0
0
2
1
0
11
1
-1
0
0
0
1
2
0
1
3
0
13
-0.49688044901062456
14
19
0
2
0.53658536585365857
0.46341463414634149
41
0
2
-0.23052887565707603
15
16
0
2
0.90476190476190477
0.095238095238095233
21
1
-1
0
0
0
0
2
1
0
11
0
7
-0.043755477702499684
17
18
0
2
0.80000000000000004
0.20000000000000001
10
1
-1
0
0
0
1
2
0
1
2
1
-1
0
0
0
0
2
1
0
8
0
1
-0.78964536221386972
20
21
1
2
0.14999999999999999
0.84999999999999998
20
1
-1
0
0
0
0
2
1
0
3
1
-1
0
0
0
1
2
0
1
17
0
5
0.13060467208477311
23
26
1
2
0.034682080924855488
0.96531791907514453
173
0
17
-0.089077128891049129
24
25
1
2
0.30769230769230771
0.69230769230769229
13
1
-1
0
0
0
0
2
1
0
4
1
-1
0
0
0
1
2
0
1
9
0
0
-0.37933685085577284
27
30
1
2
0.012500000000000001
0.98750000000000004
160
0
12
-0.28439307453233914
28
29
1
2
0.25
0.75
8
1
-1
0
0
0
1
2
0
1
6
1
-1
0
0
0
0
2
1
0
2
1
-1
0
0
0
1
2
0
1
152
"DecisionTree"
1
0
8
2
0
5
2
27
0
12
-0.21106615320666672
1
16
0
2
0.58370044052863435
0.41629955947136565
454
0
11
1.131012010063444
2
11
0
2
0.93486590038314177
0.065134099616858232
261
0
26
-1.3975434907459132
3
4
0
2
0.97580645161290325
0.024193548387096774
248
1
-1
0
0
0
1
2
0
1
2
0
16
2.4901973580556813
5
10
0
2
0.98373983739837401
0.016260162601626018
246
0
3
0.26965417375926337
6
7
0
2
0.99588477366255146
0.00411522633744856
243
1
-1
0
0
0
0
2
1
0
238
0
28
-0.27957108303561112
8
9
0
2
0.80000000000000004
0.20000000000000001
5
1
-1
0
0
0
0
2
0.5
0.5
2
1
-1
0
0
0
0
2
1
0
3
1
-1
0
0
0
1
2
0
1
3
0
13
-0.51463603014837289
12
13
1
2
0.15384615384615385
0.84615384615384615
13
1
-1
0
0
0
1
2
0
1
7
0
20
0.82689525924805962
14
15
1
2
0.33333333333333331
0.66666666666666663
6
1
-1
0
0
0
0
2
0.66666666666666663
0.33333333333333331
3
1
-1
0
0
0
1
2
0
1
3
0
24
-0.52870786529691383
17
20
1
2
0.10880829015544041
0.89119170984455953
193
0
14
-0.13132073877333345
18
19
0
2
0.83333333333333337
0.16666666666666666
12
1
-1
0
0
0
1
2
0
1
2
1
-1
0
0
0
0
2
1
0
10
0
2
0.010582870674056503
21
26
1
2
0.060773480662983423
0.93922651933701662
181
0
28
0.057893377133258039
22
23
0
2
0.57894736842105265
0.42105263157894735
19
1
-1
0
0
0
1
2
0
1
6
0
0
0.78484749076328097
24
25
0
2
0.84615384615384615
0.15384615384615385
13
1
-1
0
0
0
0
2
1
0
11
1
-1
0
0
0
1
2
0
1
2
1
-1
0
0
0
1
2
0
1
162
"DecisionTree"
1
0
8
2
0
5
2
33
0
4
0.16917003448799617
1
20
0
2
0.61674008810572689
0.38325991189427311
454
0
16
1.7192960682356482
2
19
0
2
0.89189189189189189
0.10810810810810811
296
0
2
0.11751068861221087
3
16
0
2
0.94285714285714284
0.057142857142857141
280
0
3
-0.12969115199478995
4
11
0
2
0.96691176470588236
0.033088235294117647
272
0
5
-0.41775454270979995
5
6
0
2
0.99579831932773111
0.0042016806722689074
238
1
-1
0
0
0
0
2
1
0
181
0
2
-0.33850500553580054
7
10
0
2
0.98245614035087714
0.017543859649122806
57
0
23
-0.89097596488781272
8
9
0
2
0.80000000000000004
0.20000000000000001
5
1
-1
0
0
0
0
2
1
0
2
1
-1
0
0
0
0
2
0.66666666666666663
0.33333333333333331
3
1
-1
0
0
0
0
2
1
0
52
0
15
0.46986471434594201
12
15
0
2
0.76470588235294112
0.23529411764705882
34
0
5
-0.13329603013015434
13
14
0
2
0.9285714285714286
0.071428571428571425
28
1
-1
0
0
0
0
2
1
0
26
1
-1
0
0
0
1
2
0
1
2
1
-1
0
0
0
1
2
0
1
6
0
14
-0.12018904053496984
17
18
1
2
0.125
0.875
8
1
-1
0
0
0
0
2
0.5
0.5
2
1
-1
0
0
0
1
2
0
1
6
1
-1
0
0
0
1
2
0
1
16
0
26
-0.87053162730645139
21
26
1
2
0.10126582278481013
0.89873417721518989
158
0
1
0.67458671304795415
22
25
0
2
0.5625
0.4375
16
0
26
-1.0001220328719307
23
24
0
2
0.81818181818181823
0.18181818181818182
11
1
-1
0
0
0
1
2
0.33333333333333331
0.66666666666666663
3
1
-1
0
0
0
0
2
1
0
8
1
-1
0
0
0
1
2
0
1
5
0
1
0.030403232658057368
27
28
1
2
0.049295774647887321
0.95070422535211263
142
1
-1
0
0
0
0
2
1
0
5
0
3
0.24345917489951194
29
32
1
2
0.014598540145985401
0.98540145985401462
137
0
19
-0.079131679428053964
30
31
1
2
0.16666666666666666
0.83333333333333337
12
1
-1
0
0
0
0
2
1
0
2
1
-1
0
0
0
1
2
0
1
10
1
-1
0
0
0
1
2
0
1
125
"DecisionTree"
1
0
8
2
0
5
2
33
0
5
0.0053559860301249105
1
26
0
2
0.63876651982378851
0.36123348017621143
454
0
0
0.69402787400336541
2
21
0
2
0.91666666666666663
0.083333333333333329
312
0
16
-2.1210220135672158
3
4
0
2
0.9726027397260274
0.027397260273972601
292
1
-1
0
0
0
1
2
0
1
2
0
4
-0.040936932781282187
5
12
0
2
0.97931034482758617
0.020689655172413793
290
0
19
0.67629043576808678
6
7
0
2
0.99609375
0.00390625
256
1
-1
0
0
0
0
2
1
0
225
0
7
-0.44936484200618343
8
9
0
2
0.967741935483871
0.032258064516129031
31
1
-1
0
0
0
0
2
1
0
24
0
10
-0.81601582193607025
10
11
0
2
0.8571428571428571
0.14285714285714285
7
1
-1
0
0
0
0
2
0.66666666666666663
0.33333333333333331
3
1
-1
0
0
0
0
2
1
0
4
0
7
-0.040321747634320219
13
16
0
2
0.8529411764705882
0.14705882352941177
34
0
15
1.5725802204188628
14
15
1
2
0.33333333333333331
0.66666666666666663
6
1
-1
0
0
0
1
2
0
1
4
1
-1
0
0
0
0
2
1
0
2
0
18
0.36328985153864701
17
18
0
2
0.9642857142857143
0.035714285714285712
28
1
-1
0
0
0
0
2
1
0
23
0
3
0.24307395432804496
19
20
0
2
0.80000000000000004
0.20000000000000001
5
1
-1
0
0
0
0
2
0.5
0.5
2
1
-1
0
0
0
0
2
1
0
3
0
5
-0.40806429729559357
22
25
1
2
0.10000000000000001
0.90000000000000002
20
0
15
-0.188376582622239
23
24
0
2
0.5
0.5
4
1
-1
0
0
0
0
2
1
0
2
1
-1
0
0
0
1
2
0
1
2
1
-1
0
0
0
1
2
0
1
16
0
13
-0.62060881441261906
27
28
1
2
0.028169014084507043
0.971830985915493
142
1
-1
0
0
0
0
2
1
0
3
0
11
-0.51276064965745149
29
32
1
2
0.0071942446043165471
0.9928057553956835
139
0
19
-0.098472305871328852
30
31
1
2
0.066666666666666666
0.93333333333333335
15
1
-1
0
0
0
1
2
0.33333333333333331
0.66666666666666663
3
1
-1
0
0
0
1
2
0
1
12
1
-1
0
0
0
1
2
0
1
124
"DecisionTree"
1
0
8
2
0
5
2
27
0
3
0.0051360480186363675
1
16
0
2
0.59691629955947134
0.40308370044052866
454
0
4
0.11995206380877554
2
11
0
2
0.95454545454545459
0.045454545454545456
264
0
28
-0.22126570510067545
3
10
0
2
0.98380566801619429
0.016194331983805668
247
0
22
1.7582031444504989
4
9
0
2
0.96078431372549022
0.039215686274509803
102
0
3
-0.1335433577094593
5
6
0
2
0.97999999999999998
0.02
100
1
-1
0
0
0
0
2
1
0
93
0
24
-0.20276351264614861
7
8
0
2
0.7142857142857143
0.2857142857142857
7
1
-1
0
0
0
0
2
1
0
5
1
-1
0
0
0
1
2
0
1
2
1
-1
0
0
0
1
2
0
1
2
1
-1
0
0
0
0
2
1
0
145
0
10
-0.58488478012604317
12
15
0
2
0.52941176470588236
0.47058823529411764
17
0
23
-0.90074578559280738
13
14
1
2
0.1111111111111111
0.88888888888888884
9
1
-1
0
0
0
0
2
0.5
0.5
2
1
-1
0
0
0
1
2
0
1
7
1
-1
0
0
0
0
2
1
0
8
0
6
-0.57125663316353248
17
20
1
2
0.10000000000000001
0.90000000000000002
190
0
15
-0.00042287895362862205
18
19
0
2
0.75
0.25
12
1
-1
0
0
0
0
2
1
0
9
1
-1
0
0
0
1
2
0
1
3
0
15
-1.225751959951995
21
22
1
2
0.056179775280898875
0.9438202247191011
178
1
-1
0
0
0
0
2
1
0
5
0
1
-0.15256907045738252
23
24
1
2
0.028901734104046242
0.97109826589595372
173
1
-1
0
0
0
0
2
0.66666666666666663
0.33333333333333331
3
0
8
-0.16694291356264779
25
26
1
2
0.017647058823529412
0.98235294117647054
170
1
-1
0
0
0
0
2
1
0
3
1
-1
0
0
0
1
2
0
1
167
"DecisionTree"
1
0
8
2
0
5
2
33
0
3
0.0051360480186363675
1
16
0
2
0.61674008810572689
0.38325991189427311
454
0
2
0.11855900055278079
2
11
0
2
0.94360902255639101
0.056390977443609019
266
0
14
1.930891079059339
3
10
0
2
0.98412698412698407
0.015873015873015872
252
0
17
1.7027652487192726
4
9
0
2
0.99199999999999999
0.0080000000000000002
250
0
15
1.1095526414240884
5
6
0
2
0.99596774193548387
0.0040322580645161289
248
1
-1
0
0
0
0
2
1
0
239
0
16
-0.23554564828140923
7
8
0
2
0.88888888888888884
0.1111111111111111
9
1
-1
0
0
0
0
2
1
0
7
1
-1
0
0
0
0
2
0.5
0.5
2
1
-1
0
0
0
0
2
0.5
0.5
2
1
-1
0
0
0
1
2
0
1
2
0
8
-0.59262367186380915
12
13
1
2
0.21428571428571427
0.7857142857142857
14
1
-1
0
0
0
1
2
0
1
5
0
19
-0.11895061622303142
14
15
1
2
0.33333333333333331
0.66666666666666663
9
1
-1
0
0
0
0
2
1
0
3
1
-1
0
0
0
1
2
0
1
6
0
19
-0.90167714522144227
17
20
1
2
0.15425531914893617
0.8457446808510638
188
0
7
0.10303648271216688
18
19
0
2
0.875
0.125
16
1
-1
0
0
0
0
2
1
0
14
1
-1
0
0
0
1
2
0
1
2
0
2
-0.57961675186693307
21
22
1
2
0.087209302325581398
0.91279069767441856
172
1
-1
0
0
0
0
2
1
0
8
0
24
-0.40641925415640778
23
28
1
2
0.042682926829268296
0.95731707317073167
164
0
25
-0.24587410297545487
24
25
0
2
0.55555555555555558
0.44444444444444442
9
1
-1
0
0
0
1
2
0
1
3
0
26
-0.80426751564450605
26
27
0
2
0.83333333333333337
0.16666666666666666
6
1
-1
0
0
0
0
2
1
0
3
1
-1
0
0
0
0
2
0.66666666666666663
0.33333333333333331
3
0
1
-0.15256907045738252
29
32
1
2
0.012903225806451613
0.98709677419354835
155
0
3
0.56781489607466906
30
31
0
2
0.5
0.5
4
1
-1
0
0
0
0
2
1
0
2
1
-1
0
0
0
1
2
0
1
2
1
-1
0
0
0
1
2
0
1
151
"DecisionTree"
1
0
8
2
0
5
2
27
0
4
0.30917241326880462
1
20
0
2
0.65638766519823788
0.34361233480176212
454
0
9
0.41941089675887433
2
15
0
2
0.88719512195121952
0.11280487804878049
328
0
5
0.021838459538401137
3
12
0
2
0.9525423728813559
0.047457627118644069
295
0
6
-0.069853450284044299
4
5
0
2
0.98245614035087714
0.017543859649122806
285
1
-1
0
0
0
0
2
1
0
250
0
14
-0.27189078862057692
6
7
0
2
0.8571428571428571
0.14285714285714285
35
1
-1
0
0
0
0
2
1
0
19
0
4
0.09761785862660817
8
11
0
2
0.6875
0.3125
16
0
0
0.28841822966035235
9
10
0
2
0.5
0.5
10
1
-1
0
0
0
0
2
1
0
5
1
-1
0
0
0
1
2
0
1
5
1
-1
0
0
0
0
2
1
0
6
0
24
-0.38183464361583908
13
14
1
2
0.10000000000000001
0.90000000000000002
10
1
-1
0
0
0
0
2
0.5
0.5
2
1
-1
0
0
0
1
2
0
1
8
0
5
-0.70837134209473551
16
17
1
2
0.30303030303030304
0.69696969696969702
33
1
-1
0
0
0
0
2
1
0
9
0
16
-0.11967398202011559
18
19
1
2
0.041666666666666664
0.95833333333333337
24
1
-1
0
0
0
0
2
0.5
0.5
2
1
-1
0
0
0
1
2
0
1
22
0
3
0.25360331661480789
21
24
1
2
0.055555555555555552
0.94444444444444442
126
0
19
-0.39995854160472821
22
23
0
2
0.75
0.25
8
1
-1
0
0
0
0
2
1
0
6
1
-1
0
0
0
1
2
0
1
2
0
14
-0.42721681055123267
25
26
1
2
0.0084745762711864406
0.99152542372881358
118
1
-1
0
0
0
0
2
0.5
0.5
2
1
-1
0
0
0
1
2
0
1
116
"DecisionTree"
1
0
8
2
0
5
2
19
0
5
0.0053559860301249105
1
16
0
2
0.63876651982378851
0.36123348017621143
454
0
0
0.30227206950508523
2
7
0
2
0.91719745222929938
0.082802547770700632
314
0
24
0.65309815494680956
3
4
0
2
0.99272727272727268
0.0072727272727272727
275
1
-1
0
0
0
0
2
1
0
262
0
22
-0.78602870465252428
5
6
0
2
0.84615384615384615
0.15384615384615385
13
1
-1
0
0
0
1
2
0
1
2
1
-1
0
0
0
0
2
1
0
11
0
1
-0.50082131349445591
8
9
1
2
0.38461538461538464
0.61538461538461542
39
1
-1
0
0
0
0
2
1
0
8
0
12
-0.5772151510845277
10
11
1
2
0.22580645161290322
0.77419354838709675
31
1
-1
0
0
0
0
2
1
0
3
0
22
0.09347242067206013
12
15
1
2
0.14285714285714285
0.8571428571428571
28
0
6
0.17230149599298106
13
14
0
2
0.5
0.5
8
1
-1
0
0
0
1
2
0
1
4
1
-1
0
0
0
0
2
1
0
4
1
-1
0
0
0
1
2
0
1
20
0
19
-1.3419608177830482
17
18
1
2
0.014285714285714285
0.98571428571428577
140
1
-1
0
0
0
0
2
0.66666666666666663
0.33333333333333331
3
1
-1
0
0
0
1
2
0
1
137
"DecisionTree"
1
0
8
2
0
5
2
29
0
7
0.066410028651587447
1
18
0
2
0.61453744493392071
0.38546255506607929
454
0
3
-0.025167970270095576
2
7
0
2
0.89632107023411367
0.10367892976588629
299
0
21
-0.74126917672671366
3
6
0
2
0.99203187250996017
0.0079681274900398405
251
0
5
0.021838459538401137
4
5
0
2
0.97368421052631582
0.026315789473684209
76
1
-1
0
0
0
0
2
1
0
74
1
-1
0
0
0
1
2
0
1
2
1
-1
0
0
0
0
2
1
0
175
0
9
0.36650690913402328
8
15
1
2
0.39583333333333331
0.60416666666666663
48
0
2
-0.11206962637265019
9
10
0
2
0.84999999999999998
0.14999999999999999
20
1
-1
0
0
0
0
2
1
0
14
0
24
-0.25700826622598394
11
12
0
2
0.5
0.5
6
1
-1
0
0
0
0
2
1
0
2
0
18
0.65342694212154573
13
14
1
2
0.25
0.75
4
1
-1
0
0
0
1
2
0
1
2
1
-1
0
0
0
0
2
0.5
0.5
2
0
17
-0.12682349867961831
16
17
1
2
0.071428571428571425
0.9285714285714286
28
1
-1
0
0
0
0
2
1
0
2
1
-1
0
0
0
1
2
0
1
26
0
19
-0.76743044402694727
19
22
1
2
0.070967741935483872
0.92903225806451617
155
0
1
0.70785440452348891
20
21
0
2
0.77777777777777779
0.22222222222222221
9
1
-1
0
0
0
0
2
1
0
7
1
-1
0
0
0
1
2
0
1
2
0
8
0.0063469050514918038
23
28
1
2
0.027397260273972601
0.9726027397260274
146
0
5
0.1609432909049518
24
27
1
2
0.16666666666666666
0.83333333333333337
24
0
29
-0.996286913143001
25
26
0
2
0.5714285714285714
0.42857142857142855
7
1
-1
0
0
0
1
2
0
1
3
1
-1
0
0
0
0
2
1
0
4
1
-1
0
0
0
1
2
0
1
17
1
-1
0
0
0
1
2
0
1
122
"DecisionTree"
1
0
8
2
0
5
2
29
0
1
0.25571623401508736
1
24
0
2
0.61674008810572689
0.38325991189427311
454
0
17
1.3874720422500459
2
21
0
2
0.91147540983606556
0.088524590163934422
305
0
9
-0.28865229475587251
3
6
0
2
0.95155709342560557
0.048442906574394463
289
0
29
-1.3791132477307038
4
5
0
2
0.99523809523809526
0.0047619047619047623
210
1
-1
0
0
0
0
2
0.5
0.5
2
1
-1
0
0
0
0
2
1
0
208
0
7
-0.44936484200618343
7
8
0
2
0.83544303797468356
0.16455696202531644
79
1
-1
0
0
0
0
2
1
0
39
0
0
0.89029060513708147
9
20
0
2
0.67500000000000004
0.32500000000000001
40
0
20
-0.53185556387942123
10
13
0
2
0.75
0.25
36
0
10
-0.86492539603666896
11
12
0
2
0.95238095238095233
0.047619047619047616
21
1
-1
0
0
0
0
2
0.66666666666666663
0.33333333333333331
3
1
-1
0
0
0
0
2
1
0
18
0
26
-0.41663878363189477
14
17
1
2
0.46666666666666667
0.53333333333333333
15
0
9
-0.027675034374353126
15
16
0
2
0.75
0.25
8
1
-1
0
0
0
0
2
1
0
6
1
-1
0
0
0
1
2
0
1
2
0
19
-0.24409584615010271
18
19
1
2
0.14285714285714285
0.8571428571428571
7
1
-1
0
0
0
0
2
0.5
0.5
2
1
-1
0
0
0
1
2
0
1
5
1
-1
0
0
0
1
2
0
1
4
0
16
0.083692615907868501
22
23
1
2
0.1875
0.8125
16
1
-1
0
0
0
0
2
1
0
3
1
-1
0
0
0
1
2
0
1
13
0
19
-1.3055549327133547
25
26
1
2
0.013422818791946308
0.98657718120805371
149
1
-1
0
0
0
0
2
0.5
0.5
2
0
0
-0.37933685085577284
27
28
1
2
0.0068027210884353739
0.99319727891156462
147
1
-1
0
0
0
1
2
0.33333333333333331
0.66666666666666663
3
1
-1
0
0
0
1
2
0
1
144
"DecisionTree"
1
0
8
2
0
5
2
25
0
2
0.15420160653216594
1
18
0
2
0.65859030837004406
0.34140969162995594
454
0
22
3.0554673043042602
2
17
0
2
0.94822006472491904
0.051779935275080909
309
0
1
0.26630140857548451
3
16
0
2
0.96381578947368418
0.036184210526315791
304
0
1
-0.17978809075554736
4
9
0
2
0.97342192691029905
0.026578073089700997
301
0
6
0.02273520564540641
5
8
0
2
0.99248120300751874
0.0075187969924812026
266
0
28
3.3795330897901898
6
7
0
2
0.99619771863117867
0.0038022813688212928
263
1
-1
0
0
0
0
2
1
0
261
1
-1
0
0
0
0
2
0.5
0.5
2
1
-1
0
0
0
0
2
0.66666666666666663
0.33333333333333331
3
0
24
-0.063820810494289643
10
11
0
2
0.82857142857142863
0.17142857142857143
35
1
-1
0
0
0
0
2
1
0
21
0
17
-0.018025138700800428
12
13
0
2
0.5714285714285714
0.42857142857142855
14
1
-1
0
0
0
0
2
1
0
7
0
5
-0.10033108311360198
14
15
1
2
0.14285714285714285
0.8571428571428571
7
1
-1
0
0
0
1
2
0
1
5
1
-1
0
0
0
0
2
0.5
0.5
2
1
-1
0
0
0
1
2
0
1
3
1
-1
0
0
0
1
2
0
1
5
0
19
-1.0302354268737974
19
22
1
2
0.041379310344827586
0.95862068965517244
145
0
2
0.40579647226899962
20
21
0
2
0.7142857142857143
0.2857142857142857
7
1
-1
0
0
0
0
2
1
0
5
1
-1
0
0
0
1
2
0
1
2
0
9
-0.46177114711755013
23
24
1
2
0.007246376811594203
0.99275362318840576
138
1
-1
0
0
0
1
2
0.33333333333333331
0.66666666666666663
3
1
-1
0
0
0
1
2
0
1
135
"DecisionTree"
1
0
8
2
0
5
2
27
0
5
0.0053559860301249105
1
22
0
2
0.57048458149779735
0.42951541850220265
454
0
11
1.0374897468777808
2
17
0
2
0.92753623188405798
0.072463768115942032
276
0
1
0.0046963801542353658
3
10
0
2
0.98069498069498073
0.019305019305019305
259
0
16
1.0863372382504879
4
9
0
2
0.99163179916317989
0.008368200836820083
239
0
2
-0.38358241898031653
5
6
0
2
0.99576271186440679
0.0042372881355932203
236
1
-1
0
0
0
0
2
1
0
180
0
2
-0.37624423539632573
7
8
0
2
0.9821428571428571
0.017857142857142856
56
1
-1
0
0
0
0
2
0.5
0.5
2
1
-1
0
0
0
0
2
1
0
54
1
-1
0
0
0
0
2
0.66666666666666663
0.33333333333333331
3
0
4
0.09761785862660817
11
16
0
2
0.84999999999999998
0.14999999999999999
20
0
25
-0.49716236659062052
12
13
0
2
0.69999999999999996
0.29999999999999999
10
1
-1
0
0
0
0
2
1
0
6
0
5
-0.10033108311360198
14
15
1
2
0.25
0.75
4
1
-1
0
0
0
1
2
0
1
2
1
-1
0
0
0
0
2
0.5
0.5
2
1
-1
0
0
0
0
2
1
0
10
0
12
-0.3863709121375789
18
21
1
2
0.11764705882352941
0.88235294117647056
17
0
10
0.67334731779655432
19
20
0
2
0.5
0.5
4
1
-1
0
0
0
0
2
1
0
2
1
-1
0
0
0
1
2
0
1
2
1
-1
0
0
0
1
2
0
1
13
0
19
-1.0302354268737974
23
26
1
2
0.016853932584269662
0.9831460674157303
178
0
12
-0.089542563393755936
24
25
1
2
0.375
0.625
8
1
-1
0
0
0
0
2
1
0
3
1
-1
0
0
0
1
2
0
1
5
1
-1
0
0
0
1
2
0
1
170
"DecisionTree"
1
0
8
2
0
5
2
27
0
5
0.0057182381951420514
1
20
0
2
0.59911894273127753
0.40088105726872247
454
0
20
0.84131936565068666
2
15
0
2
0.91186440677966096
0.088135593220338981
295
0
3
-0.028634955413298052
3
10
0
2
0.96399999999999997
0.035999999999999997
250
0
15
1.1934461400572878
4
5
0
2
0.99568965517241381
0.0043103448275862068
232
1
-1
0
0
0
0
2
1
0
211
0
3
-0.66463411890520341
6
7
0
2
0.95238095238095233
0.047619047619047616
21
1
-1
0
0
0
0
2
1
0
17
0
20
-0.60073067195196639
8
9
0
2
0.75
0.25
4
1
-1
0
0
0
0
2
1
0
2
1
-1
0
0
0
0
2
0.5
0.5
2
0
6
-0.1481976976089644
11
12
0
2
0.55555555555555558
0.44444444444444442
18
1
-1
0
0
0
0
2
1
0
7
0
14
-0.58124844896579952
13
14
1
2
0.27272727272727271
0.72727272727272729
11
1
-1
0
0
0
0
2
1
0
3
1
-1
0
0
0
1
2
0
1
8
0
16
0.2239998036256253
16
17
0
2
0.62222222222222223
0.37777777777777777
45
1
-1
0
0
0
0
2
1
0
27
0
24
0.0023197223793693378
18
19
1
2
0.055555555555555552
0.94444444444444442
18
1
-1
0
0
0
0
2
0.5
0.5
2
1
-1
0
0
0
1
2
0
1
16
0
25
-0.81533627955465571
21
22
1
2
0.018867924528301886
0.98113207547169812
159
1
-1
0
0
0
0
2
0.66666666666666663
0.33333333333333331
3
0
8
-0.33445847451605115
23
26
1
2
0.00641025641025641
0.99358974358974361
156
0
3
-0.50309829260340311
24
25
1
2
0.16666666666666666
0.83333333333333337
6
1
-1
0
0
0
1
2
0
1
4
1
-1
0
0
0
0
2
0.5
0.5
2
1
-1
0
0
0
1
2
0
1
150
"DecisionTree"
1
0
8
2
0
5
2
29
0
2
0.29467540656856483
1
26
0
2
0.61453744493392071
0.38546255506607929
454
0
0
0.50623137833031961
2
21
0
2
0.90259740259740262
0.097402597402597407
308
0
12
1.2523158164285244
3
20
0
2
0.96842105263157896
0.031578947368421054
285
0
10
0.41357467714551532
4
13
0
2
0.97526501766784457
0.024734982332155476
283
0
9
0.47727463322355501
5
12
0
2
0.9885057471264368
0.011494252873563218
261
0
19
0.67629043576808678
6
7
0
2
0.99227799227799229
0.0077220077220077222
259
1
-1
0
0
0
0
2
1
0
227
0
2
-0.39511385032658825
8
9
0
2
0.9375
0.0625
32
1
-1
0
0
0
0
2
1
0
25
0
8
-0.54580872265740954
10
11
0
2
0.7142857142857143
0.2857142857142857
7
1
-1
0
0
0
0
2
1
0
5
1
-1
0
0
0
1
2
0
1
2
1
-1
0
0
0
0
2
0.5
0.5
2
0
12
-0.13531118812848864
14
17
0
2
0.81818181818181823
0.18181818181818182
22
0
18
-0.23255665934770103
15
16
0
2
0.94444444444444442
0.055555555555555552
18
1
-1
0
0
0
0
2
0.5
0.5
2
1
-1
0
0
0
0
2
1
0
16
0
15
-0.62155743614174053
18
19
1
2
0.25
0.75
4
1
-1
0
0
0
1
2
0
1
2
1
-1
0
0
0
0
2
0.5
0.5
2
1
-1
0
0
0
1
2
0
1
2
0
29
0.88535396387109477
22
25
1
2
0.086956521739130432
0.91304347826086951
23
0
23
0.34479596083971364
23
24
1
2
0.40000000000000002
0.59999999999999998
5
1
-1
0
0
0
1
2
0
1
3
1
-1
0
0
0
0
2
1
0
2
1
-1
0
0
0
1
2
0
1
18
0
20
-1.1975280743606667
27
28
1
2
0.0068493150684931503
0.99315068493150682
146
1
-1
0
0
0
0
2
0.5
0.5
2
1
-1
0
0
0
1
2
0
1
144
"DecisionTree"
1
0
8
2
0
5
2
39
0
3
0.071522393168104409
1
20
0
2
0.57048458149779735
0.42951541850220265
454
0
2
0.099689385622518653
2
15
0
2
0.9486166007905138
0.051383399209486168
253
0
22
-1.5484462426682728
3
4
0
2
0.97540983606557374
0.024590163934426229
244
1
-1
0
0
0
1
2
0
1
2
0
22
1.6537623858182045
5
12
0
2
0.98347107438016534
0.016528925619834711
242
0
11
0.42658330227177005
6
7
0
2
0.99152542372881358
0.0084745762711864406
236
1
-1
0
0
0
0
2
1
0
223
0
9
0.24180465258973172
8
11
0
2
0.84615384615384615
0.15384615384615385
13
0
29
-0.30056008737014661
9
10
0
2
0.5
0.5
4
1
-1
0
0
0
0
2
1
0
2
1
-1
0
0
0
1
2
0
1
2
1
-1
0
0
0
0
2
1
0
9
0
2
-0.46115750258250698
13
14
0
2
0.66666666666666663
0.33333333333333331
6
1
-1
0
0
0
0
2
1
0
4
1
-1
0
0
0
1
2
0
1
2
0
17
-0.4865241990177499
16
19
1
2
0.22222222222222221
0.77777777777777779
9
0
19
-0.44432821403341727
17
18
0
2
0.5
0.5
4
1
-1
0
0
0
0
2
1
0
2
1
-1
0
0
0
1
2
0
1
2
1
-1
0
0
0
1
2
0
1
5
0
4
-0.63424095748163656
21
24
1
2
0.094527363184079602
0.90547263681592038
201
0
24
0.47466146553945632
22
23
0
2
0.90000000000000002
0.10000000000000001
10
1
-1
0
0
0
0
2
0.5
0.5
2
1
-1
0
0
0
0
2
1
0
8
0
25
5.1821392225348859
25
38
1
2
0.052356020942408377
0.94764397905759157
191
0
9
-0.48633371280051663
26
27
1
2
0.042328042328042326
0.95767195767195767
189
1
-1
0
0
0
0
2
1
0
3
0
15
-0.41424369432700703
28
33
1
2
0.026881720430107527
0.9731182795698925
186
0
15
-0.44731709282663351
29
32
1
2
0.19047619047619047
0.80952380952380953
21
0
13
-0.32268885300660805
30
31
1
2
0.055555555555555552
0.94444444444444442
18
1
-1
0
0
0
0
2
0.5
0.5
2
1
-1
0
0
0
1
2
0
1
16
1
-1
0
0
0
0
2
1
0
3
0
18
1.7836502413131194
34
35
1
2
0.0060606060606060606
0.9939393939393939
165
1
-1
0
0
0
1
2
0
1
152
0
15
0.33676445209134676
36
37
1
2
0.076923076923076927
0.92307692307692313
13
1
-1
0
0
0
0
2
0.5
0.5
2
1
-1
0
0
0
1
2
0
1
11
1
-1
0
0
0
0
2
1
0
2
"DecisionTree"
1
0
8
2
0
5
2
25
0
1
-0.046717324853408855
1
12
0
2
0.62995594713656389
0.37004405286343611
454
0
9
0.55356029395046069
2
7
0
2
0.956989247311828
0.043010752688172046
279
0
0
0.27225541650816404
3
4
0
2
0.99610894941634243
0.0038910505836575876
257
1
-1
0
0
0
0
2
1
0
248
0
27
0.19415947494925806
5
6
0
2
0.88888888888888884
0.1111111111111111
9
1
-1
0
0
0
0
2
1
0
7
1
-1
0
0
0
0
2
0.5
0.5
2
0
15
-0.0052628884901592676
8
9
0
2
0.5
0.5
22
1
-1
0
0
0
0
2
1
0
9
0
8
0.071974758249322618
10
11
1
2
0.15384615384615385
0.84615384615384615
13
1
-1
0
0
0
0
2
1
0
2
1
-1
0
0
0
1
2
0
1
11
0
5
-0.0015268051051991281
13
18
1
2
0.10857142857142857
0.89142857142857146
175
0
3
-0.011813657125908683
14
15
1
2
0.44117647058823528
0.55882352941176472
34
1
-1
0
0
0
0
2
1
0
12
0
23
-0.36862173753348138
16
17
1
2
0.13636363636363635
0.86363636363636365
22
1
-1
0
0
0
0
2
1
0
3
1
-1
0
0
0
1
2
0
1
19
0
9
-0.71873337272396931
19
20
1
2
0.028368794326241134
0.97163120567375882
141
1
-1
0
0
0
0
2
1
0
2
0
24
-0.43925160500736071
21
24
1
2
0.014388489208633094
0.98561151079136688
139
0
5
0.15695851708976419
22
23
1
2
0.33333333333333331
0.66666666666666663
6
1
-1
0
0
0
0
2
1
0
2
1
-1
0
0
0
1
2
0
1
4
1
-1
0
0
0
1
2
0
1
133
"DecisionTree"
1
0
8
2
0
5
2
31
0
14
0.014167968435047397
1
26
0
2
0.6277533039647577
0.3722466960352423
454
0
2
0.11751068861221087
2
19
0
2
0.86956521739130432
0.13043478260869565
299
0
10
1.0825130155252976
3
16
0
2
0.96226415094339623
0.037735849056603772
265
0
3
-0.11389710856464569
4
11
0
2
0.98069498069498073
0.019305019305019305
259
0
9
-0.29526529320897899
5
6
0
2
0.99596774193548387
0.0040322580645161289
248
1
-1
0
0
0
0
2
1
0
197
0
17
0.38164230611934535
7
8
0
2
0.98039215686274506
0.019607843137254902
51
1
-1
0
0
0
0
2
1
0
38
0
21
-0.71968596645036742
9
10
0
2
0.92307692307692313
0.076923076923076927
13
1
-1
0
0
0
0
2
0.5
0.5
2
1
-1
0
0
0
0
2
1
0
11
0
15
-0.2174166398414234
12
13
0
2
0.63636363636363635
0.36363636363636365
11
1
-1
0
0
0
0
2
1
0
6
0
11
0.56765925860268585
14
15
1
2
0.20000000000000001
0.80000000000000004
5
1
-1
0
0
0
0
2
0.5
0.5
2
1
-1
0
0
0
1
2
0
1
3
0
1
-0.38725751213933551
17
18
1
2
0.16666666666666666
0.83333333333333337
6
1
-1
0
0
0
0
2
0.5
0.5
2
1
-1
0
0
0
1
2
0
1
4
0
21
-1.05242712487737
20
21
1
2
0.14705882352941177
0.8529411764705882
34
1
-1
0
0
0
0
2
1
0
3
0
27
-0.75179781872885565
22
25
1
2
0.064516129032258063
0.93548387096774188
31
0
21
0.050115200072644354
23
24
1
2
0.33333333333333331
0.66666666666666663
6
1
-1
0
0
0
0
2
1
0
2
1
-1
0
0
0
1
2
0
1
4
1
-1
0
0
0
1
2
0
1
25
0
7
-0.00026156350556132135
27
30
1
2
0.16129032258064516
0.83870967741935487
155
0
17
0.29726806776842568
28
29
0
2
0.83333333333333337
0.16666666666666666
30
1
-1
0
0
0
0
2
1
0
25
1
-1
0
0
0
1
2
0
1
5
1
-1
0
0
0
1
2
0
1
125
"DecisionTree"
1
0
8
2
0
5
2
25
0
14
0.014167968435047397
1
14
0
2
0.6277533039647577
0.3722466960352423
454
0
3
-0.11389710856464569
2
5
0
2
0.86486486486486491
0.13513513513513514
296
0
1
0.37064098638511578
3
4
0
2
0.99170124481327804
0.0082987551867219917
241
1
-1
0
0
0
0
2
1
0
239
1
-1
0
0
0
1
2
0
1
2
0
18
1.1525610894802609
6
13
1
2
0.30909090909090908
0.69090909090909092
55
0
0
0.28764857189120063
7
10
1
2
0.20833333333333334
0.79166666666666663
48
0
12
-0.01742966394433635
8
9
0
2
0.81818181818181823
0.18181818181818182
11
1
-1
0
0
0
0
2
1
0
9
1
-1
0
0
0
1
2
0
1
2
0
8
-0.069587687626792905
11
12
1
2
0.027027027027027029
0.97297297297297303
37
1
-1
0
0
0
0
2
0.5
0.5
2
1
-1
0
0
0
1
2
0
1
35
1
-1
0
0
0
0
2
1
0
7
0
7
-0.04275397309928048
15
20
1
2
0.18354430379746836
0.81645569620253167
158
0
16
0.5968385664935959
16
19
0
2
0.79411764705882348
0.20588235294117646
34
0
23
-0.83724195101034227
17
18
0
2
0.9642857142857143
0.035714285714285712
28
1
-1
0
0
0
0
2
0.66666666666666663
0.33333333333333331
3
1
-1
0
0
0
0
2
1
0
25
1
-1
0
0
0
1
2
0
1
6
0
9
-0.25535112397415832
21
24
1
2
0.016129032258064516
0.9838709677419355
124
0
0
-0.64009690304441191
22
23
1
2
0.33333333333333331
0.66666666666666663
6
1
-1
0
0
0
1
2
0
1
3
1
-1
0
0
0
0
2
0.66666666666666663
0.33333333333333331
3
1
-1
0
0
0
1
2
0
1
118
"DecisionTree"
1
0
8
2
0
5
2
33
0
7
0.033360376745361325
1
26
0
2
0.62995594713656389
0.37004405286343611
454
0
22
0.93092239844206237
2
19
0
2
0.89067524115755625
0.10932475884244373
311
0
1
-0.016473968966559456
3
14
0
2
0.95880149812734083
0.041198501872659173
267
0
2
-0.11206962637265019
4
11
0
2
0.99193548387096775
0.0080645161290322578
248
0
28
-0.47568917245312159
5
10
0
2
0.99588477366255146
0.00411522633744856
243
0
15
1.0764792429244614
6
7
0
2
0.98412698412698407
0.015873015873015872
63
1
-1
0
0
0
0
2
1
0
53
0
24
-0.41101895548335288
8
9
0
2
0.90000000000000002
0.10000000000000001
10
1
-1
0
0
0
0
2
1
0
8
1
-1
0
0
0
0
2
0.5
0.5
2
1
-1
0
0
0
0
2
1
0
180
0
13
-0.16999085522197119
12
13
0
2
0.80000000000000004
0.20000000000000001
5
1
-1
0
0
0
0
2
1
0
3
1
-1
0
0
0
0
2
0.5
0.5
2
0
15
0.51261813191863037
15
18
0
2
0.52631578947368418
0.47368421052631576
19
0
21
-0.36895879945974253
16
17
0
2
0.90909090909090906
0.090909090909090912
11
1
-1
0
0
0
0
2
1
0
8
1
-1
0
0
0
0
2
0.66666666666666663
0.33333333333333331
3
1
-1
0
0
0
1
2
0
1
8
0
6
-0.80201605255693309
20
21
1
2
0.47727272727272729
0.52272727272727271
44
1
-1
0
0
0
0
2
1
0
14
0
15
-0.031076272684989914
22
25
1
2
0.23333333333333334
0.76666666666666672
30
0
22
2.0302988050977921
23
24
0
2
0.875
0.125
8
1
-1
0
0
0
0
2
1
0
6
1
-1
0
0
0
0
2
0.5
0.5
2
1
-1
0
0
0
1
2
0
1
22
0
12
-0.45289931095623537
27
28
1
2
0.062937062937062943
0.93706293706293708
143
1
-1
0
0
0
0
2
1
0
4
0
1
0.29805693225667673
29
32
1
2
0.035971223021582732
0.96402877697841727
139
0
10
0.1092695838114406
30
31
0
2
0.7142857142857143
0.2857142857142857
7
1
-1
0
0
0
0
2
1
0
5
1
-1
0
0
0
1
2
0
1
2
1
-1
0
0
0
1
2
0
1
132
"DecisionTree"
1
0
8
2
0
5
2
35
0
1
0.0046963801542353658
1
22
0
2
0.61013215859030834
0.38986784140969161
454
0
9
1.5969969784441735
2
19
0
2
0.94139194139194138
0.058608058608058608
273
0
12
-0.16978940941406967
3
12
0
2
0.97692307692307689
0.023076923076923078
260
0
29
1.5295193091552
4
9
0
2
0.99159663865546221
0.0084033613445378148
238
0
0
-0.35339938403535626
5
6
0
2
0.99567099567099571
0.004329004329004329
231
1
-1
0
0
0
0
2
1
0
187
0
0
-0.33169503494527486
7
8
0
2
0.97727272727272729
0.022727272727272728
44
1
-1
0
0
0
0
2
0.5
0.5
2
1
-1
0
0
0
0
2
1
0
42
0
7
-1.0100643477226339
10
11
0
2
0.8571428571428571
0.14285714285714285
7
1
-1
0
0
0
0
2
1
0
4
1
-1
0
0
0
0
2
0.66666666666666663
0.33333333333333331
3
0
0
0.039049112455160406
13
16
0
2
0.81818181818181823
0.18181818181818182
22
0
12
0.11829798182073278
14
15
0
2
0.94444444444444442
0.055555555555555552
18
1
-1
0
0
0
0
2
1
0
15
1
-1
0
0
0
0
2
0.66666666666666663
0.33333333333333331
3
0
11
-0.22300014609237939
17
18
1
2
0.25
0.75
4
1
-1
0
0
0
1
2
0
1
2
1
-1
0
0
0
0
2
0.5
0.5
2
0
19
-0.22134216798154432
20
21
1
2
0.23076923076923078
0.76923076923076927
13
1
-1
0
0
0
0
2
1
0
3
1
-1
0
0
0
1
2
0
1
10
0
0
0.39924894841821545
23
34
1
2
0.11049723756906077
0.88950276243093918
181
0
13
0.045318928679989087
24
31
1
2
0.42553191489361702
0.57446808510638303
47
0
5
0.29868967665268853
25
30
0
2
0.69565217391304346
0.30434782608695654
23
0
24
-0.47049785195247057
26
29
0
2
0.84210526315789469
0.15789473684210525
19
0
7
0.037080250985888991
27
28
1
2
0.25
0.75
4
1
-1
0
0
0
1
2
0
1
2
1
-1
0
0
0
0
2
0.5
0.5
2
1
-1
0
0
0
0
2
1
0
15
1
-1
0
0
0
1
2
0
1
4
0
19
-0.75946665666795166
32
33
1
2
0.16666666666666666
0.83333333333333337
24
1
-1
0
0
0
0
2
1
0
4
1
-1
0
0
0
1
2
0
1
20
1
-1
0
0
0
1
2
0
1
134
"DecisionTree"
1
0
8
2
0
5
2
31
0
0
0.39309168626500113
1
22
0
2
0.64757709251101325
0.3524229074889868
454
0
2
0.11751068861221087
2
15
0
2
0.91856677524429964
0.08143322475570032
307
0
4
0.037646381748565987
3
10
0
2
0.96819787985865724
0.031802120141342753
283
0
28
-0.49159063916264939
4
9
0
2
0.98496240601503759
0.015037593984962405
266
0
8
-0.54965822776456708
5
6
0
2
0.94594594594594594
0.054054054054054057
74
1
-1
0
0
0
0
2
1
0
59
0
24
-0.2825445391100585
7
8
0
2
0.73333333333333328
0.26666666666666666
15
1
-1
0
0
0
1
2
0
1
4
1
-1
0
0
0
0
2
1
0
11
1
-1
0
0
0
0
2
1
0
192
0
27
0.4785027919376536
11
12
0
2
0.70588235294117652
0.29411764705882354
17
1
-1
0
0
0
0
2
1
0
11
0
22
-0.44961952421587087
13
14
1
2
0.16666666666666666
0.83333333333333337
6
1
-1
0
0
0
1
2
0
1
4
1
-1
0
0
0
0
2
0.5
0.5
2
0
16
-0.76918590718546032
16
19
1
2
0.33333333333333331
0.66666666666666663
24
0
3
0.081281314311933334
17
18
0
2
0.69999999999999996
0.29999999999999999
10
1
-1
0
0
0
0
2
1
0
7
1
-1
0
0
0
1
2
0
1
3
0
27
-0.5958126363178714
20
21
1
2
0.071428571428571425
0.9285714285714286
14
1
-1
0
0
0
1
2
0.33333333333333331
0.66666666666666663
3
1
-1
0
0
0
1
2
0
1
11
0
5
-0.35345478341927183
23
26
1
2
0.081632653061224483
0.91836734693877553
147
0
21
1.9818125198056227
24
25
0
2
0.90000000000000002
0.10000000000000001
10
1
-1
0
0
0
0
2
1
0
8
1
-1
0
0
0
0
2
0.5
0.5
2
0
24
-0.54203113810599624
27
28
1
2
0.021897810218978103
0.97810218978102192
137
1
-1
0
0
0
0
2
1
0
2
0
27
-1.1489814804400909
29
30
1
2
0.0074074074074074077
0.99259259259259258
135
1
-1
0
0
0
1
2
0.33333333333333331
0.66666666666666663
3
1
-1
0
0
0
1
2
0
1
132
"DecisionTree"
1
0
8
2
0
5
2
25
0
1
0.2073268645961277
1
20
0
2
0.6409691629955947
0.3590308370044053
454
0
3
0.15537207089074007
2
17
0
2
0.92926045016077174
0.070739549839228297
311
0
16
-2.1210220135672158
3
4
0
2
0.97153024911032027
0.028469750889679714
281
1
-1
0
0
0
1
2
0
1
2
0
2
0.1678296617595777
5
16
0
2
0.978494623655914
0.021505376344086023
279
0
22
0.9996334238580451
6
11
0
2
0.98555956678700363
0.01444043321299639
277
0
5
-0.41775454270979995
7
8
0
2
0.99616858237547889
0.0038314176245210726
261
1
-1
0
0
0
0
2
1
0
198
0
6
-0.3846548804441775
9
10
0
2
0.98412698412698407
0.015873015873015872
63
1
-1
0
0
0
0
2
0.5
0.5
2
1
-1
0
0
0
0
2
1
0
61
0
4
-0.19127922136864964
12
15
0
2
0.8125
0.1875
16
0
17
1.665018878930703
13
14
0
2
0.9285714285714286
0.071428571428571425
14
1
-1
0
0
0
0
2
1
0
12
1
-1
0
0
0
0
2
0.5
0.5
2
1
-1
0
0
0
1
2
0
1
2
1
-1
0
0
0
1
2
0
1
2
0
15
-0.0044562202340709678
18
19
0
2
0.53333333333333333
0.46666666666666667
30
1
-1
0
0
0
0
2
1
0
16
1
-1
0
0
0
1
2
0
1
14
0
3
0.014638155448154003
21
24
1
2
0.013986013986013986
0.98601398601398604
143
0
24
-0.49222747546252166
22
23
1
2
0.33333333333333331
0.66666666666666663
6
1
-1
0
0
0
1
2
0
1
4
1
-1
0
0
0
0
2
1
0
2
1
-1
0
0
0
1
2
0
1
137
"DecisionTree"
1
0
8
2
0
5
2
25
0
0
0.30227206950508523
1
12
0
2
0.63215859030837007
0.36784140969162998
454
0
7
0.13193704411934301
2
9
0
2
0.94425087108013939
0.055749128919860627
287
0
5
0.014955668403077098
3
8
0
2
0.98897058823529416
0.011029411764705883
272
0
18
0.91487816216658691
4
5
0
2
0.99629629629629635
0.0037037037037037038
270
1
-1
0
0
0
0
2
1
0
262
0
10
0.015542092587531003
6
7
0
2
0.875
0.125
8
1
-1
0
0
0
0
2
0.5
0.5
2
1
-1
0
0
0
0
2
1
0
6
1
-1
0
0
0
1
2
0
1
2
0
19
-0.55127050142564171
10
11
1
2
0.13333333333333333
0.8666666666666667
15
1
-1
0
0
0
0
2
1
0
2
1
-1
0
0
0
1
2
0
1
13
0
12
-0.52549781915615612
13
14
1
2
0.09580838323353294
0.90419161676646709
167
1
-1
0
0
0
0
2
1
0
10
0
12
-0.50073177288059778
15
18
1
2
0.038216560509554139
0.96178343949044587
157
0
23
-0.28279082682011053
16
17
1
2
0.40000000000000002
0.59999999999999998
10
1
-1
0
0
0
0
2
1
0
4
1
-1
0
0
0
1
2
0
1
6
0
15
-1.218491945647199
19
22
1
2
0.013605442176870748
0.98639455782312924
147
0
0
0.83025729914323887
20
21
1
2
0.25
0.75
4
1
-1
0
0
0
0
2
0.5
0.5
2
1
-1
0
0
0
1
2
0
1
2
0
24
-0.50666102100569421
23
24
1
2
0.006993006993006993
0.99300699300699302
143
1
-1
0
0
0
1
2
0.33333333333333331
0.66666666666666663
3
1
-1
0
0
0
1
2
0
1
140
"DecisionTree"
1
0
8
2
0
5
2
35
0
5
-0.0070511506217092977
1
28
0
2
0.63436123348017626
0.3656387665198238
454
0
11
1.0374897468777808
2
23
0
2
0.9096774193548387
0.090322580645161285
310
0
1
-0.17071508398949231
3
14
0
2
0.96478873239436624
0.035211267605633804
284
0
28
-1.1694642755577074
4
5
0
2
0.98425196850393704
0.015748031496062992
254
1
-1
0
0
0
0
2
0.5
0.5
2
0
22
0.94768788864356179
6
11
0
2
0.98809523809523814
0.011904761904761904
252
0
2
-0.38672735480202713
7
8
0
2
0.99170124481327804
0.0082987551867219917
241
1
-1
0
0
0
0
2
1
0
192
0
7
-0.4155998296690866
9
10
0
2
0.95918367346938771
0.040816326530612242
49
1
-1
0
0
0
1
2
0.33333333333333331
0.66666666666666663
3
1
-1
0
0
0
0
2
1
0
46
0
22
1.1425523567232903
12
13
0
2
0.90909090909090906
0.090909090909090912
11
1
-1
0
0
0
0
2
0.5
0.5
2
1
-1
0
0
0
0
2
1
0
9
0
27
0.4785027919376536
15
20
0
2
0.80000000000000004
0.20000000000000001
30
0
19
-0.80838706473035249
16
19
0
2
0.94736842105263153
0.052631578947368418
19
0
25
0.053803499135121946
17
18
0
2
0.75
0.25
4
1
-1
0
0
0
0
2
0.5
0.5
2
1
-1
0
0
0
0
2
1
0
2
1
-1
0
0
0
0
2
1
0
15
0
0
-0.062545713072880815
21
22
0
2
0.54545454545454541
0.45454545454545453
11
1
-1
0
0
0
0
2
1
0
6
1
-1
0
0
0
1
2
0
1
5
0
12
-0.39098419526733974
24
27
1
2
0.30769230769230771
0.69230769230769229
26
0
22
2.6624402389248374
25
26
0
2
0.72727272727272729
0.27272727272727271
11
1
-1
0
0
0
0
2
1
0
8
1
-1
0
0
0
1
2
0
1
3
1
-1
0
0
0
1
2
0
1
15
0
12
-0.15473553814853425
29
32
1
2
0.041666666666666664
0.95833333333333337
144
0
19
-0.21679143234783271
30
31
1
2
0.41666666666666669
0.58333333333333337
12
1
-1
0
0
0
0
2
1
0
5
1
-1
0
0
0
1
2
0
1
7
0
11
-0.95418573189378209
33
34
1
2
0.007575757575757576
0.99242424242424243
132
1
-1
0
0
0
0
2
0.5
0.5
2
1
-1
0
0
0
1
2
0
1
130
"DecisionTree"
1
0
8
2
0
5
2
25
0
1
-0.042180821470381463
1
10
0
2
0.64537444933920707
0.35462555066079293
454
0
8
0.81095556123946588
2
7
0
2
0.96180555555555558
0.038194444444444448
288
0
13
0.02401223131469099
3
4
0
2
0.98201438848920863
0.017985611510791366
278
1
-1
0
0
0
0
2
1
0
261
0
4
-0.043832107527118719
5
6
0
2
0.70588235294117652
0.29411764705882354
17
1
-1
0
0
0
0
2
1
0
11
1
-1
0
0
0
1
2
0.16666666666666666
0.83333333333333337
6
0
1
-0.70950046911371822
8
9
1
2
0.40000000000000002
0.59999999999999998
10
1
-1
0
0
0
0
2
1
0
4
1
-1
0
0
0
1
2
0
1
6
0
8
-0.26417396191440085
11
18
1
2
0.096385542168674704
0.90361445783132532
166
0
23
-0.82399473649509536
12
15
0
2
0.76470588235294112
0.23529411764705882
17
0
3
-0.41334189945160787
13
14
1
2
0.25
0.75
4
1
-1
0
0
0
1
2
0
1
2
1
-1
0
0
0
0
2
0.5
0.5
2
0
26
-0.34482546064850567
16
17
0
2
0.92307692307692313
0.076923076923076927
13
1
-1
0
0
0
0
2
1
0
11
1
-1
0
0
0
0
2
0.5
0.5
2
0
27
-1.3821968192949265
19
20
1
2
0.020134228187919462
0.97986577181208057
149
1
-1
0
0
0
0
2
1
0
2
0
6
0.1523593239466377
21
24
1
2
0.0068027210884353739
0.99319727891156462
147
0
19
-0.36582802435189049
22
23
1
2
0.043478260869565216
0.95652173913043481
23
1
-1
0
0
0
1
2
0.33333333333333331
0.66666666666666663
3
1
-1
0
0
0
1
2
0
1
20
1
-1
0
0
0
1
2
0
1
124
"DecisionTree"
1
0
8
2
0
5
2
29
0
5
0.0053559860301249105
1
18
0
2
0.61894273127753308
0.38105726872246698
454
0
8
0.35708649134718329
2
15
0
2
0.92281879194630867
0.077181208053691275
298
0
3
0.043658105165329655
3
10
0
2
0.96441281138790036
0.035587188612099648
281
0
22
-1.5962691163577971
4
5
0
2
0.98084291187739459
0.019157088122605363
261
1
-1
0
0
0
1
2
0
1
2
0
15
1.1934461400572878
6
7
0
2
0.98841698841698844
0.011583011583011582
259
1
-1
0
0
0
0
2
1
0
245
0
26
0.091766900670961687
8
9
0
2
0.7857142857142857
0.21428571428571427
14
1
-1
0
0
0
0
2
1
0
11
1
-1
0
0
0
1
2
0
1
3
0
3
0.25694189490085462
11
14
0
2
0.75
0.25
20
0
1
-0.20685589427427764
12
13
1
2
0.44444444444444442
0.55555555555555558
9
1
-1
0
0
0
0
2
1
0
4
1
-1
0
0
0
1
2
0
1
5
1
-1
0
0
0
0
2
1
0
11
0
14
0.49904403356191118
16
17
1
2
0.23529411764705882
0.76470588235294112
17
1
-1
0
0
0
1
2
0
1
13
1
-1
0
0
0
0
2
1
0
4
0
9
-0.77730564473719721
19
20
1
2
0.038461538461538464
0.96153846153846156
156
1
-1
0
0
0
0
2
1
0
3
0
14
-0.5778830518239686
21
24
1
2
0.019607843137254902
0.98039215686274506
153
0
2
0.31354502149882735
22
23
0
2
0.5
0.5
4
1
-1
0
0
0
0
2
1
0
2
1
-1
0
0
0
1
2
0
1
2
0
3
0.0047508274471694048
25
28
1
2
0.0067114093959731542
0.99328859060402686
149
0
6
0.68937352833745325
26
27
1
2
0.125
0.875
8
1
-1
0
0
0
1
2
0.33333333333333331
0.66666666666666663
3
1
-1
0
0
0
1
2
0
1
5
1
-1
0
0
0
1
2
0
1
141
"DecisionTree"
1
0
8
2
0
5
2
19
0
1
0.23454588489429251
1
12
0
2
0.62334801762114533
0.37665198237885461
454
0
19
0.44420291844879067
2
5
0
2
0.94576271186440675
0.054237288135593219
295
0
0
0.76098809991957439
3
4
0
2
0.9874476987447699
0.012552301255230125
239
1
-1
0
0
0
0
2
1
0
236
1
-1
0
0
0
1
2
0
1
3
0
0
0.082149947527662692
6
9
0
2
0.7678571428571429
0.23214285714285715
56
0
5
-0.17232870091074245
7
8
0
2
0.97674418604651159
0.023255813953488372
43
1
-1
0
0
0
0
2
1
0
41
1
-1
0
0
0
0
2
0.5
0.5
2
0
24
-0.0048177451969248289
10
11
1
2
0.076923076923076927
0.92307692307692313
13
1
-1
0
0
0
0
2
0.5
0.5
2
1
-1
0
0
0
1
2
0
1
11
0
11
-0.95418573189378209
13
14
1
2
0.025157232704402517
0.97484276729559749
159
1
-1
0
0
0
0
2
1
0
3
0
1
0.25571623401508736
15
18
1
2
0.00641025641025641
0.99358974358974361
156
0
5
0.19101022060136774
16
17
1
2
0.25
0.75
4
1
-1
0
0
0
0
2
0.5
0.5
2
1
-1
0
0
0
1
2
0
1
2
1
-1
0
0
0
1
2
0
1
152
"DecisionTree"
1
0
8
2
0
5
2
27
0
1
0.2073268645961277
1
22
0
2
0.59911894273127753
0.40088105726872247
454
0
3
-0.017206745126445697
2
13
0
2
0.91216216216216217
0.087837837837837843
296
0
12
0.84452586819519049
3
12
0
2
0.98031496062992129
0.01968503937007874
254
0
22
1.582302919385582
4
11
0
2
0.98809523809523814
0.011904761904761904
252
0
2
0.11751068861221087
5
10
0
2
0.99196787148594379
0.0080321285140562242
249
0
23
-0.7770775184202624
6
9
0
2
0.99593495934959353
0.0040650406504065045
246
0
24
-0.3117288509775723
7
8
0
2
0.9850746268656716
0.014925373134328358
67
1
-1
0
0
0
0
2
1
0
65
1
-1
0
0
0
0
2
0.5
0.5
2
1
-1
0
0
0
0
2
1
0
179
1
-1
0
0
0
0
2
0.66666666666666663
0.33333333333333331
3
1
-1
0
0
0
0
2
0.66666666666666663
0.33333333333333331
3
1
-1
0
0
0
1
2
0
1
2
0
9
-0.03948396018347166
14
15
0
2
0.5
0.5
42
1
-1
0
0
0
0
2
1
0
14
0
28
-0.84849022530983031
16
19
1
2
0.25
0.75
28
0
21
-0.33838258490158596
17
18
0
2
0.7142857142857143
0.2857142857142857
7
1
-1
0
0
0
1
2
0
1
2
1
-1
0
0
0
0
2
1
0
5
0
9
0.19952869819308733
20
21
1
2
0.095238095238095233
0.90476190476190477
21
1
-1
0
0
0
0
2
1
0
2
1
-1
0
0
0
1
2
0
1
19
0
19
-1.0302354268737974
23
26
1
2
0.012658227848101266
0.98734177215189878
158
0
22
0.034380938814314699
24
25
1
2
0.40000000000000002
0.59999999999999998
5
1
-1
0
0
0
0
2
1
0
2
1
-1
0
0
0
1
2
0
1
3
1
-1
0
0
0
1
2
0
1
153
"DecisionTree"
1
0
8
2
0
5
2
27
0
3
-0.017206745126445697
1
12
0
2
0.59251101321585908
0.40748898678414097
454
0
1
0.2617649051924571
2
11
0
2
0.96456692913385822
0.035433070866141732
254
0
1
0.028891064863714976
3
8
0
2
0.97999999999999998
0.02
250
0
19
0.67629043576808678
4
5
0
2
0.99163179916317989
0.008368200836820083
239
1
-1
0
0
0
0
2
1
0
204
0
19
0.70814558520406834
6
7
0
2
0.94285714285714284
0.057142857142857141
35
1
-1
0
0
0
1
2
0
1
2
1
-1
0
0
0
0
2
1
0
33
0
27
-0.59886237536443454
9
10
0
2
0.72727272727272729
0.27272727272727271
11
1
-1
0
0
0
0
2
1
0
8
1
-1
0
0
0
1
2
0
1
3
1
-1
0
0
0
1
2
0
1
4
0
6
-0.70230519232521682
13
14
1
2
0.12
0.88
200
1
-1
0
0
0
0
2
1
0
7
0
12
-0.4305613084331828
15
22
1
2
0.088082901554404139
0.91191709844559588
193
0
27
1.0543652824945937
16
21
0
2
0.5714285714285714
0.42857142857142855
14
0
13
-0.72153527561666286
17
20
0
2
0.72727272727272729
0.27272727272727271
11
0
0
1.6491731655207831
18
19
1
2
0.25
0.75
4
1
-1
0
0
0
0
2
0.5
0.5
2
1
-1
0
0
0
1
2
0
1
2
1
-1
0
0
0
0
2
1
0
7
1
-1
0
0
0
1
2
0
1
3
0
9
-0.072548952449003432
23
26
1
2
0.05027932960893855
0.94972067039106145
179
0
6
0.53553391540851936
24
25
1
2
0.40909090909090912
0.59090909090909094
22
1
-1
0
0
0
0
2
1
0
9
1
-1
0
0
0
1
2
0
1
13
1
-1
0
0
0
1
2
0
1
157
"DecisionTree"
1
0
8
2
0
5
2
29
0
8
0.071726403081118911
1
14
0
2
0.65198237885462551
0.34801762114537443
454
0
1
0.2375702204829773
2
13
0
2
0.95035460992907805
0.049645390070921988
282
0
10
0.41452622527976812
3
10
0
2
0.98168498168498164
0.018315018315018316
273
0
13
0.81236003383072264
4
9
0
2
0.99239543726235746
0.0076045627376425855
263
0
19
0.67629043576808678
5
6
0
2
0.99615384615384617
0.0038461538461538464
260
1
-1
0
0
0
0
2
1
0
220
0
19
0.77868198752659978
7
8
0
2
0.97499999999999998
0.025000000000000001
40
1
-1
0
0
0
0
2
0.75
0.25
4
1
-1
0
0
0
0
2
1
0
36
1
-1
0
0
0
0
2
0.66666666666666663
0.33333333333333331
3
0
25
-0.24587410297545487
11
12
0
2
0.69999999999999996
0.29999999999999999
10
1
-1
0
0
0
1
2
0
1
3
1
-1
0
0
0
0
2
1
0
7
1
-1
0
0
0
1
2
0
1
9
0
0
0.45004636118223623
15
24
1
2
0.16279069767441862
0.83720930232558144
172
0
7
-0.17194806691452802
16
17
0
2
0.69696969696969702
0.30303030303030304
33
1
-1
0
0
0
0
2
1
0
15
0
26
0.66904809019879607
18
23
1
2
0.44444444444444442
0.55555555555555558
18
0
3
0.30432402519128732
19
22
0
2
0.66666666666666663
0.33333333333333331
12
0
27
1.5216929422767831
20
21
1
2
0.33333333333333331
0.66666666666666663
6
1
-1
0
0
0
1
2
0
1
4
1
-1
0
0
0
0
2
1
0
2
1
-1
0
0
0
0
2
1
0
6
1
-1
0
0
0
1
2
0
1
6
0
6
-1.0739418128174283
25
26
1
2
0.035971223021582732
0.96402877697841727
139
1
-1
0
0
0
0
2
1
0
2
0
12
-0.53642401604243173
27
28
1
2
0.021897810218978103
0.97810218978102192
137
1
-1
0
0
0
0
2
0.75
0.25
4
1
-1
0
0
0
1
2
0
1
133
"DecisionTree"
1
0
8
2
0
5
2
31
0
0
0.45081601895138818
1
22
0
2
0.67841409691629961
0.32158590308370044
454
0
1
0.25571623401508736
2
19
0
2
0.94099378881987583
0.059006211180124224
322
0
0
0.30458104281254061
3
14
0
2
0.97419354838709682
0.025806451612903226
310
0
16
0.50619066431639359
4
11
0
2
0.98639455782312924
0.013605442176870748
294
0
9
-0.29526529320897899
5
6
0
2
0.99256505576208176
0.0074349442379182153
269
1
-1
0
0
0
0
2
1
0
214
0
26
0.084585568372622821
7
8
0
2
0.96363636363636362
0.036363636363636362
55
1
-1
0
0
0
0
2
1
0
38
0
24
-0.2825445391100585
9
10
0
2
0.88235294117647056
0.11764705882352941
17
1
-1
0
0
0
1
2
0
1
2
1
-1
0
0
0
0
2
1
0
15
0
13
0.12194827885342989
12
13
0
2
0.92000000000000004
0.080000000000000002
25
1
-1
0
0
0
0
2
1
0
23
1
-1
0
0
0
1
2
0
1
2
0
0
0.35153016673080228
15
18
0
2
0.75
0.25
16
0
21
0.2785375088306406
16
17
1
2
0.20000000000000001
0.80000000000000004
5
1
-1
0
0
0
0
2
0.5
0.5
2
1
-1
0
0
0
1
2
0
1
3
1
-1
0
0
0
0
2
1
0
11
0
0
-0.47369689335378695
20
21
1
2
0.083333333333333329
0.91666666666666663
12
1
-1
0
0
0
0
2
0.5
0.5
2
1
-1
0
0
0
1
2
0
1
10
0
21
-1.1513501719772896
23
24
1
2
0.03787878787878788
0.96212121212121215
132
1
-1
0
0
0
0
2
0.66666666666666663
0.33333333333333331
3
0
5
-0.37863130888795749
25
28
1
2
0.023255813953488372
0.97674418604651159
129
0
19
-0.48642251864525055
26
27
0
2
0.5
0.5
4
1
-1
0
0
0
0
2
1
0
2
1
-1
0
0
0
1
2
0
1
2
0
8
0.055024518019419329
29
30
1
2
0.0080000000000000002
0.99199999999999999
125
1
-1
0
0
0
0
2
0.5
0.5
2
1
-1
0
0
0
1
2
0
1
123
"DecisionTree"
1
0
8
2
0
5
2
25
0
12
0.21711936254771516
1
18
0
2
0.66519823788546251
0.33480176211453744
454
0
1
0.25571623401508736
2
17
0
2
0.85302593659942361
0.14697406340057637
347
0
22
1.1837789719728797
3
14
0
2
0.94568690095846641
0.054313099041533544
313
0
22
0.9996334238580451
4
9
0
2
0.98961937716262971
0.010380622837370242
289
0
10
0.35553024095608887
5
6
0
2
0.99644128113879005
0.0035587188612099642
281
1
-1
0
0
0
0
2
1
0
270
0
23
0.20790807751549528
7
8
0
2
0.90909090909090906
0.090909090909090912
11
1
-1
0
0
0
0
2
0.5
0.5
2
1
-1
0
0
0
0
2
1
0
9
0
14
-0.22943500929286431
10
13
0
2
0.75
0.25
8
0
22
1.0436084801242744
11
12
0
2
0.5
0.5
4
1
-1
0
0
0
1
2
0
1
2
1
-1
0
0
0
0
2
1
0
2
1
-1
0
0
0
0
2
1
0
4
0
20
0.24380075792185532
15
16
1
2
0.41666666666666669
0.58333333333333337
24
1
-1
0
0
0
0
2
1
0
10
1
-1
0
0
0
1
2
0
1
14
1
-1
0
0
0
1
2
0
1
34
0
5
-0.43912742044580644
19
20
1
2
0.056074766355140186
0.94392523364485981
107
1
-1
0
0
0
0
2
1
0
4
0
0
-0.15875293421685921
21
24
1
2
0.019417475728155338
0.98058252427184467
103
0
9
-1.0066822196535155
22
23
1
2
0.33333333333333331
0.66666666666666663
6
1
-1
0
0
0
1
2
0
1
4
1
-1
0
0
0
0
2
1
0
2
1
-1
0
0
0
1
2
0
1
97
"DecisionTree"
1
0
8
2
0
5
2
29
0
3
0.15460162974780622
1
20
0
2
0.64977973568281944
0.35022026431718062
454
0
3
-0.1335433577094593
2
15
0
2
0.91585760517799353
0.084142394822006472
309
0
12
0.0058795560797183944
3
12
0
2
0.95340501792114696
0.046594982078853049
279
0
6
0.36032768957278888
4
11
0
2
0.98127340823970033
0.018726591760299626
267
0
19
0.67629043576808678
5
6
0
2
0.98867924528301887
0.011320754716981131
265
1
-1
0
0
0
0
2
1
0
234
0
26
0.091766900670961687
7
8
0
2
0.90322580645161288
0.096774193548387094
31
1
-1
0
0
0
0
2
1
0
22
0
12
-0.49405465256120706
9
10
0
2
0.66666666666666663
0.33333333333333331
9
1
-1
0
0
0
0
2
1
0
5
1
-1
0
0
0
1
2
0.25
0.75
4
1
-1
0
0
0
1
2
0
1
2
0
2
-0.33955331747637063
13
14
1
2
0.33333333333333331
0.66666666666666663
12
1
-1
0
0
0
0
2
1
0
4
1
-1
0
0
0
1
2
0
1
8
0
2
-0.04288103829502049
16
17
0
2
0.56666666666666665
0.43333333333333335
30
1
-1
0
0
0
0
2
1
0
14
0
13
-0.55182930011060394
18
19
1
2
0.1875
0.8125
16
1
-1
0
0
0
0
2
1
0
3
1
-1
0
0
0
1
2
0
1
13
0
1
0.16044966297151086
21
28
1
2
0.082758620689655171
0.91724137931034477
145
0
22
0.35704791416777104
22
23
0
2
0.52173913043478259
0.47826086956521741
23
1
-1
0
0
0
0
2
1
0
9
0
14
-0.64260222762840857
24
25
1
2
0.21428571428571427
0.7857142857142857
14
1
-1
0
0
0
0
2
1
0
2
0
28
1.238135572907104
26
27
1
2
0.083333333333333329
0.91666666666666663
12
1
-1
0
0
0
1
2
0
1
10
1
-1
0
0
0
0
2
0.5
0.5
2
1
-1
0
0
0
1
2
0
1
122
"DecisionTree"
1
0
8
2
0
5
2
31
0
14
0.013132461622176357
1
22
0
2
0.64977973568281944
0.35022026431718062
454
0
9
0.47632991915882567
2
15
0
2
0.87828947368421051
0.12171052631578948
304
0
18
-0.028477180378374135
3
10
0
2
0.95833333333333337
0.041666666666666664
264
0
5
0.30312726567414744
4
9
0
2
0.98623853211009171
0.013761467889908258
218
0
0
-0.36017237240389238
5
6
0
2
0.99537037037037035
0.0046296296296296294
216
1
-1
0
0
0
0
2
1
0
181
0
19
0.091520906836134452
7
8
0
2
0.97142857142857142
0.028571428571428571
35
1
-1
0
0
0
0
2
1
0
32
1
-1
0
0
0
0
2
0.66666666666666663
0.33333333333333331
3
1
-1
0
0
0
1
2
0
1
2
0
12
-0.12183554530208185
11
14
0
2
0.82608695652173914
0.17391304347826086
46
0
0
0.49930445840795312
12
13
0
2
0.94999999999999996
0.050000000000000003
40
1
-1
0
0
0
0
2
1
0
38
1
-1
0
0
0
1
2
0
1
2
1
-1
0
0
0
1
2
0
1
6
0
16
-0.32540530783098293
16
17
1
2
0.34999999999999998
0.65000000000000002
40
1
-1
0
0
0
0
2
1
0
9
0
5
-0.39982306054145544
18
21
1
2
0.16129032258064516
0.83870967741935487
31
0
12
-0.60185979517246058
19
20
0
2
0.7142857142857143
0.2857142857142857
7
1
-1
0
0
0
1
2
0.33333333333333331
0.66666666666666663
3
1
-1
0
0
0
0
2
1
0
4
1
-1
0
0
0
1
2
0
1
24
0
6
-0.19093092342255724
23
26
1
2
0.18666666666666668
0.81333333333333335
150
0
2
-0.22423900401365515
24
25
0
2
0.96153846153846156
0.038461538461538464
26
1
-1
0
0
0
0
2
1
0
24
1
-1
0
0
0
0
2
0.5
0.5
2
0
7
-0.04275397309928048
27
30
1
2
0.024193548387096774
0.97580645161290325
124
0
17
1.0344324659922501
28
29
1
2
0.42857142857142855
0.5714285714285714
7
1
-1
0
0
0
0
2
1
0
3
1
-1
0
0
0
1
2
0
1
4
1
-1
0
0
0
1
2
0
1
117
"DecisionTree"
1
0
8
2
0
5
2
33
0
8
-0.23257076676047861
1
12
0
2
0.64537444933920707
0.35462555066079293
454
0
22
-1.5962691163577971
2
3
0
2
0.97628458498023718
0.023715415019762844
253
1
-1
0
0
0
1
2
0
1
2
0
6
0.78338662512735724
4
11
0
2
0.98406374501992033
0.015936254980079681
251
0
1
0.2617649051924571
5
10
0
2
0.98795180722891562
0.012048192771084338
249
0
15
1.1934461400572878
6
7
0
2
0.9919028340080972
0.0080971659919028341
247
1
-1
0
0
0
0
2
1
0
229
0
2
-0.39721047420772848
8
9
0
2
0.88888888888888884
0.1111111111111111
18
1
-1
0
0
0
0
2
1
0
15
1
-1
0
0
0
1
2
0.33333333333333331
0.66666666666666663
3
1
-1
0
0
0
0
2
0.5
0.5
2
1
-1
0
0
0
0
2
0.5
0.5
2
0
3
-0.017206745126445697
13
16
1
2
0.22885572139303484
0.77114427860696522
201
0
12
-0.18884955287123945
14
15
0
2
0.96551724137931039
0.034482758620689655
29
1
-1
0
0
0
0
2
1
0
27
1
-1
0
0
0
0
2
0.5
0.5
2
0
2
-0.68654456980508738
17
18
1
2
0.10465116279069768
0.89534883720930236
172
1
-1
0
0
0
0
2
1
0
8
0
25
0.27837486929529254
19
24
1
2
0.06097560975609756
0.93902439024390238
164
0
29
-0.040633719974805353
20
21
1
2
0.018018018018018018
0.98198198198198194
111
1
-1
0
0
0
1
2
0
1
83
0
16
-0.33959367512828476
22
23
1
2
0.071428571428571425
0.9285714285714286
28
1
-1
0
0
0
0
2
1
0
2
1
-1
0
0
0
1
2
0
1
26
0
25
0.4366210843748799
25
28
1
2
0.15094339622641509
0.84905660377358494
53
0
23
0.71682190180956562
26
27
0
2
0.75
0.25
8
1
-1
0
0
0
1
2
0.33333333333333331
0.66666666666666663
3
1
-1
0
0
0
0
2
1
0
5
0
11
-0.031834299648464168
29
32
1
2
0.044444444444444446
0.9555555555555556
45
0
4
0.47729934672345381
30
31
1
2
0.40000000000000002
0.59999999999999998
5
1
-1
0
0
0
0
2
1
0
2
1
-1
0
0
0
1
2
0
1
3
1
-1
0
0
0
1
2
0
1
40
"DecisionTree"
1
0
8
2
0
5
2
23
0
5
-0.090097459451870004
1
14
0
2
0.62114537444933926
0.3788546255506608
454
0
3
-0.017206745126445697
2
5
0
2
0.88996763754045305
0.11003236245954692
309
0
28
-1.3489741664119332
3
4
0
2
0.98790322580645162
0.012096774193548387
248
1
-1
0
0
0
1
2
0
1
3
1
-1
0
0
0
0
2
1
0
245
0
0
0.86643121429337489
6
13
1
2
0.49180327868852458
0.50819672131147542
61
0
23
0.46981654782735682
7
12
0
2
0.76923076923076927
0.23076923076923078
39
0
1
-0.20685589427427764
8
9
0
2
0.625
0.375
24
1
-1
0
0
0
0
2
1
0
13
0
5
-0.23101355164350595
10
11
1
2
0.18181818181818182
0.81818181818181823
11
1
-1
0
0
0
0
2
1
0
2
1
-1
0
0
0
1
2
0
1
9
1
-1
0
0
0
0
2
1
0
15
1
-1
0
0
0
1
2
0
1
22
0
27
-1.0678046028771577
15
18
1
2
0.048275862068965517
0.9517241379310345
145
0
19
-0.82545232335677121
16
17
0
2
0.75
0.25
8
1
-1
0
0
0
0
2
1
0
6
1
-1
0
0
0
1
2
0
1
2
0
26
-0.97400809724160731
19
22
1
2
0.0072992700729927005
0.99270072992700731
137
0
26
-1.0206867571808103
20
21
1
2
0.14285714285714285
0.8571428571428571
7
1
-1
0
0
0
1
2
0
1
5
1
-1
0
0
0
0
2
0.5
0.5
2
1
-1
0
0
0
1
2
0
1
130
"DecisionTree"
1
0
8
2
0
5
2
27
0
1
0.29805693225667673
1
24
0
2
0.62334801762114533
0.37665198237885461
454
0
3
-0.026580445698807742
2
15
0
2
0.90645161290322585
0.093548387096774197
310
0
14
-0.12407219108323615
3
8
0
2
0.97752808988764039
0.02247191011235955
267
0
0
-0.35339938403535626
4
5
0
2
0.9956521739130435
0.0043478260869565218
230
1
-1
0
0
0
0
2
1
0
178
0
0
-0.33169503494527486
6
7
0
2
0.98076923076923073
0.019230769230769232
52
1
-1
0
0
0
0
2
0.5
0.5
2
1
-1
0
0
0
0
2
1
0
50
0
7
0.1023211222812962
9
14
0
2
0.86486486486486491
0.13513513513513514
37
0
15
1.4201199200181449
10
11
0
2
0.94117647058823528
0.058823529411764705
34
1
-1
0
0
0
0
2
1
0
30
0
23
-0.80266120145283304
12
13
0
2
0.5
0.5
4
1
-1
0
0
0
0
2
1
0
2
1
-1
0
0
0
1
2
0
1
2
1
-1
0
0
0
1
2
0
1
3
0
15
-0.00042287895362862205
16
21
1
2
0.46511627906976744
0.53488372093023251
43
0
25
-0.18496705915497597
17
20
0
2
0.90476190476190477
0.095238095238095233
21
0
3
0.068312221739213308
18
19
0
2
0.66666666666666663
0.33333333333333331
6
1
-1
0
0
0
1
2
0
1
2
1
-1
0
0
0
0
2
1
0
4
1
-1
0
0
0
0
2
1
0
15
0
26
-0.51081216399874818
22
23
1
2
0.045454545454545456
0.95454545454545459
22
1
-1
0
0
0
0
2
0.5
0.5
2
1
-1
0
0
0
1
2
0
1
20
0
23
-0.95666007019257893
25
26
1
2
0.013888888888888888
0.98611111111111116
144
1
-1
0
0
0
0
2
1
0
2
1
-1
0
0
0
1
2
0
1
142
1
2
1
