MLCPP_ARCHIVE_V1
"LagRegression_V1"
"ElasticNet_V1"
0
0
5000
6
25.329493895615219
-7.2981985232141788
62.158752058730094
5.393217240530439
0.54972057880432146
-3.6208852409209098
253.14563106796115
6
235
235
209
63
3.6739403974420594e-16
4.8923973902235293e-16
6
249.52427184466021
246.3106796116505
224.05825242718447
63
0.036233502986105663
1.5521564616118694e-16
6
84.623649367282539
83.800042765497992
80.229382947945723
29.732137494637012
0.70273235611384555
0.71053104712745585
115
112
118
132
129
121
135
148
148
136
119
104
118
115
126
141
135
125
149
170
170
158
133
114
140
145
150
178
163
172
178
199
199
184
162
146
166
171
180
193
181
183
218
230
242
209
191
172
194
196
196
236
235
229
243
264
272
237
211
180
201
204
188
235
227
234
264
302
293
259
229
203
229
242
233
267
269
270
315
364
347
312
274
237
278
284
277
317
313
318
374
413
405
355
306
271
306
315
301
356
348
355
422
465
467
404
347
305
336
340
318
362
348
363
435
491
