MLCPP_ARCHIVE_V1
"MultinomialNB_V1"
0.5
2
-0.11528303435429893
-2.2174528271116909
2
1000
-3.9187651856532102
-4.4748412728960023
-4.1491631696531117
-4.6864904996512458
-4.5926407061679058
-4.8036361916418038
-4.8746778605823211
-5.009720742847283
-4.7977445294041976
-5.0748928124756016
-4.8654634160522869
-5.1650309110863262
-4.9469775117565487
-5.4844698006660551
-5.0503068860754645
-5.1853710500525549
-5.015437286363488
-4.9742631278163829
-5.7146227614149607
-5.2903589686315868
-5.4721642988046026
-5.1540704980646135
-5.2631284263559035
-5.3433664889684431
-5.5286394740612117
-5.2422329857304222
-5.6882698471978594
-5.2918099230734192
-5.2456169841214031
-5.5043327762274528
-5.3488986720980787
-5.2592851063228823
-5.4963706868494286
-5.7970123305986805
-5.1206999249208227
-5.536324502570003
-5.4173327879684647
-5.2491821196236286
-5.5133785175318444
-5.3862313100322119
-5.6596330854911727
-5.5627204111308046
-5.9067629280472485
-5.577123074612758
-5.6029889487730964
-5.4692677022256646
-5.9696440323205548
-5.7453175252469322
-5.9539488966219061
-5.6569780589768532
-6.2224535874061404
-5.6588825485215155
-5.6113858491484834
-5.8136129958225018
-5.8753857485230592
-5.7156421107614639
-5.8108665623197018
-5.5880671537827631
-5.5980582943227555
-6.538803011214001
-5.7555730153063145
-5.7524343918207448
-5.9033510084589969
-5.8719560248603129
-5.8651318265142347
-5.788183724941395
-5.9111803724939005
-5.8533204347378609
-5.6071007504500638
-5.8509719451398139
-5.7813722149360984
-5.7633801193717042
-5.6161353428076666
-5.7774239971488726
-5.8256451734469987
-5.904199559293164
-5.998630975140812
-6.1971699316786024
-6.1862354961199264
-5.6258235146920734
-8.1582759858197065
-5.983822220791212
-5.5175065174648088
-6.0410017165914676
-6.0125717311632538
-7.2499677743370379
-7.0732927372536487
-6.0666089666356564
-6.0089549834115914
-5.8067264709377522
-6.3768182911659181
-6.1009777900812727
-6.1924802015106195
-6.1105932074943006
-6.391037419963487
-6.144323597616645
-6.0313190992047234
-5.9596537271960921
-7.1403843934627798
-6.0562348339555161
-6.8352659815575283
-6.0079737207430375
-6.0799525650616246
-6.3375360429969829
-6.2512313728357816
-6.2551254005283203
-6.5224168963331657
-6.1915149868511863
-6.3158292562929788
-6.2538083801674746
-6.5937512556125082
-6.2716314612753568
-5.9653249246943751
-6.9834277830971843
-7.1152768792096097
-6.3966018551088055
-6.3413464268535646
-6.3063960621626407
-6.1083453565222436
-6.5896338205211267
-6.6723691075236422
-6.4268228851378373
-6.4802804242115961
-6.2000910635586415
-6.1944299020576779
-6.7403767681127924
-6.4415269522339846
-6.3784841170155424
-7.6598310928745619
-6.6525485344175186
-6.1870451806926612
-6.2930981574427092
-6.4731439723858246
-6.6784854362441539
-6.6378599603349286
-6.4183329715077786
-6.4197289890373579
-6.5618026854891198
-6.3970935283949588
-6.9883149068374912
-6.2998078001933209
-6.516164209069041
-6.4709868268998578
-6.8088232049851802
-6.6887826034554489
-6.4755082316685026
-6.7362658554347075
-6.4187100654117355
-6.7994750317380044
-6.5046082016852242
-6.3670440514439717
-7.039651348316986
-6.3572251563776936
-6.8514959490326284
-6.7249062036820249
-6.4691204521793102
-6.4242032682938275
-6.7776612966416687
-6.564699755448502
-6.7090833129177163
-6.5797066059159617
-6.9164759354403573
-7.0571141359893765
-6.6853994729365445
-6.5404595700190082
-6.4797356156267112
-6.566376897108432
-6.9412570314865647
-7.6324676626653298
-6.5371103127854875
-6.7833190744996239
-7.1163459789608217
-6.6334669676991078
-6.623935617410682
-6.5631990008908936
-6.6057963390388936
-6.315575215771954
-7.5871804002634455
-7.2466249599617578
-6.7228014515418018
-6.8355660475268971
-6.5074413796981521
-6.756197224667055
-6.4767864887536541
-6.5245806470428898
-6.626571980617376
-6.6891245248241438
-6.7735963792930969
-6.3775455416162909
-8.122219499077671
-7.3377030164200399
-6.5577779705934569
-7.6295667012628199
-8.5744545302413524
-8.5744545302413524
-6.6073665108149999
-6.7553330476647258
-6.9629966137542487
-6.9712920900389381
-6.896386764003025
-6.7057894513376102
-6.9692485592187117
-6.8763808239995443
-6.8198464649479096
-8.0730329164857295
-6.7203840991093635
-6.4801596366106153
-6.4553889122922516
-8.5744545302413524
-8.5744545302413524
-8.5744545302413524
-6.9153285378582172
-6.7128337346493705
-6.8408957616421526
-6.8023745085213072
-6.7593722121876398
-6.5913927704448954
-6.8381339289919296
-6.7824793801317789
-6.7088671798779753
-6.7972574229539893
-6.5944783147683994
-6.7826847425549941
-6.966103745034145
-6.7638382302574547
-6.8610853030315013
-6.8540897252504296
-6.7004288462751926
-6.7879015036970412
-6.8340552777949926
-6.8171438614804387
-6.6991258459203369
-6.6719540095036427
-8.5744545302413524
-6.5612189563228789
-6.5686420010027886
-8.5744545302413524
-6.9992280171689494
-6.9796737333000847
-6.789636208796761
-6.8344731971973554
-8.1752532071534034
-6.6979569297771011
-6.7640133501290114
-7.0698968173025118
-6.6647242007238798
-7.4566290350743465
-6.6091512123170544
-7.0556743547940304
-6.8972342785902487
-7.1214476114407317
-6.6937838857662131
-8.0270542953132491
-6.8801043644601041
-6.8891346843647749
-7.0376532884910485
-6.9593110269307275
-7.0864256464391069
-6.8020184657629024
-7.0323334474005179
-6.9596992957243433
-6.9524957601654283
-6.9467988209852116
-7.0706237546437434
-8.5744545302413524
-6.8017676891817604
-6.9107171200303581
-6.9587728080609406
-6.7146650925556388
-6.864471304779876
-6.91596509850904
-7.1002796644069637
-6.7479928024690974
-6.9497932646229978
-6.8595982247740395
-7.053309320144117
-6.6671850192659825
-6.8732201398384767
-8.5744545302413524
-8.5744545302413524
-7.4591840038209343
-8.5744545302413524
-6.9993966450247767
-7.305256517986666
-7.0257692038283386
-7.1387589282813382
-7.1192302518166937
-7.0309997997882929
-7.1215584578335376
-7.0269190130497554
-7.0559304672505458
-7.7282524639413825
-7.549370915949619
-7.3248164328629741
-6.7903303316303001
-6.9088471157794213
-7.1633603496184364
-8.056483348724683
-7.0215845422194123
-7.2119485444887124
-7.1062129124821682
-7.473275969052394
-7.0476301135849395
-7.0006952978427659
-7.0576604016741928
-6.9702544105480202
-7.1750758775756047
-7.0100475578710979
-6.8539785368757657
-7.1710873431470388
-7.1540282444529169
-6.9989890172702856
-8.5744545302413524
-6.8961981960418726
-7.9215192929728602
-6.7477615077153823
-7.128470505561304
-6.773038045816409
-6.993566425782558
-6.7426323443421952
-7.2043381853822934
-7.5142791940867788
-6.7865980770057508
-7.1512905013861285
-7.1677924255675656
-7.2469051715948494
-6.6303254671038312
-6.8157916978239124
-7.122332448770675
-8.5744545302413524
-7.1730873972214875
-7.2057785399301704
-8.5744545302413524
-6.8821745384997595
-6.9628078579118418
-7.1023751651810256
-7.1087494496976946
-8.5744545302413524
-8.5744545302413524
-8.1585413023406463
-7.2003397439501455
-6.8422992698613507
-7.161561972868455
-8.5744545302413524
-7.1402703178910683
-7.2669213389923133
-7.2256107469400224
-6.9796857902720539
-6.8827022930502491
-7.1298538484519538
-7.7263848041161935
-8.0655469023074566
-7.1593385938614835
-8.5744545302413524
-6.7635636790837674
-8.2786251971450238
-7.1644565831776363
-7.1109981615324322
-8.2495941399126576
-7.1262069971519502
-7.1187704743878104
-7.238796066202088
-7.1347245530078442
-7.0759325552240115
-8.5744545302413524
-6.9013233834970666
-7.2909747930775826
-7.230501281860211
-7.0564364958387484
-7.0433833732389521
-8.0764474739486598
-7.1094267627579271
-7.1150960268802157
-7.3739364740643287
-7.3464349740495365
-7.2549224591767096
-6.9200099910805131
-7.0479187797550331
-7.1526029545136929
-7.3162026933237208
-7.1220189908981242
-7.0868509172498255
-7.2232527633251653
-7.3102949431889579
-7.0734108921310916
-7.2941655244248853
-7.5799837154502159
-7.5434471259806068
-7.1746365736678426
-6.9793429777168798
-7.0792738147463838
-8.5744545302413524
-7.2679765572952926
-7.0819669763663748
-8.1498783839988427
-7.1400224804286658
-7.2435167831997189
-7.8164123967876327
-7.092413402558317
-6.9282779796261496
-7.2221138424956157
-7.0098474977728538
-7.3181307241918248
-7.3499540111115449
-7.7024314679536161
-8.5744545302413524
-8.5744545302413524
-7.4870058504762262
-7.3371953091686057
-7.2475163633830553
-8.5744545302413524
-8.5744545302413524
-7.2436815050966077
-7.6754350268331999
-7.3859367750551854
-7.1219163556570582
-7.0052233472906602
-7.2272751356350531
-7.8271399120922984
-7.2398875215339347
-7.0032297745937822
-8.0607387941773379
-8.5744545302413524
-7.3944880765916867
-6.9942248569895806
-8.5744545302413524
-8.1196950444331843
-7.4562793401545022
-7.4238083511614299
-7.3285571037095822
-7.5281184378902228
-7.4722016288802564
-7.1633539529563626
-7.1159413820355475
-7.2336030218719962
-7.1908170637078621
-7.3175847186253318
-7.1030811870640553
-7.2476518411403674
-7.3641859137707621
-8.5744545302413524
-7.3792043360273949
-7.3688059969437463
-7.3669622028346851
-8.1871035810406738
-7.0819274830822012
-7.216978902709851
-7.6223438615875896
-7.5995901191050432
-7.4127355883253649
-7.1761155375202117
-7.2248346400073844
-6.9189652460355706
-7.2763865679233684
-7.3679770505567292
-7.2061927324850439
-7.805484764778333
-7.9054543630479976
-6.9671589343445817
-7.7120301473545565
-8.5744545302413524
-7.5033306277457514
-7.1548490496599095
-7.3137039008419533
-7.0580722516038534
-7.4211967055798604
-7.3281916831960494
-7.1639344894009529
-7.0773588017116298
-7.5625912918038498
-7.1170579514306533
-7.3875500200531317
-7.3071524555010861
-8.5744545302413524
-7.23818430312941
-7.1398962881005739
-8.5744545302413524
-7.6328922389961207
-7.0645933479733678
-7.4174698313705818
-6.9699435408607586
-8.5744545302413524
-7.4827118943991175
-8.5744545302413524
-7.2453547668060949
-7.2997205488787991
-7.1769398721705624
-7.2102062370578333
-7.2173890187268048
-7.2644483527991008
-7.253610746003786
-7.3571035260638213
-7.4271582023575204
-7.6267822171990707
-7.2089378834395417
-6.9937028962427163
-7.2524743452760179
-7.1223756167090642
-6.7579951592143326
-7.4957295109536712
-7.6469328055046724
-7.4449239392155953
-7.4278772451392303
-7.3899433706523201
-7.3056879917295934
-7.2219649114484614
-6.9701576107388945
-7.2955706160807043
-7.791370720584208
-7.066475234210805
-7.4714552959649927
-7.2925131418211526
-7.1176745039826406
-8.5744545302413524
-7.0926844790408259
-8.5744545302413524
-7.1648923217996616
-7.2078720337057884
-8.5744545302413524
-8.5744545302413524
-7.5545808997047974
-7.6406600435718586
-7.4617612388378891
-7.3957060005087278
-7.24368714156497
-7.2907017722335121
-8.5744545302413524
-7.4566844483034815
-7.5551644532128419
-7.3341102205975126
-7.6760211505689284
-7.4437356868949323
-7.6059508542535657
-7.6338667896329238
-7.4879904003730022
-8.1078308234887224
-8.5744545302413524
-7.5125489633639209
-7.3384131983191789
-8.5744545302413524
-7.3816782524070437
-7.4015286422051227
-7.7504697757424346
-7.6012083884811661
-7.7072979201738603
-7.3561896442085137
-7.4845173192910162
-7.5354986387978942
-7.6533044692938299
-7.1906258153629992
-7.5271856600017699
-7.2908615120744713
-7.3406675131847869
-7.3538190093904516
-8.1962348500405913
-7.6317759095442756
-7.6657766690146669
-7.2499456889981424
-7.3591965216814206
-7.6581168826350003
-7.5703085222999906
-7.4380909454532462
-8.5744545302413524
-7.3158300346058009
-7.6679027751662261
-7.6272466628835023
-7.4297269865175277
-7.4107175609767557
-8.1550948933923628
-7.4427983756782297
-7.7739085803280679
-7.5295746686992082
-7.6420629813680572
-7.3052338734587492
-7.3648488920414001
-7.4417348587913823
-7.6557428624135442
-7.5013167821987121
-7.3976398433535895
-7.3640301895431941
-8.5744545302413524
-7.7070728321164736
-7.7118883757769039
-7.6074108916718988
-7.4167861783536759
-7.9570226595104074
-7.6107650543258494
-7.5917140530500671
-7.4580870764669145
-7.3274920077266241
-7.6034500941918983
-7.5639713226392642
-7.5041057120096131
-7.1053442670909943
-7.4658681207919448
-7.9960686976843869
-7.6729316616275733
-8.5744545302413524
-7.6841330298155528
-7.4301033200936244
-7.6067488748775336
-7.2286705110721536
-7.4536285712027839
-7.1823019337831235
-8.1594962961285695
-7.584384754965364
-7.1593878448830992
-8.5744545302413524
-7.3380771874646982
-7.2865934108055619
-7.6477420414006447
-7.3117534139732587
-7.6547852488867347
-7.3714855701291011
-7.6139017159977609
-7.4819961100353263
-7.3572929828832265
-7.3546597455470923
-7.4125579013038081
-7.414147382173959
-8.5744545302413524
-7.4248308472543885
-7.4243467620382315
-7.1121723385362197
-8.1457734111911577
-7.2965538884091918
-7.8419589998351915
-8.0791803082729459
-7.3445821468278529
-7.7450081288671768
-8.5744545302413524
-7.7280044862769541
-8.0589533822049084
-7.349481242982006
-7.3268718289258388
-7.5366013799280083
-7.6406600435718586
-7.2825031103371556
-6.9657486191051152
-7.558712379055506
-7.878421442509552
-7.3347114015270938
-8.5744545302413524
-7.7778412683530895
-7.4194771201315337
-7.9610483669674794
-7.3054108582513315
-7.2999345877996316
-7.3540827186660076
-7.2123750863252587
-7.7031340949609666
-7.9318167764400149
-7.3647349695124431
-7.5139707843527761
-7.6388971501629692
-7.6347414106513547
-7.5124119195682448
-7.4499439639930722
-7.5134340154426029
-8.5744545302413524
-8.5744545302413524
-7.499222463811221
-7.4274672176913104
-8.5744545302413524
-8.5744545302413524
-8.5744545302413524
-8.5744545302413524
-7.2464590686202941
-7.5064412689657374
-7.3664026645593159
-7.6073608050511456
-7.1789218206753889
-7.3042826144470441
-7.608642472510736
-7.0980552193330979
-7.7125729983050215
-7.1307664602014853
-7.3204878248893479
-7.451475476287686
-7.6108681721676383
-7.798450867112404
-8.1753767458870854
-8.5744545302413524
-8.5744545302413524
-8.5744545302413524
-8.5744545302413524
-8.5744545302413524
-8.5744545302413524
-8.5744545302413524
-8.5744545302413524
-8.5744545302413524
-8.5744545302413524
-7.9587483823174017
-8.5744545302413524
-8.5744545302413524
-8.5744545302413524
-8.5744545302413524
-8.1720726645050537
-8.5744545302413524
-8.5744545302413524
-8.5744545302413524
-8.0769120138185464
-8.5744545302413524
-7.6299021284138666
-8.5744545302413524
-8.5744545302413524
-8.5744545302413524
-8.5744545302413524
-8.5744545302413524
-7.6064646118238661
-7.7733871562280168
-7.5519354878855012
-7.98381313370996
-7.7826547707510816
-7.6768830927229192
-7.7937045979113755
-7.4758337122004423
-7.5944218929494154
-7.6481787307348297
-7.7301392805281575
-7.9986213366886805
-7.6821837960009578
-7.7299831749707382
-7.3634365036310516
-8.2700462658916809
-8.5744545302413524
-7.958497296597093
-7.6683165622424649
-7.4374902696699454
-7.4840658903932091
-8.5744545302413524
-7.6070791452817454
-8.5744545302413524
-7.898707959485102
-7.8260352240920241
-7.6449304134438583
-7.7819148618468716
-7.8670332139712293
-8.0315308568917523
-7.9770736595890863
-7.3973876185852916
-7.5747127048469434
-7.6290910898664821
-8.5744545302413524
-7.6181778528700397
-7.5205865715456213
-7.6898468669187849
-7.7632628013464675
-7.6847207887328457
-8.5744545302413524
-8.5744545302413524
-8.5744545302413524
-8.0342631846518238
-7.896341274468357
-7.7014086592456037
-8.5744545302413524
-7.7346574548424041
-7.7493247346242251
-7.9963109126425627
-7.6504220655184225
-8.5744545302413524
-7.5864516609959027
-7.7241633830074798
-7.8189604409464257
-7.6293407636225421
-8.5744545302413524
-7.5345428776660759
-8.5744545302413524
-8.1424963839246907
-8.5744545302413524
-7.8104970651095984
-8.5744545302413524
-8.2138492364459541
-8.5744545302413524
-8.5744545302413524
-8.5744545302413524
-8.5744545302413524
-8.5744545302413524
-7.5578775686912572
-7.536370280700651
-8.5744545302413524
-8.1424963839246907
-7.7020973745085071
-7.8446981079914568
-7.6283445235550653
-7.5370616326951163
-8.2700462658916809
-8.5744545302413524
-7.6429426749439262
-7.7926321592471259
-8.1562994360156189
-8.1677927308883191
-7.7363006933956564
-7.6955338171486849
-8.1565208360047343
-7.7701761428190954
-7.6224395674656149
-7.5622287820709015
-7.4703642916815927
-8.1755378704875561
-7.6398036847884772
-8.5744545302413524
-8.5744545302413524
-7.488258278487085
-7.7427519044117954
-7.8717224475861434
-7.914070120048617
-8.5744545302413524
-7.7202499560998454
-8.1692796794440472
-8.5744545302413524
-7.694701140774808
-7.6404895526900711
-8.5744545302413524
-7.7591101504263635
-7.5850896131990675
-7.3358800863076512
-7.9963109126425627
-7.7741142683536353
-7.7144259091156995
-8.5744545302413524
-7.6751862863472091
-7.300701173566309
-7.50680352650296
-7.4824023725090383
-7.5441594504239511
-7.9243523354422454
-7.309020331806054
-7.7844304784484049
-7.6921327616017479
-8.5744545302413524
-7.643281832582808
-7.8096306817362571
-7.9702384981656857
-8.5744545302413524
-7.673630211776759
-7.9817511632051534
-7.6553029038052482
-7.6512909264773397
-7.6686868076371546
-8.5744545302413524
-7.5215181556746025
-7.6202141318959189
-7.4840752682313676
-7.5808049223391496
-7.6750897898547521
-8.0033819733314093
-7.6914785152475238
-7.7826547707510816
-7.7089687580515216
-7.8494461615032964
-7.6274762979833195
-8.1819530294920408
-7.824095535254977
-7.7337482612670589
-7.5781597661259035
-7.6575145040230739
-8.0073461714773355
-7.6884336976065253
-7.6556178592992223
-7.560834364652945
-7.6274486991720032
-7.467573545006271
-7.7828386651998862
-7.867063798238104
-7.6826634059844015
-7.8560200365657176
-7.7111417843630248
-7.8658729523824622
-8.5744545302413524
-7.9281530305462748
-7.8422206496545197
-7.689374971926437
-7.7793860983262419
-7.6296881682944262
-8.5744545302413524
-7.9352932929670814
-7.7273038968125558
-7.5883798508266374
-7.5992822798140152
-7.7478209829697935
-8.5744545302413524
-7.6082708296697961
-8.1626665210312126
-7.5631184202262629
-7.8318792333450187
-7.9618621110406718
-7.7845283683526443
-8.5744545302413524
-8.5744545302413524
-7.4396021501794207
-7.89721873102856
-7.8054658359122442
-7.7765500226837041
-7.7154927212685598
-7.6236017665405997
-7.8582227305478964
-7.64733841832971
-7.6672636428080816
-7.8991210688227858
-8.5744545302413524
-7.820322339423055
-7.5897545009457987
-7.8354626740017146
-7.5137979386106641
-8.1450648190399768
-7.7135957615300876
-7.6107231073472903
-7.7211972000256903
-7.5940557218692151
-7.759806603341084
-7.5319136486283087
-7.9723896362996696
-7.2899565758438891
-8.5744545302413524
-8.5744545302413524
-8.1583253425936952
-7.4381210097963422
-7.7371528691641638
-7.7910801864959121
-7.2850819224585237
-7.65404401560619
-7.9247084662517535
-7.986862252692525
-7.7754632331115925
-8.3110244810015654
-7.8477968187195
-7.6325675547690617
-7.6915060372989501
-8.5744545302413524
-7.5722665401678233
-7.8317589592957155
-7.709060236584433
-7.6274762979833195
-7.6874315038341408
-7.5531705596058565
-8.5744545302413524
-8.5744545302413524
-7.6765940821671226
-8.0395372478047147
-7.957091227499629
-8.5744545302413524
-7.7529428316681868
-7.954390069538797
-7.7331694989174338
-8.5744545302413524
-7.3825098797902635
-7.7926384190161029
-7.9751901317265981
-8.5744545302413524
-8.0476172408023352
-7.7194459031790954
-7.6632066248661834
-7.8499730554065268
-8.5744545302413524
-7.8188662070911787
-7.5103342695886894
-7.8303191619522998
-7.7857110859612959
-7.3955102958424233
-7.4527291687405137
-8.5744545302413524
-7.8503545203898577
-7.6213837957928643
-7.8962713187941533
-7.6474374334649378
-8.5744545302413524
-7.4910784492090157
-7.7734732007811145
-8.5744545302413524
-7.6808943895709705
-7.8435766020941466
-7.8435766020941466
-7.7103105408315624
-7.8507165528583913
-8.5744545302413524
-7.7362752974390006
-7.6856717366032523
-7.3858299476375624
-7.9084799979859133
-7.4855671553920784
-8.5744545302413524
-8.5744545302413524
-7.8344319631384609
-7.6915148225148524
-8.5744545302413524
-7.5411885784151025
-7.2936282117972384
-8.1009560286615532
-7.7309472457397783
-7.660001627580491
-7.3278310755224796
-8.0145862717817931
-7.6414124139010848
-7.9324676414043722
-7.6045016623251485
-7.9203752059848513
-7.7807154299959755
-7.5279043676767223
-7.9884446877388759
1000
-6.8491191596526129
-4.5780103608523222
-5.5828283244494683
-5.3076077714796845
-5.6917005021727167
-5.4938899029211674
-6.1214116969080337
-5.5995220630123042
-7.0176887364806992
-5.4371910461371709
-7.1861478270481109
-5.3154787627625026
-6.4027656704242029
-4.7541274949459993
-7.185588994235701
-6.077709293098752
-6.0744128101551578
-7.1848636511706561
-4.7449422224994544
-5.7767651750450764
-5.408125726324772
-7.0924334740523189
-6.6449464393427524
-7.4276887520506216
-5.6212867779319051
-6.9320255126135333
-5.1728003330866343
-7.2158839648500823
-7.0919509273916894
-6.1281791518650754
-6.2677040807395592
-6.793518119971762
-6.2914729625280099
-5.3420657622429975
-7.0665168986688878
-6.5852544551233203
-6.3256375541120935
-7.1853152365556561
-6.1508121387897976
-6.3718447877215043
-5.6632639334075483
-6.7564348831200958
-5.5471651684320982
-6.3760366643141575
-6.5973328023636615
-7.0598159776336944
-5.7556624004377772
-6.5367451761386555
-5.9359248963065587
-7.037095587477233
-5.4360944916377623
-6.7990051955585891
-6.9239858545749309
-6.0396876424405956
-6.7544379516490505
-6.9267375391750834
-6.9104261996832932
-7.4276887520506216
-7.4276887520506216
-5.1550092424943763
-7.1287767068932206
-7.1316447370516309
-6.7392268530080015
-7.1011544956513752
-7.4276887520506216
-7.4276887520506216
-6.8379439614558635
-6.4719491480328548
-7.4276887520506216
-7.0609435986282758
-7.4276887520506216
-7.4276887520506216
-7.4276887520506216
-6.7946537636716
-7.4276887520506216
-6.7878200740723464
-7.4276887520506216
-6.4404513079371233
-6.5036028402958861
-7.4276887520506216
-5.0821891219126583
-7.4276887520506216
-7.4276887520506216
-7.1256127449812023
-6.8352548645381743
-5.2901624862549417
-5.2525280952113231
-7.0804760480000875
-6.6926820217960596
-7.4276887520506216
-6.6409348822488417
-6.548148008388365
-7.4276887520506216
-7.4276887520506216
-7.4276887520506216
-6.6818741210360919
-7.4276887520506216
-7.4276887520506216
-5.6406050169355897
-7.4276887520506216
-5.8471532198514531
-7.4276887520506216
-7.4276887520506216
-6.8446863936080451
-7.4276887520506216
-6.8739314822328774
-6.1204324697797103
-6.8483713495728562
-7.0349173456750362
-7.0014260959975836
-6.196722120616978
-7.4276887520506216
-7.4276887520506216
-5.8575628052210975
-5.73542144546294
-6.2256206669489744
-6.5898740748000773
-7.1071197450726125
-7.4276887520506216
-7.1024916463223322
-6.1058320088867024
-7.1502567382766422
-6.8486669102656776
-7.4276887520506216
-7.4276887520506216
-6.27799332499273
-7.4276887520506216
-6.8447442540696191
-5.5212049905993741
-6.3073312842894405
-7.4276887520506216
-7.4276887520506216
-7.4276887520506216
-6.8381321840016334
-6.5044814913938769
-7.4276887520506216
-7.4276887520506216
-6.4082951865524747
-7.0949731266832341
-6.1545803575980065
-7.4276887520506216
-6.6324692717675342
-7.4276887520506216
-6.3391511544950596
-6.3658648618208069
-7.4276887520506216
-6.8690249881004188
-7.4276887520506216
-6.83205886259731
-6.6104111118002482
-7.4276887520506216
-6.2929831780428094
-7.4276887520506216
-6.7957279282231173
-6.7308494178945129
-7.050625217425071
-7.4276887520506216
-7.0483483564896572
-7.4276887520506216
-7.0679887199677163
-7.0424986190878593
-6.5867663662311786
-6.1645392340019205
-7.4276887520506216
-7.0770491505357116
-7.4276887520506216
-7.0244618937677874
-6.2619650028683047
-5.9879433041231254
-7.4276887520506216
-7.0020958927003694
-6.3761372349651744
-7.4276887520506216
-7.0654287869516699
-7.4276887520506216
-7.4276887520506216
-7.4276887520506216
-5.7170693201196796
-6.1437795254596006
-7.0595525202684488
-7.0798041590471774
-7.0864144839247896
-7.4276887520506216
-7.4276887520506216
-7.4276887520506216
-7.4276887520506216
-7.4276887520506216
-7.4276887520506216
-7.4276887520506216
-5.9043609255207707
-6.4544478586716494
-7.4276887520506216
-6.1135388864715328
-5.8154349858892376
-5.8050130892003997
-7.4276887520506216
-7.4276887520506216
-6.8170154043592861
-6.8014575945043783
-7.0872264710360389
-7.4276887520506216
-7.4276887520506216
-7.4276887520506216
-7.0667319914371296
-5.9713285230682667
-7.4276887520506216
-7.4276887520506216
-7.4276887520506216
-5.7648384639737529
-5.9245547645671657
-5.7959817637229367
-7.4276887520506216
-7.4276887520506216
-7.4276887520506216
-7.4276887520506216
-7.4276887520506216
-7.4276887520506216
-7.4276887520506216
-7.4276887520506216
-7.4276887520506216
-7.4276887520506216
-7.4276887520506216
-7.4276887520506216
-7.4276887520506216
-7.4276887520506216
-7.4276887520506216
-7.4276887520506216
-7.4276887520506216
-7.4276887520506216
-7.4276887520506216
-7.4276887520506216
-7.4276887520506216
-7.4276887520506216
-5.7101633169773232
-7.4276887520506216
-7.4276887520506216
-5.9436446108886285
-7.098877390361741
-7.0333949045489712
-7.4276887520506216
-7.4276887520506216
-5.8532120786534501
-7.4276887520506216
-7.047930271168064
-7.041306622764739
-7.4276887520506216
-6.7790431434792398
-7.4276887520506216
-7.0240296465868379
-7.4276887520506216
-7.4276887520506216
-7.4276887520506216
-5.909862935862539
-7.4276887520506216
-7.4276887520506216
-6.8380213038662356
-7.4276887520506216
-6.9814318078968896
-7.4276887520506216
-7.041306622764739
-7.4276887520506216
-7.4276887520506216
-7.0508018939136603
-6.9814318078968896
-5.8550678449868832
-7.4276887520506216
-7.4276887520506216
-7.4276887520506216
-7.4276887520506216
-7.4276887520506216
-7.0509462443793662
-6.7127684178501843
-7.4276887520506216
-7.0622602666948913
-7.4276887520506216
-7.0411710121248285
-7.4276887520506216
-7.4276887520506216
-6.0844261470654732
-5.8426194319348106
-6.3945947261935583
-6.0327454886719289
-7.4276887520506216
-6.2707334966698651
-7.4276887520506216
-7.4276887520506216
-7.4276887520506216
-7.4276887520506216
-7.4276887520506216
-7.4276887520506216
-7.4276887520506216
-6.5905638423847863
-6.3119184288609409
-6.3533575733345993
-7.4276887520506216
-7.4276887520506216
-7.4276887520506216
-6.2283565307038549
-7.4276887520506216
-7.4276887520506216
-7.4276887520506216
-6.813338987588514
-7.4276887520506216
-7.4276887520506216
-7.4276887520506216
-7.4276887520506216
-7.4276887520506216
-7.4276887520506216
-7.4276887520506216
-7.0379469066470826
-7.4276887520506216
-7.0431181666901956
-6.1564503979135345
-7.4276887520506216
-6.3525268441647773
-7.4276887520506216
-7.4276887520506216
-7.4276887520506216
-7.4276887520506216
-7.4276887520506216
-7.4276887520506216
-6.7735963361341351
-7.4276887520506216
-7.4276887520506216
-7.4276887520506216
-7.0626893391494958
-7.4276887520506216
-7.4276887520506216
-7.4276887520506216
-5.9382375781226129
-7.4276887520506216
-7.0335628517334623
-5.9887239145681121
-7.0098982394176907
-7.4276887520506216
-6.9676467157694146
-7.4276887520506216
-6.1776771182756649
-6.171064752053522
-6.3921957472849229
-7.4276887520506216
-7.4276887520506216
-6.9631246136776292
-6.1540567564924062
-7.4276887520506216
-7.4276887520506216
-7.4276887520506216
-7.4276887520506216
-7.4276887520506216
-7.4276887520506216
-6.2571822391396683
-6.3689819615488892
-7.0538018978702848
-5.9725378400398013
-7.4276887520506216
-6.2929205245627671
-7.4276887520506216
-7.4276887520506216
-6.3990541382345931
-6.4311077375848251
-7.4276887520506216
-7.0783831869645253
-7.4276887520506216
-7.4276887520506216
-6.178095718334272
-7.4276887520506216
-7.4276887520506216
-7.4276887520506216
-7.4276887520506216
-7.4276887520506216
-6.2361964141566792
-7.4276887520506216
-7.4276887520506216
-7.0693302632301691
-6.6101122538654797
-7.0485396135922729
-7.4276887520506216
-7.4276887520506216
-7.0545085384540869
-7.4276887520506216
-7.4276887520506216
-7.4276887520506216
-7.4276887520506216
-7.0071270169671998
-7.4276887520506216
-7.4276887520506216
-6.7485312290060451
-6.5400613217608896
-7.0248512580732294
-7.4276887520506216
-7.4276887520506216
-6.0211118980325811
-7.4276887520506216
-7.0695420536882665
-6.2438773882202367
-7.4276887520506216
-7.4276887520506216
-6.5573978532788972
-7.4276887520506216
-7.4276887520506216
-7.0783831869645253
-7.4276887520506216
-6.9946140927149036
-6.9686695652217345
-6.7534751744126149
-6.3115138909294988
-6.3808590489822459
-7.4276887520506216
-7.4276887520506216
-7.4276887520506216
-6.3220587541209285
-6.2615153960057528
-7.4276887520506216
-7.0146446453064808
-7.4276887520506216
-7.4276887520506216
-7.4276887520506216
-7.4276887520506216
-6.5088271184052422
-7.4276887520506216
-7.4276887520506216
-6.3055359237584847
-6.0790702188562893
-7.4276887520506216
-7.4276887520506216
-6.2901822833505161
-6.3998576838663581
-7.0388238241530123
-7.4276887520506216
-7.0169218083386076
-7.4276887520506216
-7.4276887520506216
-7.0602714749623914
-7.4276887520506216
-7.4276887520506216
-7.4276887520506216
-7.4276887520506216
-7.4276887520506216
-7.4276887520506216
-7.4276887520506216
-6.3173897966249468
-7.06930289810954
-7.0369170375199346
-7.4276887520506216
-6.4166488146476572
-7.4276887520506216
-7.4276887520506216
-6.7081173501057281
-6.7538998746531282
-7.4276887520506216
-7.4276887520506216
-7.4276887520506216
-7.4276887520506216
-7.4276887520506216
-7.4276887520506216
-7.4276887520506216
-6.6589919002816966
-6.6928308980106417
-7.4276887520506216
-6.7647197678511795
-6.310318935389585
-7.0369388111246804
-7.4276887520506216
-7.4276887520506216
-7.4276887520506216
-7.4276887520506216
-7.4276887520506216
-7.4276887520506216
-7.4276887520506216
-7.4276887520506216
-7.4276887520506216
-7.4276887520506216
-7.4276887520506216
-6.3308786368180643
-7.4276887520506216
-7.4276887520506216
-6.2806427062021539
-6.7372907112136531
-7.4276887520506216
-7.4276887520506216
-7.4276887520506216
-6.3575975620067622
-7.0146446453064808
-6.2784935497193022
-7.4276887520506216
-7.4276887520506216
-7.4276887520506216
-7.4276887520506216
-7.4276887520506216
-7.4276887520506216
-7.4276887520506216
-7.4276887520506216
-7.4276887520506216
-6.6165745182157583
-7.4276887520506216
-7.4276887520506216
-6.9753807930143745
-7.4276887520506216
-7.4276887520506216
-7.4276887520506216
-7.06930289810954
-7.06930289810954
-7.4276887520506216
-7.4276887520506216
-7.4276887520506216
-7.4276887520506216
-7.4276887520506216
-7.4276887520506216
-6.3743119081187558
-7.4276887520506216
-7.4276887520506216
-7.4276887520506216
-7.4276887520506216
-6.303031754201359
-7.4276887520506216
-6.3709474393433521
-7.4276887520506216
-7.4276887520506216
-6.4262562494919235
-6.4837742968989485
-7.4276887520506216
-7.4276887520506216
-7.4276887520506216
-7.4276887520506216
-7.4276887520506216
-7.4276887520506216
-6.5190221549313314
-7.4276887520506216
-7.0089064083146839
-7.4276887520506216
-7.4276887520506216
-7.4276887520506216
-7.4276887520506216
-7.0022928923834558
-7.4276887520506216
-6.6448150598612532
-6.4891634889146061
-7.4276887520506216
-7.4276887520506216
-6.5041242570039266
-7.4276887520506216
-7.4276887520506216
-6.9756829340325064
-7.4276887520506216
-7.4276887520506216
-7.4276887520506216
-7.4276887520506216
-7.4276887520506216
-6.9663381916413147
-7.4276887520506216
-7.4276887520506216
-7.4276887520506216
-7.4276887520506216
-7.4276887520506216
-6.6986271916668594
-7.4276887520506216
-7.4276887520506216
-7.4276887520506216
-7.4276887520506216
-7.0490409339633011
-7.4276887520506216
-7.4276887520506216
-6.4950892397561431
-7.4276887520506216
-7.4276887520506216
-7.4276887520506216
-7.4276887520506216
-7.4276887520506216
-6.7332360657443484
-7.4276887520506216
-7.4276887520506216
-7.004624779580066
-7.4276887520506216
-7.4276887520506216
-7.4276887520506216
-7.4276887520506216
-7.4276887520506216
-7.017674612916152
-7.4276887520506216
-7.4276887520506216
-6.5295653573049179
-7.0172645664645605
-7.4276887520506216
-6.7781276971598547
-7.4276887520506216
-6.9819836049435446
-7.0251060491415229
-7.4276887520506216
-7.4276887520506216
-7.4276887520506216
-6.9552398046767285
-7.4276887520506216
-7.4276887520506216
-7.4276887520506216
-7.4276887520506216
-7.0024394631400124
-7.0024394631400124
-6.2438400912821566
-7.4276887520506216
-7.4276887520506216
-7.4276887520506216
-7.4276887520506216
-7.4276887520506216
-7.4276887520506216
-6.7420871305417034
-7.4276887520506216
-7.4276887520506216
-6.5029042202454725
-7.4276887520506216
-7.4276887520506216
-7.4276887520506216
-7.4276887520506216
-7.4276887520506216
-7.4276887520506216
-7.4276887520506216
-7.4276887520506216
-7.4276887520506216
-7.4276887520506216
-7.4276887520506216
-7.4276887520506216
-6.4869913022796277
-7.4276887520506216
-7.4276887520506216
-7.4276887520506216
-6.4497510532830473
-7.4276887520506216
-7.0307850480694905
-6.6635655971026297
-7.4276887520506216
-6.7332360657443484
-6.4073808976220716
-7.0089064083146839
-6.7747914019849604
-7.4276887520506216
-7.4276887520506216
-7.4276887520506216
-7.4276887520506216
-7.4276887520506216
-7.4276887520506216
-7.4276887520506216
-6.684294194762546
-7.4276887520506216
-6.3473293079990576
-7.0270597076771795
-7.4276887520506216
-6.768044309445763
-7.4276887520506216
-7.4276887520506216
-7.4276887520506216
-7.4276887520506216
-7.4276887520506216
-7.0164341702184796
-7.4276887520506216
-7.4276887520506216
-6.9378782132736339
-7.4276887520506216
-7.4276887520506216
-7.4276887520506216
-7.4276887520506216
-6.3029074742772604
-6.5138162771032766
-7.4276887520506216
-7.4276887520506216
-6.4894169167665172
-6.4784241687898918
-6.5166533267913653
-6.5071340064710501
-7.4276887520506216
-7.4276887520506216
-7.4276887520506216
-7.4276887520506216
-7.4276887520506216
-7.4276887520506216
-7.4276887520506216
-7.4276887520506216
-6.9819836049435446
-7.4276887520506216
-7.4276887520506216
-7.4276887520506216
-7.4276887520506216
-7.0251060491415229
-6.7257641354028106
-6.7317981718741757
-6.6909729669558597
-6.710689302166589
-6.76241982250726
-6.76241982250726
-6.7076600650950828
-6.690006246704689
-6.7317981718741757
-6.6529797070468186
-6.7377791286272073
-6.8659001649645086
-6.7317981718741757
-6.6981462469852842
-6.76241982250726
-6.7110075508946316
-7.006651412116069
-6.7031076842436379
-6.421651652285842
-6.6688630893012979
-6.8093581688213494
-6.6231236593912479
-7.4276887520506216
-6.76241982250726
-6.7126620771038272
-6.6694044865378244
-6.6981462469852842
-6.7587107820834094
-7.4276887520506216
-7.4276887520506216
-7.4276887520506216
-7.0246730860227222
-7.4276887520506216
-7.4276887520506216
-7.4276887520506216
-7.4276887520506216
-7.4276887520506216
-7.4276887520506216
-7.4276887520506216
-7.0185282894971426
-7.4276887520506216
-7.4276887520506216
-7.4276887520506216
-7.0100820346693036
-6.6962194807318705
-7.4276887520506216
-7.4276887520506216
-7.4276887520506216
-7.4276887520506216
-6.4272910611728422
-7.4276887520506216
-6.7317981718741757
-7.4276887520506216
-7.4276887520506216
-7.4276887520506216
-7.4276887520506216
-7.4276887520506216
-7.0048580113372623
-7.4276887520506216
-7.4276887520506216
-7.4276887520506216
-7.4276887520506216
-6.683910050671475
-7.4276887520506216
-7.4276887520506216
-7.4276887520506216
-7.4276887520506216
-7.4276887520506216
-6.710689302166589
-6.7317981718741757
-6.6641489791326576
-6.9933990997995226
-6.9889910757994915
-7.4276887520506216
-6.6981462469852842
-7.4276887520506216
-7.4276887520506216
-6.8578388995576942
-7.4276887520506216
-6.6233307572232096
-7.4276887520506216
-7.4276887520506216
-7.4276887520506216
-7.4276887520506216
-6.6815154576311668
-7.4276887520506216
-6.6873198522499715
-6.9592093089117251
-6.3419660937127063
-6.9973114846012008
-6.76241982250726
-7.0177664618946221
-6.710689302166589
-6.76241982250726
-6.7091520700262475
-6.7317981718741757
-6.7076600650950828
-7.4276887520506216
-7.4276887520506216
-6.6859495314320831
-6.8835998970346237
-7.4276887520506216
-7.4276887520506216
-7.4276887520506216
-7.4276887520506216
-7.0020056052163637
-6.7004060412388391
-7.4276887520506216
-7.4276887520506216
-7.0177664618946221
-7.0011504395347703
-7.4276887520506216
-7.4276887520506216
-7.0442924324807237
-7.4276887520506216
-7.4276887520506216
-7.4276887520506216
-7.4276887520506216
-6.945246123678305
-6.9761754367538975
-6.6952042619698622
-6.4591351315772894
-7.4276887520506216
-7.4276887520506216
-7.4276887520506216
-7.4276887520506216
-6.5237264513497655
-7.4276887520506216
-7.01209452467495
-6.67242203019517
-7.4276887520506216
-7.4276887520506216
-6.7110075508946316
-7.4276887520506216
-7.4276887520506216
-7.4276887520506216
-6.9889910757994915
-7.4276887520506216
-6.9761754367538975
-6.4660818702457536
-7.4276887520506216
-7.4276887520506216
-7.4276887520506216
-7.4276887520506216
-7.4276887520506216
-6.970198343209093
-7.4276887520506216
-7.4276887520506216
-7.4276887520506216
-6.6757731120559392
-7.4276887520506216
-7.4276887520506216
-6.9651940657448801
-6.7587107820834094
-7.4276887520506216
-7.4276887520506216
-7.4276887520506216
-7.4276887520506216
-7.4276887520506216
-6.6155037058704895
-7.4276887520506216
-7.4276887520506216
-7.4276887520506216
-7.4276887520506216
-7.4276887520506216
-6.8358966522213951
-7.4276887520506216
-7.4276887520506216
-7.4276887520506216
-7.4276887520506216
-7.4276887520506216
-6.9396872077750418
-7.4276887520506216
-7.4276887520506216
-7.4276887520506216
-7.4276887520506216
-7.4276887520506216
-7.4276887520506216
-7.4276887520506216
-7.4276887520506216
-7.4276887520506216
-7.4276887520506216
-7.4276887520506216
-7.4276887520506216
-7.4276887520506216
-7.4276887520506216
-7.4276887520506216
-7.4276887520506216
-6.7013099862299166
-7.4276887520506216
-7.4276887520506216
-7.4276887520506216
-7.4276887520506216
-7.4276887520506216
-6.76241982250726
-7.4276887520506216
-7.4276887520506216
-7.4276887520506216
-7.4276887520506216
-7.4276887520506216
-6.7317981718741757
-7.4276887520506216
-7.0133104315331458
-7.4276887520506216
-7.4276887520506216
-6.9757844853770408
-7.4276887520506216
-6.6377296691278858
-6.7317981718741757
-7.4276887520506216
-7.4276887520506216
-7.4276887520506216
-7.4276887520506216
-7.4276887520506216
-7.4276887520506216
-7.4276887520506216
-7.4276887520506216
-7.4276887520506216
-6.8581808272316627
-6.6981462469852842
-6.9541021046386007
-7.4276887520506216
-7.4276887520506216
-7.4276887520506216
-6.9381877900703337
-7.4276887520506216
-7.4276887520506216
-7.4276887520506216
-7.4276887520506216
-7.4276887520506216
-7.4276887520506216
-6.9259612648556601
-7.4276887520506216
-6.76241982250726
-6.710689302166589
-6.9905215406467995
-7.4276887520506216
-7.4276887520506216
-7.4276887520506216
-7.4276887520506216
-7.4276887520506216
-7.4276887520506216
-7.0177664618946221
-7.4276887520506216
-6.9259612648556601
-7.4276887520506216
-7.4276887520506216
-7.4276887520506216
-6.710689302166589
-7.4276887520506216
-7.4276887520506216
-7.4276887520506216
-7.4276887520506216
-6.8701199044044987
-7.4276887520506216
-6.6952042619698622
-6.6951902118270441
-7.4276887520506216
-7.0402948950730559
-7.4276887520506216
-6.710689302166589
-7.4276887520506216
-6.8578388995576942
-7.4276887520506216
-6.6614210122635766
-7.4276887520506216
-7.4276887520506216
-6.9544834253398369
-6.5134409881387354
-6.8701199044044987
-7.4276887520506216
-7.4276887520506216
-7.4276887520506216
-6.6500017107920435
-6.8093581688213494
-7.4276887520506216
-7.4276887520506216
-7.4276887520506216
-7.4276887520506216
-7.4276887520506216
-6.5510561075593161
-7.4276887520506216
-7.4276887520506216
-7.4276887520506216
-7.4276887520506216
-6.5985271232940415
-7.4276887520506216
-7.4276887520506216
-6.4903157166238232
-7.4276887520506216
-7.4276887520506216
-7.4276887520506216
-7.4276887520506216
-7.4276887520506216
-6.6466147957793407
-7.4276887520506216
-7.4276887520506216
-7.4276887520506216
-7.4276887520506216
-7.4276887520506216
-6.6559859441346934
-6.421651652285842
-7.4276887520506216
-7.4276887520506216
-6.6571226872721763
-7.4276887520506216
-7.4276887520506216
-6.9146335657572031
-7.4276887520506216
-7.4276887520506216
-7.4276887520506216
-6.9495986702720574
-7.4276887520506216
-7.4276887520506216
-7.4276887520506216
-7.4276887520506216
-7.4276887520506216
-7.4276887520506216
-7.0442924324807237
