MLCPP_ARCHIVE_V1
"Arima_V1"
1
1
2
2.4926447241067375
1
0.2827589664889763
2
-0.095241903863600652
-0.72965767486536026
115
112
118
132
129
121
135
148
148
136
119
104
118
115
126
141
135
125
149
170
170
158
133
114
140
145
150
178
163
172
178
199
199
184
162
146
166
171
180
193
181
183
218
230
242
209
191
172
194
196
196
236
235
229
243
264
272
237
211
180
201
204
188
235
227
234
264
302
293
259
229
203
229
242
233
267
269
270
315
364
347
312
274
237
278
284
277
317
313
318
374
413
405
355
306
271
306
315
301
356
348
355
422
465
467
404
347
305
336
340
318
362
348
363
435
491
114
0
9.810801476959405
-8.5168708438589675
-3.2970042245254856
7.241013871356218
4.8326932555697653
-0.42477503697258445
-11.006889383145195
-17.457794592524085
-22.379717202851751
0.87903908824114829
-25.697081316994907
7.5495908442336361
-8.6340285546740532
-8.0477336374129038
-17.862457598511821
16.761599857607472
0.28406748368500345
3.8267020867220847
-13.92091031219806
-22.633208580887139
-26.736799488075658
9.8188176048473146
-23.417925918255662
6.0275682179369108
7.5805681405087384
-20.289846632736079
14.347515874387689
-12.475633012334576
26.09137350996064
-15.04853230912385
0.11187533774093694
-31.220882101421822
-15.163853014178857
-2.1932917326302999
-14.421139066556101
2.1197115569353873
-2.3580848583966585
-16.846435973830349
-0.42461847661579366
19.609264568353545
1.1685890092817779
20.533596710868164
-36.077423538678246
0.38481509838735661
-42.690501779064078
21.094634262795722
-35.853701125316633
8.918924375510322
12.195882415416257
-7.1336827009900894
0.0095079265450692674
7.9996682950213964
15.317570915318381
6.865310964004852
-27.924267990534595
-16.246314509185037
-48.063397974305651
10.84098563792141
-39.467894120521976
-15.18971062728469
18.786749924624836
-33.076319257040197
17.327071657243028
3.0439156012909976
39.957325415940474
-16.21085732465184
-6.3365977837332963
-35.310725963501731
-27.996483702443058
2.4279077909631219
-17.04098849513408
-15.019985922916071
20.187565876224156
-19.143195381333868
10.848615347201193
29.289859657918228
44.488599231354613
-7.7390842959183104
-0.96137954313123686
-36.334526767962679
-32.909851464993622
19.323273807746247
-30.258302663938977
0.028318160911640078
17.411162349733186
-16.124068569551707
14.806892390067439
41.738746683153131
35.452093524812845
12.311277322700573
-23.190131370563918
-30.580350676333104
-43.470843521045332
15.950485632445847
-33.588888540039605
-10.598150856179402
30.948202428325711
-30.82984427216277
26.4147273686206
42.548598947008379
44.888622645563828
22.669909375898371
-31.145709300238181
-28.103933121611735
-53.777761560836915
14.755084975766597
-45.092226760447794
-19.152189120318226
13.002072251145982
-41.670238916363502
21.984289725095966
36.954786748267907
52.709359659845319
