MLCPP_ARCHIVE_V1
"SVR_V1"
1
0.10000000000000001
0.10000000000000001
1
1500
320
10
-0.96715053841724996
-0.97530483039669236
-0.9735615061041778
-0.40185618139274959
-0.031089591847329172
-0.36411814555813393
1.3808120245819684
-0.83834216980396981
-0.49693271664872407
0.45308342181164835
10
1.7087600421838371
1.0253204627247277
0.20188598813420183
-0.089507261835573115
2.229971633412986
2.3889850843249198
-0.70964108429979189
2.0079336835687496
1.1903023241839812
0.190267660519091
10
0.94421416201209796
1.0253204627247277
-0.12078587302927452
-0.69040021793517603
-0.17240591842609887
-0.0078341981615033928
-0.86448946273547789
0.76068920849531085
0.664383250926602
0.62829392934001993
10
0.4854866339090545
1.0253204627247277
-0.37431376394343507
-0.76253622707078261
-0.31372224500486856
-0.34468447570013611
1.2259636461462824
-0.83834216980396981
-2.0170496702087637
-0.3353638620660237
10
-0.049695482211162934
-0.97530483039669236
1.5156214228712148
-0.11331214485032316
2.4278144906232635
2.6610564623368922
-0.55479270586410601
1.8960014870878001
1.0080971873658675
0.015057152990719433
10
-0.12615007022833685
1.0253204627247277
-0.65088964494070067
-0.32972017225714295
0.13849000004719447
0.30310451956646489
0.29687337553216675
-0.038826480654329462
-0.57178769323960432
-1.5618374147646248
10
-1.0436051264344239
-0.97530483039669236
-1.31928135735076
-2.1331204006473081
-0.087616122478837058
-0.35116236565280218
1.3033878353641255
-1.0062404645253942
-0.67623649778502049
-1.1238111459436957
10
0.71485039796057626
1.0253204627247277
0.66284578979631137
-0.69040021793517603
-0.96377734726720921
-0.23456034650481372
-1.0967620303890069
-0.038826480654329462
-1.2327165175575407
-0.42296911583020952
10
1.3264871020979676
-0.97530483039669236
-1.0196574862703887
2.2671761566246946
0.61896551041501147
0.367883419093125
-0.39994432742842001
0.52882965864191511
1.2607085553960768
0.89110969063257728
10
1.4029416901151415
1.0253204627247277
-0.60479366477448981
0.10309588255649664
0.47764918383624178
0.70473369663175722
-0.632216895081949
0.76068920849531085
0.525118178199381
1.767162228274435
10
0.25612286985753274
1.0253204627247277
0.063598047635568658
-0.23377928010678631
0.78854510230953512
1.1517081033657122
-0.86448946273547789
1.2324034650935987
0.5396249566084671
0.71589918310420575
10
-0.81424136238290212
-0.97530483039669236
-1.1118494466028102
-1.6281683366980617
-0.70940795942542378
-1.8216433849079861
2.9292958089388281
-1.6378578589536101
-0.37817055740634425
-0.072548100773466351
10
-0.12615007022833685
-0.97530483039669236
1.2620935319570541
-0.76253622707078261
-1.020303877898717
-0.92121668148741087
-1.5613071656960646
0.84064077741027465
1.1067432805476491
1.2415307056893203
10
0.4854866339090545
-0.97530483039669236
2.414493036112328
1.3294080378618089
0.2515430613102102
-0.71392420300209836
-0.55479270586410601
0.46486840350994385
2.13498373418363
0.54068867557583411
10
0.33257745787470666
-0.97530483039669236
-0.92746552593796627
-0.11331214485032316
-1.5855691842137958
-1.3034121886947054
-0.32252013821057707
-0.83834216980396981
-1.0615365323303321
0.45308342181164835
10
0.40903204589188058
-0.97530483039669236
0.15579000796799106
-0.54612819966396275
0.44938591852048781
0.18002461046581081
1.3808120245819684
-0.83834216980396981
-0.47256132892146052
-0.94860063841532416
10
1.6323054541666633
1.0253204627247277
-0.46650572427585668
-0.88300336232724574
0.11022673473144053
1.0610176440283878
-1.4838829764782218
1.7680789768238576
-0.75863499914862664
1.2415307056893203
10
-1.1200597144515978
-0.97530483039669236
-1.2731853771845483
-0.54612819966396275
-0.14414265311034494
-0.13739199721482359
0.60657013240353863
-0.83834216980396981
-0.62323840066382796
-1.474232161000439
10
2.0145783942525326
-0.97530483039669236
1.1699015716246317
1.6662832005250918
1.0994410207828285
0.72416736648975599
-1.6387313549139078
3.0792847070292679
2.1224111928957563
1.3291359594535062
10
1.4793962781323153
1.0253204627247277
-0.60479366477448981
0.46377592823452968
-0.79419775537268555
-1.0054292508720688
0.68399432162138163
-0.83834216980396981
-0.28822853127001413
0.015057152990719433
10
-0.20260465824551077
1.0253204627247277
0.086646037718674462
-0.041176135714716566
1.6081797964663993
1.4173015914250182
0.68399432162138163
-0.038826480654329462
0.59610468054783894
1.767162228274435
10
-0.12615007022833685
-0.97530483039669236
0.57065382946388976
0.17523189169210324
-0.73767122474117763
-0.83700411210275294
0.45172175396785275
-0.83834216980396981
-0.31027883445182253
-0.24775860830183793
10
-1.6552418305718153
-0.97530483039669236
-0.30516979369411851
-0.25758416312153637
-0.031089591847329172
-0.31229502593680603
1.4582362137998115
-0.83834216980396981
-0.8445151273304119
-1.9122584298213678
10
0.4854866339090545
1.0253204627247277
-0.35126577386032931
1.0408640013193824
-1.3311997963720104
-1.2969342987420391
0.064600807878637839
-0.83834216980396981
-0.52149752808810834
-0.24775860830183793
10
-0.96715053841724996
1.0253204627247277
2.990692788189965
-0.32972017225714295
0.81680836762528908
0.62699901719976581
-0.94191365195332089
1.5602048976449512
1.5361439214565793
1.0663201981609489
10
-0.58487759833138031
1.0253204627247277
-0.09773788294616953
-0.8346722362063892
-0.2571957143733607
-0.31877291588947215
1.2259636461462824
-0.83834216980396981
-1.7187903061179659
-0.51057436959439528
10
-1.1200597144515978
1.0253204627247277
-0.81222557552243879
-1.4117603092912421
-0.68114469410966982
-0.79813677238675673
0.76141851083922463
-0.83834216980396981
-0.70331581748198058
1.5043464669818778
10
-1.5787872425546412
-0.97530483039669236
-0.16688185319548612
-0.11331214485032316
-1.3877263270035183
-1.2127217293573813
-0.090247570557048115
-0.83834216980396981
-0.87410895528494614
0.015057152990719433
10
1.5558508661494892
-0.97530483039669236
0.45541387904836245
1.3294080378618089
1.240757347361598
0.8537251655430762
0.14202499709648081
-0.038826480654329462
1.2607085553960768
-1.2114163997078815
10
1.7087600421838371
1.0253204627247277
0.086646037718674462
0.75231996477695606
2.5691308172020335
1.8513202182536412
0.37429756475000975
0.76068920849531085
1.8220241679716247
-0.5981796233585811
10
0.10321369382318489
1.0253204627247277
0.017502067469357861
0.17523189169210324
-0.11587938779459099
-0.35764025560546781
-0.090247570557048115
-0.038826480654329462
0.84388045577501913
-0.24775860830183793
10
1.3264871020979676
1.0253204627247277
-0.028593912696852929
-0.25758416312153637
2.0886553068342164
0.97680507464372979
1.1485394569284395
-0.038826480654329462
1.8220241679716247
-0.3353638620660237
10
1.3264871020979676
1.0253204627247277
-0.4895537143589625
0.24736790082770985
1.297283877993106
0.97032718469106416
0.60657013240353863
-0.038826480654329462
0.84388045577501913
0.45308342181164835
10
-0.12615007022833685
1.0253204627247277
-0.18992984327859111
0.24736790082770985
-0.48330183689939221
-0.35116236565280218
-0.47736851664626301
-0.038826480654329462
0.26283562456311471
1.5043464669818778
10
-1.808151006606163
1.0253204627247277
-0.81222557552243879
-0.69040021793517603
-1.6986222454768116
-1.4718373274640217
-0.1676717597748911
-0.83834216980396981
-1.1973199782393722
-0.86099538465113845
10
-1.6552418305718153
1.0253204627247277
1.7230533336191636
1.1130000104549891
1.5799165311506453
1.3006995722770303
0.52914594318569574
-0.038826480654329462
0.8922363838053049
-0.16015335453765214
10
0.79130498597775012
1.0253204627247277
-0.46650572427585668
0.10309588255649664
-0.56809163284665398
-0.57788851399611252
0.29687337553216675
-0.83834216980396981
-0.31027883445182253
-0.51057436959439528
10
1.4029416901151415
1.0253204627247277
0.50150985921457325
-0.11331214485032316
0.39285938788897995
0.51039699805177696
-0.090247570557048115
-0.038826480654329462
0.21254545941161868
0.10266240675490522
10
0.86775957399492409
-0.97530483039669236
-0.09773788294616953
0.6080479465057429
-0.90725081663570128
-1.0313408106827333
1.0711152677105966
-1.6378578589536101
-1.5013820536938043
0.54068867557583411
10
-1.1200597144515978
-0.97530483039669236
1.5847653931205306
-1.5560323275624552
-0.34198551032062252
-0.059657317782831745
0.064600807878637839
-0.44657948212064585
-0.9655983711182452
0.10266240675490522
10
-0.43196842229703253
-0.97530483039669236
-1.7571931689297637
-0.54612819966396275
-0.76593449005693159
-0.73983576281276275
0.83884270005706763
-1.1021823472233512
-1.7187903061179659
-0.94860063841532416
10
-1.1965143024687717
1.0253204627247277
-1.2270893970183376
-0.76253622707078261
-1.8399385720555814
-1.4977488872746856
-0.32252013821057707
-0.83834216980396981
-1.6288482799816357
-2.1750741911139251
10
0.86775957399492409
1.0253204627247277
-0.28212180361101352
0.36783503608417301
-0.79419775537268555
-0.31877291588947215
-0.55479270586410601
-0.22271508915874672
-0.9655983711182452
0.36547816804746258
10
0.33257745787470666
-0.97530483039669236
0.50150985921457325
0.46377592823452968
-0.31372224500486856
-0.30581713598413995
-0.1676717597748911
-0.038826480654329462
0.31177182372976248
0.89110969063257728
10
0.40903204589188058
1.0253204627247277
-0.2129778333616969
1.4736800561330221
-0.2571957143733607
0.1152457109391507
-0.86448946273547789
0.76068920849531085
0.14349319418437109
0.10266240675490522
10
0.25612286985753274
1.0253204627247277
-0.42040974410964588
-0.61826420879956934
0.19501653067870234
0.55574222772043913
-0.47736851664626301
0.76068920849531085
-0.099833835664022971
0.015057152990719433
10
-0.50842301031420645
1.0253204627247277
1.0316136311259994
0.46377592823452968
2.229971633412986
1.805974988584979
-0.012823381339205133
0.76068920849531085
1.6034553732747372
1.3291359594535062
10
0.56194122192622842
1.0253204627247277
2.068773184865746
2.0507681292178748
-0.73767122474117763
-0.69449053314410047
-0.94191365195332089
-0.038826480654329462
0.80674310304776087
2.2927937508595497
10
0.026759105806010978
-0.97530483039669236
-1.3423293474338649
-0.11331214485032316
-0.17240591842609887
-0.43537493503746011
0.83884270005706763
-0.83834216980396981
-0.04083960346707529
0.190267660519091
10
0.25612286985753274
-0.97530483039669236
0.38626990879904582
-0.69040021793517603
0.81680836762528908
0.63347690715243143
-0.090247570557048115
-0.038826480654329462
0.98546661304769356
-1.3866269072362531
10
1.3264871020979676
1.0253204627247277
1.9535332344502185
1.4736800561330221
0.39285938788897995
0.74360103634775387
-1.0967620303890069
1.5602048976449512
0.65084359107812106
1.5919517207460636
10
-0.58487759833138031
1.0253204627247277
-1.1348974366859159
0.5359119373701362
-0.17240591842609887
-0.5195875044221181
1.0711152677105966
-0.83834216980396981
-0.079911193315545581
-1.0362058921795101
10
0.17966828184035882
1.0253204627247277
0.70894176996252223
0.89659198304816923
-0.087616122478837058
0.73064525644242162
-1.4064587872603787
1.5602048976449512
-0.47256132892146052
0.36547816804746258
10
-1.8846055946233369
-0.97530483039669236
-0.18992984327859111
-0.76253622707078261
0.2232797959944563
0.48448543824111345
-0.78706527351763489
0.76068920849531085
0.51061139979029491
-0.16015335453765214
10
0.71485039796057626
-0.97530483039669236
0.45541387904836245
1.1851360195905958
0.2232797959944563
-1.1608986097360534
-1.4838829764782218
1.5602048976449512
2.789336152289446
0.190267660519091
10
-0.049695482211162934
-0.97530483039669236
-1.3653773375169709
0.030959873420890037
-0.087616122478837058
0.031033141554492757
0.21944918631432381
-0.038826480654329462
-0.40138140286088025
-0.51057436959439528
10
0.40903204589188058
1.0253204627247277
1.0316136311259994
0.63185282952049293
-1.3029365310562564
-1.1868101695467173
-1.5613071656960646
0.6007860706653827
0.99687861206284167
0.89110969063257728
10
0.33257745787470666
-0.97530483039669236
0.57065382946388976
-0.47399219052835617
-0.53982836753090013
-0.57141062404344645
-0.70964108429979189
-0.038826480654329462
0.81931564433563486
0.71589918310420575
10
0.86775957399492409
-0.97530483039669236
-1.31928135735076
0.75231996477695606
0.2232797959944563
-1.2321553992153791
3.7809618903351008
-1.6378578589536101
0.016220391608660335
-1.0362058921795101
10
-0.73778677436572815
1.0253204627247277
0.17883799805109604
-0.11331214485032316
-1.5290426535822881
-1.3293237485053693
-0.1676717597748911
-0.83834216980396981
-0.93465057717886446
0.71589918310420575
10
-0.50842301031420645
-0.97530483039669236
-1.3423293474338649
-1.7003043458336684
-0.82246102068843951
-1.1414649398780552
1.2259636461462824
-1.6378578589536101
-0.75863499914862664
-0.86099538465113845
10
-1.1200597144515978
-0.97530483039669236
-0.14383386311238031
-0.11331214485032316
0.78854510230953512
0.89259250525907186
0.52914594318569574
-0.038826480654329462
-0.35515313566392726
-0.24775860830183793
10
0.79130498597775012
1.0253204627247277
-0.58174567469138405
-1.5560323275624552
-0.28545897968911466
-0.29286135607880776
0.064600807878637839
-0.038826480654329462
0.10790323115408181
-0.5981796233585811
10
-0.73778677436572815
-0.97530483039669236
-1.2040414069352325
0.030959873420890037
-1.1333569391617329
-1.6467403561860041
1.3808120245819684
-1.6378578589536101
-0.42478567202753864
0.36547816804746258
10
0.86775957399492409
-0.97530483039669236
-0.12078587302927452
-0.54612819966396275
0.47764918383624178
0.30310451956646489
1.4582362137998115
-0.83834216980396981
-0.99693301248187072
-0.5981796233585811
10
1.7087600421838371
-0.97530483039669236
0.77808574021183874
0.17523189169210324
1.0429144901513205
1.13875232346038
-0.39994432742842001
0.76068920849531085
0.76902547918413888
1.5043464669818778
10
-1.2729688904859455
1.0253204627247277
1.2159975517908426
-0.40185618139274959
-1.048567143214471
-1.044296590588065
0.45172175396785275
-0.83834216980396981
-0.90408963066372339
-0.072548100773466351
10
1.0206687500292719
1.0253204627247277
-0.60479366477448981
-1.0272753805984589
0.98638795951981273
-0.11795832735682574
2.7744474305031419
-1.1421581316808331
0.48140441926000388
0.45308342181164835
10
0.026759105806010978
1.0253204627247277
0.29407794846662344
-0.40185618139274959
-0.37024877563637648
-0.11148043740415964
-1.0193378411711638
0.76068920849531085
0.5396249566084671
0.54068867557583411
10
-2.2668785347092064
-0.97530483039669236
-0.18992984327859111
-0.8346722362063892
0.98638795951981273
1.3006995722770303
-0.32252013821057707
0.76068920849531085
0.17830946236617592
-0.5981796233585811
10
-1.0436051264344239
-0.97530483039669236
0.59370181954699475
0.17523189169210324
0.39285938788897995
0.33549396932979492
1.0711152677105966
-0.83834216980396981
-0.8445151273304119
0.190267660519091
10
0.33257745787470666
1.0253204627247277
0.27102995838351845
-0.90680824534199578
-2.009518163950105
-1.9900685236773026
-0.86448946273547789
-0.83834216980396981
0.39068869827518754
0.190267660519091
10
-0.35551383427985861
1.0253204627247277
2.7832608774420158
2.0507681292178748
0.30806959194171812
0.32901607937712884
-0.47736851664626301
0.76068920849531085
0.76902547918413888
0.10266240675490522
10
-0.81424136238290212
1.0253204627247277
1.5847653931205306
-1.1953522818844222
3.1343961235171123
3.1922434384555052
-0.012823381339205133
1.5761952114279436
1.0961049763809856
1.5043464669818778
10
-0.58487759833138031
1.0253204627247277
-0.4434577341927517
-0.32972017225714295
0.2515430613102102
0.23184773008713869
0.52914594318569574
-0.038826480654329462
-0.20215497937610641
-0.42296911583020952
10
-1.7316964185889892
-0.97530483039669236
-1.6880491986804471
-0.8346722362063892
0.025436938784178707
-0.41594126517946228
1.4582362137998115
-0.83834216980396981
-0.20215497937610641
-1.9122584298213678
10
-1.6552418305718153
-0.97530483039669236
-0.81222557552243879
-1.7003043458336684
-2.0943079598973666
-2.3657861409319314
0.45172175396785275
-1.6378578589536101
-0.40138140286088025
-1.0362058921795101
10
-1.1965143024687717
-0.97530483039669236
-0.18992984327859111
-0.69040021793517603
-0.99204061258296317
-1.0183850307774009
0.064600807878637839
-0.83834216980396981
-0.14006596778522082
-1.824653176057182
10
0.94421416201209796
1.0253204627247277
0.17883799805109604
1.1851360195905958
1.297283877993106
1.8124528785376455
-0.86448946273547789
1.5602048976449512
0.35954748062368441
-0.16015335453765214
10
-1.0436051264344239
1.0253204627247277
-0.46650572427585668
0.007154990406139981
-0.99204061258296317
-0.61675585371210817
-1.4064587872603787
0.63276669823136833
0.43653011804789915
0.27787291428327676
10
-1.1200597144515978
1.0253204627247277
-0.32821778377722433
1.690088083539842
1.806022653676677
2.1946483857449395
-0.86448946273547789
2.3597205867945914
0.79436398547200759
-0.86099538465113845
10
1.2500325140807937
1.0253204627247277
0.40931789888215081
0.6080479465057429
-0.87898755131994732
-0.6361895235701065
-0.632216895081949
-0.038826480654329462
-0.021690655967082383
-0.42296911583020952
10
0.40903204589188058
-0.97530483039669236
-0.81222557552243879
-0.32972017225714295
-0.2006691837418528
-0.39650759532146396
1.0711152677105966
-0.83834216980396981
-0.62323840066382796
0.10266240675490522
10
1.5558508661494892
-0.97530483039669236
1.884389264200901
1.3294080378618089
0.27980632662596416
0.23832562003980479
0.29687337553216675
-0.038826480654329462
0.16090132827527437
1.8547674820386209
10
0.10321369382318489
1.0253204627247277
0.80113373029494461
-0.017371252699966509
3.1061328582013581
4.0797143619707485
-1.3290345980425358
4.0307083771173398
0.35954748062368441
1.5919517207460636
10
-0.89069595040007599
1.0253204627247277
0.36322191871594001
-0.11331214485032316
-0.28545897968911466
0.095812041081152849
-1.5613071656960646
1.5602048976449512
0.78159802047201288
-0.24775860830183793
10
0.026759105806010978
1.0253204627247277
1.3312375022063698
-0.041176135714716566
1.240757347361598
1.2747880124663669
-1.2516104088246929
2.3597205867945914
1.4930104336535659
2.7308200196804786
10
0.4854866339090545
-0.97530483039669236
1.5617174030374248
0.5359119373701362
-0.73767122474117763
-0.33172869579480391
-0.70964108429979189
-0.038826480654329462
-0.37817055740634425
-0.16015335453765214
10
-0.27905924626268469
-0.97530483039669236
1.3542854922894758
1.1130000104549891
0.95812469420405877
0.57517589757843701
-0.39994432742842001
0.76068920849531085
1.5189292110777985
0.190267660519091
10
0.33257745787470666
1.0253204627247277
1.6078133832036363
1.6179520744042353
-0.2006691837418528
0.08285626117582065
-0.1676717597748911
-0.038826480654329462
-0.47256132892146052
1.3291359594535062
10
0.25612286985753274
-0.97530483039669236
0.547605839380784
1.1130000104549891
0.13849000004719447
-0.62323374366477435
0.76141851083922463
-0.83834216980396981
1.1903023241839812
-0.51057436959439528
10
-0.12615007022833685
-0.97530483039669236
0.24798196830041264
-1.0510802636132091
0.50591244915199574
0.94441562488039976
-0.94191365195332089
1.5602048976449512
0.34368673622975182
0.10266240675490522
10
-0.89069595040007599
1.0253204627247277
-0.58174567469138405
-0.041176135714716566
0.42112265320473385
0.72416736648975599
0.21944918631432381
-0.038826480654329462
-0.8445151273304119
1.416741213217692
10
0.026759105806010978
1.0253204627247277
0.61674980963010062
-0.18544815398592976
0.47764918383624178
0.76303470620575164
-0.47736851664626301
0.76068920849531085
0.22937332236615815
0.10266240675490522
10
-0.66133218634855429
1.0253204627247277
0.66284578979631137
1.4736800561330221
-2.6313100008966916
-2.2427062318312769
-1.1741862196068498
-1.022230778308387
-0.62323840066382796
0.36547816804746258
10
-0.89069595040007599
-0.97530483039669236
-0.65088964494070067
-0.47399219052835617
0.92986142888830481
0.82781360573241181
1.1485394569284395
-0.51853589414411372
-0.52149752808810834
-0.77339013088695263
10
1.5558508661494892
1.0253204627247277
-0.37431376394343507
0.96872799218377592
1.4951267352033837
0.64643268705776369
-0.78706527351763489
1.5602048976449512
2.2858542296381184
0.80350443686839146
10
0.33257745787470666
1.0253204627247277
0.10969402780178027
-0.11331214485032316
-0.14414265311034494
0.19298039037114301
-1.0967620303890069
0.76068920849531085
0.51061139979029491
-0.77339013088695263
10
0.33257745787470666
-0.97530483039669236
0.61674980963010062
1.2334671457114523
-1.2746732657405024
-0.94712824129807482
-0.32252013821057707
-0.71841481643152383
-1.0615365323303321
-0.51057436959439528
10
-1.1965143024687717
-0.97530483039669236
-1.6650012085973422
-1.7724403549692751
-0.79419775537268555
-0.79813677238675673
0.68399432162138163
-0.83834216980396981
-1.1623102863454449
-2.8759162212274116
10
0.79130498597775012
1.0253204627247277
-0.58174567469138405
-0.8346722362063892
-0.70940795942542378
-0.53254328432745024
-0.24509594899273407
-0.038826480654329462
-0.2447081960427577
0.10266240675490522
10
-0.20260465824551077
-0.97530483039669236
-0.28212180361101352
1.4736800561330221
0.2232797959944563
0.42618442866711898
0.29687337553216675
-0.038826480654329462
-0.67623649778502049
1.0663201981609489
10
-0.50842301031420645
-0.97530483039669236
0.70894176996252223
-0.11331214485032316
1.6647063270979072
1.870753888111639
-0.39994432742842001
1.5602048976449512
0.73034073675990996
0.10266240675490522
10
-0.89069595040007599
1.0253204627247277
-1.0888014565197053
-0.8346722362063892
-1.7551487761083195
-1.517182557132684
-0.090247570557048115
-0.83834216980396981
-1.5013820536938043
-0.5981796233585811
10
-0.73778677436572815
1.0253204627247277
0.040550057552463666
1.4736800561330221
0.78854510230953512
1.3525226918983582
-1.4064587872603787
2.3597205867945914
0.59610468054783894
1.5919517207460636
10
1.7087600421838371
1.0253204627247277
-0.4895537143589625
-0.76253622707078261
-1.4725161229507802
-0.9924734709667371
-0.86448946273547789
-0.038826480654329462
-0.8445151273304119
-0.072548100773466351
10
0.94421416201209796
-0.97530483039669236
-0.074689892863063725
-0.32972017225714295
2.5408675518862793
2.5574102230942364
0.37429756475000975
0.76068920849531085
0.71738134804779452
-0.072548100773466351
10
0.86775957399492409
1.0253204627247277
0.36322191871594001
0.89659198304816923
-0.65288142879391586
-0.059657317782831745
-0.94191365195332089
-0.038826480654329462
-0.67623649778502049
0.36547816804746258
10
-0.27905924626268469
-0.97530483039669236
-1.3423293474338649
-1.4600914354120986
-0.0028263265315752331
0.31606029947179709
-0.090247570557048115
-0.1347683633522864
-0.62323840066382796
-1.0362058921795101
10
-0.35551383427985861
-0.97530483039669236
-0.23602582344480189
2.7721282205739408
-0.22893244905760676
-0.11148043740415964
0.37429756475000975
-0.83834216980396981
-0.730781984603182
-0.5981796233585811
10
-1.4258780665202935
-0.97530483039669236
-1.2040414069352325
0.68018395564134948
-1.0768304085302249
-1.0572523704933972
-0.24509594899273407
-0.83834216980396981
0.071732996987428729
0.54068867557583411
10
1.4029416901151415
1.0253204627247277
-0.58174567469138405
1.2089409026053457
-0.031089591847329172
-0.35764025560546781
1.5356604030176544
-1.0781968765488616
-0.78687486111831251
0.190267660519091
10
0.86775957399492409
1.0253204627247277
-0.2590738135279077
-0.35352505527189304
-0.14414265311034494
0.14115727074981466
-0.32252013821057707
-0.022836166871336994
-0.22323816399730964
0.10266240675490522
10
-0.50842301031420645
-0.97530483039669236
-1.4345213077662873
-1.3396243001556354
-1.2464100004247487
-1.0766860403513949
0.37429756475000975
-0.83834216980396981
-1.86211727679973
-1.0362058921795101
10
1.4029416901151415
1.0253204627247277
-0.074689892863063725
1.3294080378618089
-0.90725081663570128
-2.0159800834879662
1.0711152677105966
-1.6378578589536101
1.2901089596384905
1.1539254519251347
10
1.4793962781323153
1.0253204627247277
-0.30516979369411851
0.46377592823452968
0.87333489825679689
1.1322744335077144
0.76141851083922463
-0.038826480654329462
-1.4605696504362435
-0.3353638620660237
10
0.79130498597775012
1.0253204627247277
-0.14383386311238031
0.054764756435640091
-0.0028263265315752331
0.74360103634775387
-1.1741862196068498
1.1044809548296559
-0.52149752808810834
2.2927937508595497
10
-1.1200597144515978
-0.97530483039669236
-1.1348974366859159
-0.76253622707078261
1.806022653676677
-0.098524657498827439
0.14202499709648081
0.76068920849531085
2.8380789277439749
0.10266240675490522
10
-0.58487759833138031
-0.97530483039669236
-0.69698562510691142
-0.61826420879956934
-1.1898834697932408
-1.2451111791207115
0.60657013240353863
-0.83834216980396981
-1.0290413486939807
-2.70070571369904
10
0.25612286985753274
1.0253204627247277
-0.37431376394343507
-0.041176135714716566
0.76028183699378116
1.0674955339810543
-0.1676717597748911
0.76068920849531085
-0.079911193315545581
-0.16015335453765214
10
0.63839580994340228
1.0253204627247277
-0.67393763502380644
0.92039686606291937
1.1559675514143364
1.3913900316143548
-0.70964108429979189
1.2643840926595842
0.78159802047201288
1.8547674820386209
10
0.17966828184035882
-0.97530483039669236
-0.37431376394343507
-1.1232162727488155
0.61896551041501147
0.39379497890378895
1.1485394569284395
-0.83834216980396981
-0.20215497937610641
0.015057152990719433
10
-1.5787872425546412
-0.97530483039669236
-0.92746552593796627
-0.90680824534199578
-0.6246181634781619
-0.51310961446945247
0.29687337553216675
-0.83834216980396981
-0.81550157051224148
-0.42296911583020952
10
0.94421416201209796
1.0253204627247277
-0.0055459226137471243
2.2671761566246946
0.70375530636227324
0.43266231861978555
0.52914594318569574
-0.038826480654329462
0.62376427138116275
0.45308342181164835
10
-0.58487759833138031
-0.97530483039669236
-1.2962333672676543
-1.0510802636132091
-1.8682018373713354
-2.1908831122099488
1.0711152677105966
-1.6378578589536101
-1.1623102863454449
-1.3866269072362531
10
0.33257745787470666
-0.97530483039669236
-0.95051351602107204
-0.041176135714716566
-0.42677530626788435
-0.92121668148741087
0.68399432162138163
-0.83834216980396981
0.60983776410844048
0.62829392934001993
10
-1.9610601826405107
-0.97530483039669236
-1.6880491986804471
-1.1953522818844222
-1.2746732657405024
-1.4394478777006916
0.99369107849275362
-1.6378578589536101
-1.3816527758908186
-0.42296911583020952
10
-1.4258780665202935
1.0253204627247277
-0.2129778333616969
-0.8346722362063892
-0.34198551032062252
0.06342259131782281
-1.2516104088246929
0.76068920849531085
0.43653011804789915
-0.68578487712276681
10
0.63839580994340228
1.0253204627247277
1.3312375022063698
1.1851360195905958
-0.48330183689939221
-0.0078341981615033928
-0.70964108429979189
-0.038826480654329462
-0.49693271664872407
-0.3353638620660237
10
-1.3494234785031196
-0.97530483039669236
-0.65088964494070067
-0.69040021793517603
-0.0028263265315752331
0.46505176838311557
-0.55479270586410601
-0.038826480654329462
-0.44857678861843836
-1.2114163997078815
10
0.25612286985753274
1.0253204627247277
0.10969402780178027
1.1851360195905958
0.53417571446774958
0.32253818942446322
0.83884270005706763
-0.83834216980396981
0.10790323115408181
1.5919517207460636
10
-0.049695482211162934
-0.97530483039669236
-1.31928135735076
0.24736790082770985
0.53417571446774958
0.74360103634775387
-0.32252013821057707
0.76068920849531085
0.27927664009341108
-1.1238111459436957
10
-0.73778677436572815
-0.97530483039669236
-0.74308160527312306
-1.2674882910200289
0.39285938788897995
0.86668094544840746
-0.32252013821057707
-0.038826480654329462
-0.62323840066382796
-1.474232161000439
10
0.86775957399492409
-0.97530483039669236
-0.62784165485759569
-1.2912931740347788
1.6081797964663993
1.0221503043123921
1.1485394569284395
-0.19872961848425766
0.98546661304769356
-1.2114163997078815
10
-0.049695482211162934
1.0253204627247277
1.5847653931205306
2.0507681292178748
1.7777593883609231
1.5274257206203405
-0.47736851664626301
1.5602048976449512
1.544847988502031
0.54068867557583411
10
-2.2668785347092064
-0.97530483039669236
-0.67393763502380644
-1.4117603092912421
-1.3311997963720104
-1.4912709973220195
0.14202499709648081
-0.83834216980396981
0.016220391608660335
-1.6494426685288104
10
-1.9610601826405107
-0.97530483039669236
0.66284578979631137
-0.32972017225714295
0.7320185716780272
0.48448543824111345
1.1485394569284395
-0.83834216980396981
-0.079911193315545581
0.015057152990719433
10
0.56194122192622842
1.0253204627247277
0.59370181954699475
0.31950390996331646
0.50591244915199574
0.97032718469106416
-0.86448946273547789
0.76068920849531085
0.19552417274495851
0.54068867557583411
10
1.4793962781323153
1.0253204627247277
-0.09773788294616953
1.0408640013193824
1.2124940820458443
-0.12443621730949185
-1.1741862196068498
2.3597205867945914
2.7668990016833943
1.2415307056893203
10
1.0971233380464458
1.0253204627247277
-0.46650572427585668
1.1851360195905958
-0.17240591842609887
-0.13739199721482359
-0.47736851664626301
-0.038826480654329462
0.59610468054783894
-0.77339013088695263
10
0.33257745787470666
-0.97530483039669236
-0.55869768460827907
-0.18544815398592976
-0.11587938779459099
-0.23456034650481372
0.91626688927491062
-0.83834216980396981
-0.62323840066382796
-0.86099538465113845
10
0.86775957399492409
-0.97530483039669236
-0.12078587302927452
-1.1953522818844222
0.13849000004719447
-0.68153475323876833
3.1615683765923568
-1.6378578589536101
-1.6733357337694974
-0.3353638620660237
10
0.10321369382318489
-0.97530483039669236
-0.9735615061041778
-0.25758416312153637
-0.0028263265315752331
-0.16978144697815364
1.3033878353641255
-0.83834216980396981
-1.0615365323303321
-1.2114163997078815
10
0.026759105806010978
1.0253204627247277
-1.1809934168521268
-0.90680824534199578
-2.009518163950105
-1.0054292508720688
-2.1032764902209653
0.76068920849531085
-1.2688867517241937
-1.474232161000439
10
-0.58487759833138031
1.0253204627247277
1.3542854922894758
2.2671761566246946
0.2232797959944563
-0.39650759532146396
-0.090247570557048115
-0.038826480654329462
1.5189292110777985
2.9060305272088502
10
-1.1200597144515978
-0.97530483039669236
1.2159975517908426
-0.54612819966396275
-1.1616202044774868
-0.73335787286009668
-0.32252013821057707
-0.83834216980396981
-1.5429681517998497
-1.2114163997078815
10
0.33257745787470666
1.0253204627247277
-0.92746552593796627
0.24736790082770985
-0.70940795942542378
-0.36411814555813393
-0.24509594899273407
-0.038826480654329462
-0.90408963066372339
-0.86099538465113845
10
0.56194122192622842
-0.97530483039669236
-0.09773788294616953
-1.0510802636132091
1.5233900005191376
1.13875232346038
0.68399432162138163
-0.038826480654329462
0.95103719229013184
0.36547816804746258
10
-1.1200597144515978
1.0253204627247277
2.1609651451981673
1.8343601018110551
1.2124940820458443
0.97680507464372979
-1.2516104088246929
2.3597205867945914
1.8220241679716247
0.89110969063257728
10
0.56194122192622842
-0.97530483039669236
0.20188598813420183
0.75231996477695606
1.6081797964663993
1.4302573713303506
0.29687337553216675
0.76068920849531085
0.8922363838053049
0.27787291428327676
10
-0.43196842229703253
-0.97530483039669236
0.15579000796799106
2.0507681292178748
0.081963469415686593
-0.46128649484812406
1.3033878353641255
-0.83834216980396981
0.29552423191158678
0.27787291428327676
10
0.17966828184035882
-0.97530483039669236
1.2390455418739483
-0.11331214485032316
1.1559675514143364
0.89259250525907186
-0.090247570557048115
0.5208345017504189
1.2108052376688223
2.2927937508595497
10
-1.9610601826405107
1.0253204627247277
-1.8724331193452912
-1.1953522818844222
-0.53982836753090013
-0.66210108338077045
-0.1676717597748911
-0.038826480654329462
0.5396249566084671
0.10266240675490522
10
0.026759105806010978
-0.97530483039669236
-0.78917758543933381
-2.1093155176325582
-0.6246181634781619
-0.65562319342810438
0.91626688927491062
-1.0702017196573654
-1.4207243657392887
-2.70070571369904
10
-0.58487759833138031
-0.97530483039669236
1.9535332344502185
-0.52232331664921272
0.42112265320473385
0.84724727559040958
-0.70964108429979189
0.76068920849531085
0.089914825926814754
1.6795569745102494
10
0.86775957399492409
1.0253204627247277
0.31712593854972926
0.82445597391256265
1.0994410207828285
0.88611461530640623
0.064600807878637839
-0.038826480654329462
0.99687861206284167
0.015057152990719433
10
-0.96715053841724996
-0.97530483039669236
0.38626990879904582
-1.5560323275624552
-1.048567143214471
-0.39002970536879789
-0.632216895081949
-0.038826480654329462
-2.185328299754155
-1.5618374147646248
10
0.86775957399492409
1.0253204627247277
1.5847653931205306
0.17523189169210324
0.76028183699378116
0.29662662961379876
-0.39994432742842001
0.76068920849531085
1.5868209340323185
1.8547674820386209
10
0.94421416201209796
-0.97530483039669236
1.1699015716246317
-1.1232162727488155
1.269020612677352
1.3071774622296968
-0.24509594899273407
0.76068920849531085
0.81931564433563486
0.45308342181164835
10
-1.1965143024687717
1.0253204627247277
-0.16688185319548612
0.5359119373701362
0.44938591852048781
0.79542415596908167
-0.86448946273547789
0.76068920849531085
0.46651079342667473
1.2415307056893203
10
0.71485039796057626
1.0253204627247277
2.7371648972758043
0.6080479465057429
-1.1333569391617329
-0.29933924603147383
-2.1807006794388086
2.3597205867945914
0.034982491684411865
0.62829392934001993
10
0.56194122192622842
1.0253204627247277
0.43236588896525663
-0.69040021793517603
-0.17240591842609887
0.91850406506973625
-1.4064587872603787
1.5602048976449512
-2.0170496702087637
-1.2114163997078815
10
-0.96715053841724996
-0.97530483039669236
-0.76612959535622804
-0.54612819966396275
-0.34198551032062252
-0.014312088114169496
-0.70964108429979189
-0.038826480654329462
0.053551168048040984
-0.77339013088695263
10
-1.3494234785031196
1.0253204627247277
-1.6419532185142363
-0.11331214485032316
-1.5007793882665341
-1.4070584279373617
-0.24509594899273407
-0.83834216980396981
-0.35515313566392726
-1.1238111459436957
10
-1.5023326545374673
1.0253204627247277
-1.8493851292621852
-1.5560323275624552
-0.90725081663570128
-0.56493273409078038
-0.70964108429979189
-0.038826480654329462
-0.2447081960427577
-1.1238111459436957
10
0.86775957399492409
1.0253204627247277
-0.62784165485759569
-0.47399219052835617
-1.048567143214471
-0.86291567191341689
0.60657013240353863
-0.83834216980396981
-2.6464504294509532
0.36547816804746258
10
1.0206687500292719
-0.97530483039669236
-0.85832155568865043
-1.1232162727488155
0.90159816357255085
1.0027166344543943
0.68399432162138163
-0.038826480654329462
-0.52149752808810834
-1.2990216534720673
10
-0.96715053841724996
1.0253204627247277
-0.95051351602107204
-0.32972017225714295
-0.85072428600419348
-0.54549906423278249
-0.012823381339205133
-0.83834216980396981
-1.3058306807393314
-0.77339013088695263
10
1.0206687500292719
-0.97530483039669236
-0.83527356560554467
2.1950401474890882
0.70375530636227324
-0.56493273409078038
3.7035377011172579
-1.6378578589536101
-0.2447081960427577
0.36547816804746258
10
-2.0375147706576846
-0.97530483039669236
-1.5728092482649199
-0.90680824534199578
-0.96377734726720921
-0.75279154271809456
0.14202499709648081
-0.83834216980396981
-1.2327165175575407
-1.7370479222929962
10
-0.20260465824551077
1.0253204627247277
3.7051804807662352
0.31950390996331646
0.59070224509925751
0.66586635691576157
-0.47736851664626301
0.76068920849531085
0.74330012547202706
0.71589918310420575
10
0.17966828184035882
-0.97530483039669236
0.36322191871594001
0.31950390996331646
1.0994410207828285
0.94441562488039976
1.4582362137998115
-0.83834216980396981
-0.67623649778502049
-1.2114163997078815
10
-0.66133218634855429
-0.97530483039669236
0.17883799805109604
-0.18544815398592976
0.36459612257322599
0.1087678209864846
1.5356604030176544
-0.83834216980396981
-0.8445151273304119
-0.86099538465113845
10
0.10321369382318489
1.0253204627247277
-0.12078587302927452
0.46377592823452968
1.0994410207828285
1.4820804909516785
-0.55479270586410601
0.76068920849531085
0.29552423191158678
2.0299779895669925
10
-0.66133218634855429
1.0253204627247277
1.3312375022063698
0.030959873420890037
0.2232797959944563
0.62052112724709929
-0.94191365195332089
0.76068920849531085
0.34368673622975182
0.190267660519091
10
-1.1200597144515978
-0.97530483039669236
0.040550057552463666
-0.54612819966396275
0.19501653067870234
0.1152457109391507
0.99369107849275362
-0.83834216980396981
-0.730781984603182
0.45308342181164835
10
0.94421416201209796
-0.97530483039669236
-0.35126577386032931
0.46377592823452968
0.53417571446774958
-0.31229502593680603
2.077629727542555
-0.83834216980396981
0.4061625952448788
-0.24775860830183793
10
1.3264871020979676
1.0253204627247277
0.017502067469357861
1.4015440469974154
1.834285918992431
2.2205599455556038
0.45172175396785275
0.40090714837797259
-0.730781984603182
0.10266240675490522
10
-1.8846055946233369
-0.97530483039669236
-0.83527356560554467
-0.40185618139274959
-1.3877263270035183
-1.5690056767540119
0.14202499709648081
-0.83834216980396981
0.053551168048040984
-0.5981796233585811
10
0.71485039796057626
1.0253204627247277
-0.58174567469138405
0.10309588255649664
1.8908124496239387
1.7671076488689832
0.68399432162138163
-0.038826480654329462
0.5396249566084671
-0.77339013088695263
10
-1.0436051264344239
-0.97530483039669236
0.15579000796799106
0.24736790082770985
-0.79419775537268555
-0.41594126517946228
-0.39994432742842001
-0.038826480654329462
-0.81550157051224148
-0.42296911583020952
10
-0.27905924626268469
1.0253204627247277
-1.1348974366859159
-0.041176135714716566
-0.59635489816240794
-0.6361895235701065
0.37429756475000975
-0.83834216980396981
-0.33271598505787575
0.9787149443967631
10
-0.66133218634855429
1.0253204627247277
0.086646037718674462
-0.11331214485032316
1.297283877993106
0.98976085454906204
-1.0193378411711638
2.3597205867945914
1.8073239658504179
0.10266240675490522
10
-1.808151006606163
-0.97530483039669236
-0.028593912696852929
-0.18544815398592976
-0.087616122478837058
0.1282014908444829
0.45172175396785275
-0.83834216980396981
-1.2688867517241937
-0.24775860830183793
10
0.33257745787470666
1.0253204627247277
-0.39736175402654089
-0.18544815398592976
0.67549204104651939
0.95737140478573202
-0.012823381339205133
-0.038826480654329462
-0.2447081960427577
0.54068867557583411
10
-0.66133218634855429
-0.97530483039669236
1.0546616212091044
0.31950390996331646
-0.37024877563637648
-1.0054292508720688
-0.012823381339205133
-0.038826480654329462
1.3756022403960344
-0.51057436959439528
10
-0.049695482211162934
-0.97530483039669236
1.2159975517908426
-1.3879554262764919
1.4668634698876297
1.13875232346038
-0.94191365195332089
1.8560257026303182
1.8220241679716247
1.0663201981609489
10
1.4029416901151415
-0.97530483039669236
-0.76612959535622804
-0.54612819966396275
-0.68114469410966982
-0.57788851399611252
0.14202499709648081
-0.83834216980396981
-0.54644918695173561
0.10266240675490522
10
-0.81424136238290212
-0.97530483039669236
-0.16688185319548612
-0.76253622707078261
-0.79419775537268555
-0.43537493503746011
-0.632216895081949
-0.038826480654329462
-0.35515313566392726
-0.3353638620660237
10
-1.5787872425546412
1.0253204627247277
-1.5958572383480256
-0.97894425447760236
-0.99204061258296317
-0.70744631304943273
0.064600807878637839
-0.83834216980396981
-1.5013820536938043
-0.3353638620660237
10
0.4854866339090545
1.0253204627247277
-0.74308160527312306
-0.97894425447760236
-1.8964651026870891
-1.5949172365646758
-0.70964108429979189
-0.83834216980396981
-0.62323840066382796
-0.24775860830183793
10
0.79130498597775012
1.0253204627247277
0.17883799805109604
0.68018395564134948
0.11022673473144053
0.32901607937712884
-0.55479270586410601
0.76068920849531085
0.34368673622975182
1.3291359594535062
10
1.0971233380464458
-0.97530483039669236
-0.028593912696852929
-0.64206909181431948
-0.99204061258296317
-1.2386332891680452
-0.32252013821057707
-0.5425213648186028
0.79436398547200759
0.54068867557583411
10
0.63839580994340228
1.0253204627247277
-0.12078587302927452
0.10309588255649664
0.27980632662596416
0.53630855786244136
0.14202499709648081
-0.15875383402677543
-0.59731962323959553
1.2415307056893203
10
-1.1200597144515978
1.0253204627247277
0.89332569062736622
-0.8346722362063892
-0.14414265311034494
-0.29933924603147383
0.21944918631432381
-0.83834216980396981
0.37521480130549634
0.10266240675490522
10
-0.049695482211162934
-0.97530483039669236
-0.51260170444206832
1.0408640013193824
1.1842308167300903
-0.36411814555813393
-1.0193378411711638
1.5602048976449512
2.8639977051682073
0.45308342181164835
10
0.10321369382318489
-0.97530483039669236
1.308189512123265
-0.90680824534199578
-1.5290426535822881
-1.5301383370380157
0.37429756475000975
-1.6378578589536101
-1.0615365323303321
-0.51057436959439528
10
-2.0375147706576846
-0.97530483039669236
-0.7200336151900173
-1.5560323275624552
-0.82246102068843951
-0.60380007380677647
0.29687337553216675
-0.83834216980396981
-1.5429681517998497
0.015057152990719433
10
1.0206687500292719
1.0253204627247277
1.6539093633698463
1.4015440469974154
-0.22893244905760676
-0.079090987640829599
-0.94191365195332089
0.76068920849531085
0.74330012547202706
0.45308342181164835
10
0.63839580994340228
-0.97530483039669236
-0.65088964494070067
-0.47399219052835617
-0.99204061258296317
-1.7115192557126639
2.1550539167603984
-1.6378578589536101
-0.81550157051224148
-1.1238111459436957
10
0.4854866339090545
1.0253204627247277
-0.78917758543933381
-0.11331214485032316
-1.020303877898717
-0.72040209295476443
0.21944918631432381
-0.83834216980396981
-2.1274946098299341
-1.3866269072362531
10
0.71485039796057626
1.0253204627247277
-0.14383386311238031
1.2572720287262023
-0.76593449005693159
-0.18921511683615194
-1.6387313549139078
1.5602048976449512
0.26283562456311471
-0.42296911583020952
10
0.63839580994340228
-0.97530483039669236
0.17883799805109604
0.24736790082770985
1.5799165311506453
1.5792488402416685
-0.94191365195332089
2.3597205867945914
1.4307279983505581
0.45308342181164835
10
0.94421416201209796
-0.97530483039669236
-0.074689892863063725
0.24736790082770985
1.269020612677352
0.30310451956646489
2.0002055383247122
-0.83834216980396981
0.93943176956286301
-0.77339013088695263
10
-0.73778677436572815
1.0253204627247277
-0.4895537143589625
-0.35352505527189304
-0.0028263265315752331
-0.092046767546161798
0.14202499709648081
-0.31865697185670366
0.34368673622975182
0.89110969063257728
10
-0.50842301031420645
-0.97530483039669236
0.91637368071047198
-0.25758416312153637
-0.22893244905760676
-0.053179427830165646
-0.090247570557048115
-0.038826480654329462
-0.22323816399730964
-0.77339013088695263
10
1.4029416901151415
1.0253204627247277
-0.2590738135279077
1.2334671457114523
-1.2464100004247487
-0.74631365276542838
-1.3290345980425358
0.29697010878851943
-0.079911193315545581
1.0663201981609489
10
0.79130498597775012
1.0253204627247277
-0.23602582344480189
-0.32972017225714295
-0.76593449005693159
-0.48719805465878802
-0.32252013821057707
-0.038826480654329462
-0.52149752808810834
0.015057152990719433
10
-1.1200597144515978
1.0253204627247277
-1.2731853771845483
0.24736790082770985
-0.2006691837418528
-0.79165888243409066
2.5421748628496132
-1.6378578589536101
-1.8131810776330821
0.10266240675490522
10
1.4029416901151415
-0.97530483039669236
-1.2501373871014434
-0.8346722362063892
-0.56809163284665398
-0.53902117428011642
0.68399432162138163
-0.83834216980396981
-1.1623102863454449
-1.2114163997078815
10
-0.12615007022833685
1.0253204627247277
0.086646037718674462
-1.7724403549692751
-0.2571957143733607
-0.37707392546346613
0.99369107849275362
-0.83834216980396981
-0.8445151273304119
-1.824653176057182
10
0.10321369382318489
1.0253204627247277
-0.55869768460827907
-0.18544815398592976
-0.68114469410966982
-0.62971163361744042
0.14202499709648081
-0.83834216980396981
-0.35515313566392726
0.190267660519091
10
-0.12615007022833685
1.0253204627247277
-0.12078587302927452
-0.041176135714716566
-0.70940795942542378
-1.3487574183633675
-0.78706527351763489
-0.038826480654329462
1.7392388191837773
0.190267660519091
10
-0.35551383427985861
-0.97530483039669236
-1.0657534664365995
-0.69040021793517603
-0.93551408195145525
-0.78518099248142459
0.37429756475000975
-0.83834216980396981
-1.4207243657392887
-0.5981796233585811
10
1.4793962781323153
1.0253204627247277
0.31712593854972926
1.1851360195905958
0.67549204104651939
0.98976085454906204
-0.86448946273547789
0.76068920849531085
0.60983776410844048
0.015057152990719433
10
0.17966828184035882
-0.97530483039669236
0.40931789888215081
0.10309588255649664
0.16675326536294841
0.18650250041847691
-0.632216895081949
0.76068920849531085
0.8560661496386518
2.5556095121521074
10
-1.2729688904859455
1.0253204627247277
0.38626990879904582
-0.40185618139274959
0.7320185716780272
0.96384929473839764
0.37429756475000975
-0.038826480654329462
-0.62323840066382796
0.015057152990719433
10
0.86775957399492409
1.0253204627247277
0.47846186913146743
1.2572720287262023
-0.14414265311034494
-0.085568877593495699
-0.632216895081949
-0.038826480654329462
0.69107572319931898
0.190267660519091
10
1.4029416901151415
1.0253204627247277
-0.7200336151900173
-1.7724403549692751
-0.17240591842609887
0.37436130904579107
-1.1741862196068498
0.76068920849531085
0.053551168048040984
0.71589918310420575
10
0.10321369382318489
-0.97530483039669236
-0.7200336151900173
0.46377592823452968
0.053700204099932647
0.29014873966113314
0.14202499709648081
-0.038826480654329462
-0.64954402551230361
-0.94860063841532416
10
-0.20260465824551077
-0.97530483039669236
-1.157945426769021
-1.0510802636132091
0.42112265320473385
0.90554828516440411
-0.632216895081949
0.76068920849531085
-0.18126521846702215
-0.3353638620660237
10
0.17966828184035882
1.0253204627247277
0.45541387904836245
0.82445597391256265
0.33633285725747203
0.18650250041847691
0.37429756475000975
-0.038826480654329462
0.37521480130549634
-0.3353638620660237
10
1.2500325140807937
1.0253204627247277
0.93942167079357697
0.24736790082770985
0.81680836762528908
1.4302573713303506
-0.78706527351763489
0.76068920849531085
-0.20215497937610641
-0.5981796233585811
10
0.026759105806010978
-0.97530483039669236
-0.92746552593796627
-0.69040021793517603
-1.5290426535822881
-1.71799714566533
0.91626688927491062
-1.4859498780151785
-1.2688867517241937
-1.6494426685288104
10
1.4029416901151415
1.0253204627247277
-0.4895537143589625
-0.8346722362063892
-1.3311997963720104
-1.2710227389313753
-0.090247570557048115
-0.83834216980396981
-0.37817055740634425
0.27787291428327676
10
-1.1200597144515978
1.0253204627247277
-0.18992984327859111
1.1851360195905958
1.1277042860985824
1.4756026009990129
-0.86448946273547789
1.5602048976449512
0.67772948706296043
-0.072548100773466351
10
0.25612286985753274
1.0253204627247277
0.8241817203780496
1.0408640013193824
1.0711777554670745
1.5015141608096771
-1.4838829764782218
3.1592362759442318
0.99687861206284167
1.0663201981609489
10
-0.73778677436572815
1.0253204627247277
-1.1348974366859159
-0.32972017225714295
-0.22893244905760676
-0.1956930067888176
0.76141851083922463
-0.83834216980396981
-1.0946119871030473
0.62829392934001993
10
0.63839580994340228
1.0253204627247277
1.0546616212091044
-0.32972017225714295
0.39285938788897995
1.0156724143597264
-1.2516104088246929
1.5602048976449512
0.16090132827527437
0.190267660519091
10
0.94421416201209796
1.0253204627247277
0.47846186913146743
0.82445597391256265
0.39285938788897995
0.50391910809911133
0.14202499709648081
-0.038826480654329462
-0.04083960346707529
0.45308342181164835
10
-1.5787872425546412
1.0253204627247277
-0.14383386311238031
0.31950390996331646
-0.79419775537268555
-0.48072016470612239
-0.32252013821057707
-0.038826480654329462
-0.67623649778502049
0.27787291428327676
10
0.63839580994340228
-0.97530483039669236
-0.37431376394343507
-0.11331214485032316
-0.11587938779459099
-0.64266741352277268
1.6130845922354975
-0.83834216980396981
-0.20215497937610641
0.015057152990719433
10
-1.5023326545374673
-0.97530483039669236
-1.1809934168521268
-1.7003043458336684
-0.96377734726720921
-0.62971163361744042
-0.94191365195332089
-0.038826480654329462
0.053551168048040984
-0.072548100773466351
10
-0.81424136238290212
1.0253204627247277
0.15579000796799106
0.75231996477695606
-0.2571957143733607
0.08933415112848675
-1.0193378411711638
0.76068920849531085
0.37521480130549634
0.015057152990719433
10
-0.27905924626268469
-0.97530483039669236
-0.4434577341927517
-0.8346722362063892
-0.37024877563637648
0.06342259131782281
-0.39994432742842001
-0.038826480654329462
-0.78687486111831251
-0.77339013088695263
10
-1.808151006606163
1.0253204627247277
-0.42040974410964588
0.030959873420890037
-0.79419775537268555
-0.57788851399611252
0.29687337553216675
-0.83834216980396981
-1.5013820536938043
-0.3353638620660237
10
0.86775957399492409
-0.97530483039669236
-0.90441753585486129
0.72851508176220603
0.87333489825679689
-0.35764025560546781
0.76141851083922463
-0.29467150118221425
1.9367244292594614
0.190267660519091
10
-0.89069595040007599
-0.97530483039669236
2.8063088675251202
1.3294080378618089
-0.70940795942542378
-0.70744631304943273
0.21944918631432381
-0.83834216980396981
-0.31027883445182253
-1.0362058921795101
10
-0.43196842229703253
-0.97530483039669236
-0.92746552593796627
-2.0609843915117017
-1.5855691842137958
-1.2710227389313753
-0.39994432742842001
-0.83834216980396981
-1.0615365323303321
-0.94860063841532416
10
1.0206687500292719
1.0253204627247277
2.6910689171095927
1.7622240926754484
-2.1790977558446287
-2.1196263227306225
-1.4838829764782218
-0.038826480654329462
0.80674310304776087
-0.5981796233585811
10
-0.89069595040007599
-0.97530483039669236
1.0777096112922102
1.2572720287262023
2.5973940825177873
2.6157112326682301
-0.55479270586410601
2.3597205867945914
1.3848865785778481
0.89110969063257728
10
1.5558508661494892
-0.97530483039669236
0.73198976004562799
2.1229041383534817
0.92986142888830481
0.73064525644242162
0.29687337553216675
-0.038826480654329462
0.74330012547202706
0.9787149443967631
10
-0.43196842229703253
-0.97530483039669236
0.45541387904836245
1.9064961109466616
0.053700204099932647
0.14763516070248076
0.76141851083922463
-0.83834216980396981
-1.1973199782393722
0.190267660519091
10
0.56194122192622842
1.0253204627247277
-0.074689892863063725
0.6080479465057429
-0.37024877563637648
-0.066135207735497387
-1.2516104088246929
0.76068920849531085
0.65084359107812106
0.71589918310420575
10
-1.5787872425546412
-0.97530483039669236
-0.4434577341927517
-0.11331214485032316
-0.45503857158363825
-0.32525080584213778
0.29687337553216675
-0.83834216980396981
-0.78687486111831251
-0.5981796233585811
10
1.1735779260636197
1.0253204627247277
-0.60479366477448981
0.17523189169210324
0.36459612257322599
0.40675075880912115
0.68399432162138163
-0.83834216980396981
-0.59731962323959553
-1.2114163997078815
10
0.71485039796057626
1.0253204627247277
0.017502067469357861
-0.25758416312153637
0.76028183699378116
0.25128139994513699
1.6130845922354975
-0.83834216980396981
0.12569821266922646
-1.9998636835855537
10
1.7087600421838371
1.0253204627247277
-0.0055459226137471243
-0.69040021793517603
0.84507163294104293
1.1646638832710445
-0.24509594899273407
0.76068920849531085
0.016220391608660335
0.015057152990719433
10
0.86775957399492409
1.0253204627247277
-0.76612959535622804
1.1130000104549891
1.5516532658348914
2.3760293044195886
-0.86448946273547789
1.5602048976449512
-0.44857678861843836
-0.24775860830183793
10
0.10321369382318489
-0.97530483039669236
1.3312375022063698
-1.1715473988696721
0.47764918383624178
1.0610176440283878
-0.94191365195332089
1.1204712686126492
-0.060375398391309579
-0.5981796233585811
10
1.2500325140807937
-0.97530483039669236
-0.39736175402654089
1.8343601018110551
0.90159816357255085
0.62052112724709929
-1.0193378411711638
1.5602048976449512
1.7080976015322742
2.9060305272088502
10
-0.96715053841724996
-0.97530483039669236
-1.5036652780156032
-1.7003043458336684
1.6929695924136612
0.54278644781510699
3.626113511899415
-0.83834216980396981
-0.060375398391309579
0.10266240675490522
10
0.33257745787470666
1.0253204627247277
0.36322191871594001
0.030959873420890037
-0.0028263265315752331
-0.47424227475345626
-0.70964108429979189
0.76068920849531085
1.6198963888050337
0.89110969063257728
10
0.25612286985753274
-0.97530483039669236
0.20188598813420183
-1.1715473988696721
-1.5855691842137958
-1.4070584279373617
-0.47736851664626301
-0.79836638534648796
-0.35515313566392726
-1.9122584298213678
10
-0.96715053841724996
-0.97530483039669236
0.89332569062736622
0.030959873420890037
0.30806959194171812
0.28367084970846707
-0.632216895081949
0.59279091377388649
0.97405461403254712
-0.51057436959439528
10
0.4854866339090545
-0.97530483039669236
1.3773334823725816
1.1130000104549891
-0.73767122474117763
-1.044296590588065
-0.632216895081949
-0.038826480654329462
1.1903023241839812
-0.072548100773466351
10
-0.20260465824551077
1.0253204627247277
-0.5356496945251733
0.17523189169210324
0.95812469420405877
0.73712314639508725
-0.632216895081949
0.76068920849531085
1.4307279983505581
-0.86099538465113845
10
1.4029416901151415
-0.97530483039669236
1.2620935319570541
1.5458160652686288
-0.31372224500486856
-0.84348200205541857
-0.70964108429979189
-0.038826480654329462
1.63633740433533
0.80350443686839146
10
-1.5787872425546412
1.0253204627247277
1.2390455418739483
-0.8346722362063892
1.0711777554670745
1.0674955339810543
-0.94191365195332089
1.5602048976449512
1.328600278350597
-0.68578487712276681
10
-1.8846055946233369
-0.97530483039669236
-1.2501373871014434
-0.54612819966396275
-1.1616202044774868
-1.1608986097360534
0.83884270005706763
-1.6378578589536101
-1.9640515730875712
-1.1238111459436957
10
0.10321369382318489
-0.97530483039669236
-1.1809934168521268
-0.47399219052835617
-1.4159895923192722
-1.4459257676533577
-1.1741862196068498
-0.038826480654329462
0.93943176956286301
-1.7370479222929962
10
-0.89069595040007599
-0.97530483039669236
-1.3653773375169709
-0.97894425447760236
-0.79419775537268555
-0.92769457144007694
0.99369107849275362
-0.83834216980396981
-1.1623102863454449
-0.24775860830183793
10
0.17966828184035882
-0.97530483039669236
-0.60479366477448981
0.46377592823452968
0.13849000004719447
0.14763516070248076
0.064600807878637839
-0.038826480654329462
0.22937332236615815
0.27787291428327676
10
-0.20260465824551077
1.0253204627247277
-0.60479366477448981
-0.54612819966396275
-0.2571957143733607
-0.053179427830165646
-0.47736851664626301
-0.038826480654329462
0.16090132827527437
0.62829392934001993
10
0.94421416201209796
1.0253204627247277
1.3542854922894758
0.65637907262659945
0.56243897978350355
-1.0119071408247349
-1.1741862196068498
1.5602048976449512
2.8639977051682073
2.9060305272088502
10
-0.58487759833138031
-0.97530483039669236
-1.2270893970183376
-0.61826420879956934
0.92986142888830481
0.38083919899845675
2.5421748628496132
-0.83834216980396981
-1.0615365323303321
-0.16015335453765214
10
1.938123806235359
-0.97530483039669236
0.84722971046115536
0.46377592823452968
-0.53982836753090013
-0.37707392546346613
-0.012823381339205133
-0.83834216980396981
-0.44857678861843836
-0.42296911583020952
10
0.63839580994340228
-0.97530483039669236
-1.0196574862703887
-0.041176135714716566
-0.93551408195145525
-1.8929001743873124
2.4647506736317699
-1.6378578589536101
-0.35515313566392726
0.10266240675490522
10
-2.1904239466920328
1.0253204627247277
-0.92746552593796627
-0.54612819966396275
-0.53982836753090013
-0.54549906423278249
0.60657013240353863
-0.83834216980396981
-0.81550157051224148
-1.1238111459436957
10
0.026759105806010978
1.0253204627247277
-0.051641902779958733
-0.25758416312153637
-0.34198551032062252
-0.31877291588947215
0.14202499709648081
-0.83834216980396981
-0.099833835664022971
-1.3866269072362531
10
-1.1200597144515978
-0.97530483039669236
-0.2129778333616969
-1.2674882910200289
-0.031089591847329172
0.13467938079714856
0.21944918631432381
-0.038826480654329462
-0.54644918695173561
-1.0362058921795101
10
0.86775957399492409
1.0253204627247277
1.3773334823725816
-0.8346722362063892
-0.31372224500486856
0.095812041081152849
-0.632216895081949
-0.038826480654329462
-0.28822853127001413
0.27787291428327676
10
0.17966828184035882
-0.97530483039669236
1.0316136311259994
0.6080479465057429
0.2232797959944563
-0.31877291588947215
0.52914594318569574
-0.83834216980396981
1.0080971873658675
0.80350443686839146
10
0.25612286985753274
-0.97530483039669236
0.61674980963010062
1.3294080378618089
2.5408675518862793
1.8642759981589734
1.3033878353641255
-0.038826480654329462
1.2508439460778977
-0.42296911583020952
10
-1.5023326545374673
1.0253204627247277
-1.5497612581818148
-0.8346722362063892
-1.0768304085302249
-0.34468447570013611
-0.86448946273547789
-0.038826480654329462
-2.0170496702087637
-0.68578487712276681
10
1.0206687500292719
1.0253204627247277
0.13274201788488524
1.4736800561330221
-0.2006691837418528
0.24480350999247089
-1.1741862196068498
0.76068920849531085
0.31177182372976248
0.80350443686839146
10
0.71485039796057626
-0.97530483039669236
-0.09773788294616953
0.31950390996331646
-0.93551408195145525
-0.80461466233942291
-0.090247570557048115
-0.83834216980396981
-0.42478567202753864
0.190267660519091
10
-0.12615007022833685
-0.97530483039669236
0.98551765095978772
1.8343601018110551
0.2515430613102102
0.1152457109391507
-0.32252013821057707
-0.038826480654329462
0.92763292312347345
-0.3353638620660237
10
0.4854866339090545
1.0253204627247277
-0.62784165485759569
-0.8346722362063892
-0.68114469410966982
-0.48072016470612239
-0.32252013821057707
-0.038826480654329462
-0.20215497937610641
0.45308342181164835
10
0.026759105806010978
-0.97530483039669236
-0.12078587302927452
-1.3396243001556354
-0.82246102068843951
-0.53902117428011642
0.064600807878637839
-0.83834216980396981
-1.3433548808908327
-1.1238111459436957
10
0.56194122192622842
-0.97530483039669236
1.1238055914584208
-1.1470211557635657
-0.087616122478837058
0.80837993587441392
-1.2516104088246929
1.160447053070131
-1.0946119871030473
-0.072548100773466351
10
-0.049695482211162934
-0.97530483039669236
-1.4345213077662873
-0.25758416312153637
-0.031089591847329172
-0.22160456659948199
1.4582362137998115
-0.83834216980396981
-1.3058306807393314
0.89110969063257728
10
-0.50842301031420645
-0.97530483039669236
-0.28212180361101352
-0.25758416312153637
0.39285938788897995
0.82133571577974618
-0.94191365195332089
0.76068920849531085
0.32782599183581751
-0.16015335453765214
10
0.17966828184035882
-0.97530483039669236
-0.62784165485759569
-0.54612819966396275
0.84507163294104293
-0.24751612641014595
3.316416755028043
-1.6378578589536101
-0.22323816399730964
-0.77339013088695263
10
-0.81424136238290212
-0.97530483039669236
1.4925734327881088
-1.2674882910200289
-0.6246181634781619
-0.51310961446945247
-0.24509594899273407
-0.038826480654329462
-0.0025417084670894762
0.45308342181164835
10
-2.1904239466920328
1.0253204627247277
-0.4434577341927517
-0.47399219052835617
-1.8116753067398275
-1.4329699877480255
-0.39994432742842001
-0.83834216980396981
-1.6288482799816357
-1.474232161000439
10
-1.5787872425546412
1.0253204627247277
-0.32821778377722433
0.17523189169210324
-0.42677530626788435
-0.54549906423278249
-1.4064587872603787
0.76068920849531085
1.4576138943353973
-0.3353638620660237
10
-1.808151006606163
-0.97530483039669236
0.50150985921457325
-0.54612819966396275
0.081963469415686593
0.37436130904579107
-0.090247570557048115
-0.038826480654329462
-0.47256132892146052
0.10266240675490522
10
-1.3494234785031196
1.0253204627247277
2.1148691650319558
2.1950401474890882
-0.087616122478837058
-0.13091410726215749
-0.1676717597748911
-0.038826480654329462
0.51061139979029491
1.5919517207460636
10
1.0206687500292719
-0.97530483039669236
0.63979779971320561
-0.52232331664921272
0.44938591852048781
0.34844974923512717
-1.3290345980425358
1.752088663040865
1.5616758514565705
0.71589918310420575
10
0.33257745787470666
-0.97530483039669236
-0.46650572427585668
0.75231996477695606
-0.17240591842609887
-0.098524657498827439
-0.32252013821057707
-0.038826480654329462
0.35954748062368441
0.36547816804746258
10
1.5558508661494892
-0.97530483039669236
2.5066849964447497
0.6080479465057429
0.47764918383624178
0.48448543824111345
0.37429756475000975
-0.038826480654329462
0.016220391608660335
-0.072548100773466351
10
-0.81424136238290212
-0.97530483039669236
0.27102995838351845
-0.97894425447760236
-1.2464100004247487
-1.1285091599727233
-0.24509594899273407
-0.83834216980396981
-0.31027883445182253
-0.86099538465113845
10
-1.6552418305718153
-0.97530483039669236
-1.5036652780156032
-1.1953522818844222
-1.7551487761083195
-1.5690056767540119
-0.55479270586410601
-0.83834216980396981
-0.35515313566392726
-1.7370479222929962
10
0.17966828184035882
-0.97530483039669236
-0.46650572427585668
-0.54612819966396275
2.0038655108869543
1.9160991177803013
1.4582362137998115
-0.038826480654329462
-0.42478567202753864
0.190267660519091
10
-0.049695482211162934
1.0253204627247277
0.70894176996252223
1.1130000104549891
0.78854510230953512
1.13875232346038
-0.86448946273547789
1.5602048976449512
0.56805824229027368
0.62829392934001993
10
2.0145783942525326
-0.97530483039669236
0.91637368071047198
-1.1953522818844222
0.90159816357255085
1.2229648928450381
-0.47736851664626301
0.8006649929527927
0.29552423191158678
0.54068867557583411
10
0.63839580994340228
-0.97530483039669236
0.91637368071047198
1.6179520744042353
0.33633285725747203
0.7500789263004195
-0.632216895081949
0.76068920849531085
-0.0025417084670894762
2.5556095121521074
10
1.4029416901151415
-0.97530483039669236
0.84722971046115536
-1.0510802636132091
-0.51156510221514617
-0.74631365276542838
0.99369107849275362
-0.83834216980396981
-0.52149752808810834
-0.77339013088695263
10
0.4854866339090545
-0.97530483039669236
-0.7200336151900173
0.007154990406139981
-0.0028263265315752331
0.68530002677375934
-0.94191365195332089
0.76068920849531085
-0.67623649778502049
1.3291359594535062
10
1.2500325140807937
1.0253204627247277
1.7000053435360578
0.5359119373701362
-0.0028263265315752331
0.31606029947179709
-1.1741862196068498
0.76068920849531085
0.664383250926602
0.9787149443967631
10
0.79130498597775012
1.0253204627247277
-0.32821778377722433
1.4015440469974154
-1.0768304085302249
-0.37707392546346613
-1.6387313549139078
0.76068920849531085
-0.22323816399730964
-0.24775860830183793
10
0.56194122192622842
1.0253204627247277
-0.69698562510691142
0.68018395564134948
-0.2571957143733607
-0.0013563082088372917
-0.24509594899273407
-0.038826480654329462
-0.28822853127001413
-1.0362058921795101
10
0.026759105806010978
-0.97530483039669236
-1.4575692978493924
-0.47399219052835617
-0.059352857163083111
-0.053179427830165646
0.52914594318569574
-0.83834216980396981
-0.44857678861843836
0.190267660519091
10
0.63839580994340228
-0.97530483039669236
2.2992530856968005
1.6179520744042353
-0.2571957143733607
-0.2669497962681438
-1.2516104088246929
0.76068920849531085
1.2409793367597202
0.80350443686839146
10
-0.12615007022833685
1.0253204627247277
-0.28212180361101352
-1.4117603092912421
0.98638795951981273
1.605160400052333
-0.632216895081949
0.76068920849531085
-0.35515313566392726
0.9787149443967631
10
-0.049695482211162934
-0.97530483039669236
0.77808574021183874
2.6278562023027279
0.47764918383624178
0.51039699805177696
-0.24509594899273407
-0.038826480654329462
0.59610468054783894
1.3291359594535062
10
-0.58487759833138031
-0.97530483039669236
-1.3653773375169709
-2.349528428054128
-1.048567143214471
-0.88882723172408085
-0.012823381339205133
-0.83834216980396981
-0.730781984603182
-0.16015335453765214
10
-1.4258780665202935
-0.97530483039669236
-1.1118494466028102
-0.54612819966396275
-1.5855691842137958
-1.7309529255706622
0.99369107849275362
-1.6378578589536101
-1.8131810776330821
-2.1750741911139251
10
-1.2729688904859455
1.0253204627247277
1.1238055914584208
0.39163991909892304
-0.37024877563637648
-0.65562319342810438
-0.39994432742842001
-0.038826480654329462
1.085273248502203
-1.2114163997078815
10
-0.049695482211162934
1.0253204627247277
-0.46650572427585668
1.1130000104549891
0.53417571446774958
0.58813167748376927
0.60657013240353863
-0.038826480654329462
-0.42478567202753864
0.80350443686839146
10
1.1735779260636197
-0.97530483039669236
-1.4114733176831815
-1.435565192305992
-0.031089591847329172
-0.053179427830165646
0.91626688927491062
-0.79836638534648796
-0.99693301248187072
0.015057152990719433
10
1.4029416901151415
1.0253204627247277
-0.83527356560554467
0.24736790082770985
0.025436938784178707
0.08933415112848675
0.83884270005706763
-0.83834216980396981
-1.2327165175575407
-0.42296911583020952
10
0.40903204589188058
1.0253204627247277
2.2992530856968005
1.4736800561330221
-0.76593449005693159
-0.58436640394877815
-0.55479270586410601
-0.038826480654329462
0.10790323115408181
0.89110969063257728
10
0.94421416201209796
-0.97530483039669236
0.89332569062736622
0.96872799218377592
0.11022673473144053
-0.53254328432745024
0.14202499709648081
-0.25469571672473235
1.3941709167596634
1.2415307056893203
10
1.8616692182181849
-0.97530483039669236
0.20188598813420183
0.5359119373701362
0.59070224509925751
0.14763516070248076
1.3033878353641255
-0.83834216980396981
0.22937332236615815
0.71589918310420575
10
0.40903204589188058
-0.97530483039669236
0.15579000796799106
0.96872799218377592
-0.39851204095213039
-1.1608986097360534
1.3033878353641255
-0.83834216980396981
0.63730393122964191
1.3291359594535062
10
-0.89069595040007599
-0.97530483039669236
0.93942167079357697
-0.54612819966396275
-0.68114469410966982
-0.66210108338077045
-0.78706527351763489
0.081100872718116876
0.74330012547202706
-0.3353638620660237
10
1.2500325140807937
-0.97530483039669236
0.040550057552463666
-1.7724403549692751
1.5233900005191376
1.6116382900049986
0.064600807878637839
0.76068920849531085
0.525118178199381
0.62829392934001993
10
-0.50842301031420645
-0.97530483039669236
-0.92746552593796627
-0.69040021793517603
0.64722877573076543
0.71768947653708948
0.76141851083922463
-0.038826480654329462
-0.67623649778502049
0.27787291428327676
320
1
-1
-1
-0.42491057638408281
-1
-0.20266869743724084
1
1
0.14938429338733777
1
1
0
1
-0.026290858346141744
1
-1
-0.90761986639998993
0.42491928617447783
0
-1
-0.86817814966671092
-1
-1
1
0
0.57825024690358651
-1
1
1
-0
1
0.5504604704514654
0.25649297947129013
-1
-0.12627356355977096
0.01751346363426845
1
1
1
-1
0.83544420738367342
-1
1
1
-1
-1
1
-0.013718344851425908
1
1
-0.10221421103814653
-1
1
1
1
-1
0.14983850450239952
1
1
-1
-0
-1
0
-1
0.43093973587482004
-1
1
0
-1
0.4120095596385227
1
-0.37587749554066763
0.91676580381593342
1
0
-1
1
1
-1
-1
-0.24570135970395557
1
-1
1
-1
-0.40681295346373281
0.41775934095948852
1
-0.95144624497638841
-1
1
0.45768183514163152
1
1
-0
-0
0.42707025626347761
1
-1
-1
1
-0.94829966620581385
-1
0.57597885954406436
1
1
1
-1
0
1
-1
-0.23006076954292048
-0
-1
1
-0.13895844737640847
-1
-0.51008934805975437
0
0.32413338426292948
-1
1
-1
1
-1
1
-0.60100570731006642
1
1
1
-1
-1
0
-1
-0.026908179996369196
-1
1
-1
0
-1
1
-0.98624539606417738
1
-0.30749338244484603
0
-0.81872835776740294
-0.87409230660281578
-1
-0.30273966486627135
-1
-1
-1
-0
-0.042370091968175774
1
1
1
1
0
1
1
-1
-1
0.5087087405621632
0.64269799003240025
0.20679874465297154
-0.75894290042060497
1
-0.96389327184909435
1
-0.43738973209597187
1
-1
-1
-1
0.12370620559864075
1
-1
1
-1
1
1
0.74360714723081656
-1
1
-1
0
0
-1
1
0.53758244890920404
1
-0
1
-1
-1
0
1
-1
-1
-0
1
1
-0.53228411956180877
-0
-1
-0.447469739099282
-1
-0.55925043998562374
0
-0.13985855001386829
0.90376311641808771
-0
1
-1
1
-0.77059851745259578
-1
0
1
1
1
1
0.67281448045082626
-1
-0
0.33966920801075018
-0
-0.24252094363032284
1
-0
1
0.58240121657866062
-1
-1
-1
-1
1
-1
0.53752175578338901
1
1
-1
1
1
-0
-0.15919478881561369
0
1
-1
1
-1
0
1
1
0.34067471643906622
1
1
-1
-0.31972677819396988
1
-1
1
-1
-0.060519301573670567
0.98802470791120511
-1
-0.42672007326248695
0
-1
1
-1
-0.49512243859829919
1
-0.97461194346093549
-1
-0.66499550276139385
-1
-1
-1
0.077375612086262646
-1
-0.23530767665034993
0
-1
-1
-1
1
1
-0.3919843476152588
-1
0.0085666039607457042
1
-0.62056253413637952
-0.0044239675096129707
0
1
-1
-0.52294390550340408
1
1
-1
-1
-1
-1
-0.075537028713110826
1
-0.76814271406347601
1
1
-1
0.28119076429435186
-0
1
-1
-1
0.59095916821150718
-1
-0
-1
0.098873762517142832
