MLCPP_ARCHIVE_V1
"MultinomialNB_V1"
0.5
2
-0.11528303435429893
-2.2174528271116909
2
1000
-3.0074283133171824
-3.7310003758299302
-3.4600478542107806
-4.0027910809450766
-4.0332812477028641
-4.1797217891041543
-4.3513480567813616
-4.3948331687211004
-4.3513480567813616
-4.6014474180840992
-4.4496414052160951
-4.7804956495330844
-4.6692700144228603
-5.1195856886963762
-4.5905777458471952
-4.7049880970249394
-4.7675084540062738
-4.6692700144228603
-5.5482536938842051
-4.982619833623219
-5.2362225924221377
-4.8341998285049455
-4.9357362477243685
-4.8909526450973955
-5.2783340777722643
-4.982619833623219
-5.2783340777722643
-5.0835457522131797
-5.0151430253287792
-5.2362225924221377
-5.0318100778139909
-5.1014033696131857
-5.2570566793249789
-5.6365463010298829
-5.1569732207679966
-5.1569732207679966
-5.1381047364636139
-5.1762045826958847
-5.3000740644086699
-5.3450254522709368
-5.3682823144352039
-5.3000740644086699
-5.6365463010298829
-5.441485718458499
-5.441485718458499
-5.3000740644086699
-5.7678823030909703
-5.4934454573892095
-5.8036003856930494
-5.5768270663282609
-6.0973615042212126
-5.6365463010298829
-5.6365463010298829
-5.7000597067522092
-5.7000597067522092
-5.6365463010298829
-5.5768270663282609
-5.4934454573892095
-5.5768270663282609
-6.5920577460573195
-5.6365463010298829
-5.7000597067522092
-5.6677988445339871
-5.6677988445339871
-5.7000597067522092
-5.7678823030909703
-5.8406416573733981
-5.9191132728148936
-5.6365463010298829
-5.7333961270198008
-5.8036003856930494
-5.8036003856930494
-5.6677988445339871
-5.8791079382011944
-5.6365463010298829
-5.8791079382011944
-5.9607859692154612
-6.0973615042212126
-6.0973615042212126
-5.7678823030909703
-8.7123212822574096
-5.9191132728148936
-5.7678823030909703
-6.0042710811552
-6.0042710811552
-7.10288336982331
-7.10288336982331
-5.9607859692154612
-6.0973615042212126
-6.0042710811552
-6.1473719247958734
-6.2000156582812957
-6.0973615042212126
-6.1473719247958734
-6.1473719247958734
-6.2555855094361066
-6.0497334552319577
-6.0973615042212126
-7.10288336982331
-6.2000156582812957
-6.8664945917590794
-6.2000156582812957
-6.1473719247958734
-6.2000156582812957
-6.2555855094361066
-6.2555855094361066
-6.6754393549963709
-6.3769463664403743
-6.3144260094590399
-6.1473719247958734
-6.5920577460573195
-6.3144260094590399
-6.2555855094361066
-6.8664945917590794
-7.2459842134639834
-6.7664111332020971
-6.5920577460573195
-6.3144260094590399
-6.3769463664403743
-6.3144260094590399
-6.7664111332020971
-6.443637740939046
-6.3769463664403743
-6.3769463664403743
-6.3769463664403743
-6.8664945917590794
-6.3769463664403743
-6.5920577460573195
-7.8650234218702071
-6.7664111332020971
-6.3769463664403743
-6.2000156582812957
-6.5150967049211914
-6.6754393549963709
-6.6754393549963709
-6.443637740939046
-6.5150967049211914
-6.7664111332020971
-6.5920577460573195
-7.10288336982331
-6.5150967049211914
-6.7664111332020971
-6.5150967049211914
-6.9777202268693044
-6.7664111332020971
-6.5920577460573195
-6.5920577460573195
-6.5920577460573195
-6.7664111332020971
-6.8664945917590794
-6.443637740939046
-7.10288336982331
-6.5920577460573195
-6.8664945917590794
-6.8664945917590794
-6.7664111332020971
-6.5920577460573195
-6.6754393549963709
-6.443637740939046
-6.7664111332020971
-6.7664111332020971
-6.9777202268693044
-7.4130382981271499
-6.6754393549963709
-6.7664111332020971
-6.5920577460573195
-6.5920577460573195
-7.10288336982331
-7.8650234218702071
-6.6754393549963709
-6.8664945917590794
-7.10288336982331
-6.7664111332020971
-6.7664111332020971
-6.7664111332020971
-6.7664111332020971
-6.5920577460573195
-8.2014956584914191
-7.6137089935893005
-6.8664945917590794
-6.7664111332020971
-6.8664945917590794
-6.7664111332020971
-6.7664111332020971
-6.6754393549963709
-6.7664111332020971
-6.7664111332020971
-6.7664111332020971
-6.7664111332020971
-8.7123212822574096
-7.4130382981271499
-6.8664945917590794
-7.8650234218702071
-9.8109335709255205
-9.8109335709255205
-6.7664111332020971
-6.7664111332020971
-6.9777202268693044
-7.10288336982331
-6.9777202268693044
-6.8664945917590794
-6.8664945917590794
-6.7664111332020971
-6.9777202268693044
-8.7123212822574096
-6.7664111332020971
-6.7664111332020971
-6.443637740939046
-9.8109335709255205
-9.8109335709255205
-9.8109335709255205
-6.9777202268693044
-6.9777202268693044
-6.6754393549963709
-6.9777202268693044
-6.9777202268693044
-6.9777202268693044
-6.9777202268693044
-6.9777202268693044
-6.9777202268693044
-6.9777202268693044
-6.8664945917590794
-6.9777202268693044
-6.9777202268693044
-6.9777202268693044
-6.9777202268693044
-6.7664111332020971
-6.9777202268693044
-6.9777202268693044
-6.9777202268693044
-6.9777202268693044
-6.9777202268693044
-6.9777202268693044
-9.8109335709255205
-6.9777202268693044
-6.9777202268693044
-9.8109335709255205
-7.10288336982331
-7.10288336982331
-6.9777202268693044
-6.6754393549963709
-8.7123212822574096
-6.9777202268693044
-7.10288336982331
-7.2459842134639834
-7.10288336982331
-7.4130382981271499
-7.10288336982331
-7.10288336982331
-7.10288336982331
-7.10288336982331
-7.10288336982331
-8.7123212822574096
-7.10288336982331
-7.10288336982331
-7.2459842134639834
-7.10288336982331
-7.10288336982331
-7.10288336982331
-7.2459842134639834
-6.9777202268693044
-7.10288336982331
-7.2459842134639834
-7.2459842134639834
-9.8109335709255205
-7.10288336982331
-6.9777202268693044
-6.9777202268693044
-6.9777202268693044
-7.10288336982331
-7.2459842134639834
-7.4130382981271499
-7.10288336982331
-7.2459842134639834
-7.10288336982331
-7.2459842134639834
-6.9777202268693044
-7.10288336982331
-9.8109335709255205
-9.8109335709255205
-8.2014956584914191
-9.8109335709255205
-7.2459842134639834
-7.8650234218702071
-7.2459842134639834
-7.2459842134639834
-7.2459842134639834
-7.2459842134639834
-7.2459842134639834
-7.2459842134639834
-7.2459842134639834
-7.8650234218702071
-8.2014956584914191
-7.8650234218702071
-7.2459842134639834
-7.2459842134639834
-7.2459842134639834
-8.7123212822574096
-7.2459842134639834
-7.2459842134639834
-7.10288336982331
-7.4130382981271499
-7.10288336982331
-7.2459842134639834
-7.2459842134639834
-7.2459842134639834
-7.2459842134639834
-7.2459842134639834
-7.2459842134639834
-7.4130382981271499
-7.2459842134639834
-7.4130382981271499
-9.8109335709255205
-7.2459842134639834
-8.2014956584914191
-7.2459842134639834
-7.2459842134639834
-7.2459842134639834
-7.2459842134639834
-7.2459842134639834
-7.2459842134639834
-7.6137089935893005
-7.2459842134639834
-7.2459842134639834
-7.2459842134639834
-7.2459842134639834
-7.2459842134639834
-7.2459842134639834
-7.2459842134639834
-9.8109335709255205
-7.2459842134639834
-7.4130382981271499
-9.8109335709255205
-7.4130382981271499
-7.10288336982331
-7.4130382981271499
-7.2459842134639834
-9.8109335709255205
-9.8109335709255205
-8.7123212822574096
-7.4130382981271499
-7.4130382981271499
-7.6137089935893005
-9.8109335709255205
-7.4130382981271499
-7.2459842134639834
-7.4130382981271499
-7.4130382981271499
-7.4130382981271499
-7.2459842134639834
-8.7123212822574096
-8.7123212822574096
-7.6137089935893005
-9.8109335709255205
-7.4130382981271499
-8.7123212822574096
-7.2459842134639834
-7.4130382981271499
-8.7123212822574096
-7.6137089935893005
-7.4130382981271499
-7.6137089935893005
-7.4130382981271499
-7.4130382981271499
-9.8109335709255205
-7.4130382981271499
-7.4130382981271499
-7.4130382981271499
-7.4130382981271499
-7.10288336982331
-8.7123212822574096
-7.4130382981271499
-7.2459842134639834
-7.6137089935893005
-7.8650234218702071
-7.6137089935893005
-7.4130382981271499
-7.4130382981271499
-7.6137089935893005
-7.4130382981271499
-7.4130382981271499
-7.4130382981271499
-7.4130382981271499
-7.4130382981271499
-7.4130382981271499
-7.4130382981271499
-7.8650234218702071
-8.2014956584914191
-7.6137089935893005
-7.4130382981271499
-7.4130382981271499
-9.8109335709255205
-7.4130382981271499
-7.6137089935893005
-8.7123212822574096
-7.4130382981271499
-7.4130382981271499
-8.2014956584914191
-7.4130382981271499
-7.2459842134639834
-7.6137089935893005
-7.4130382981271499
-7.6137089935893005
-7.8650234218702071
-8.2014956584914191
-9.8109335709255205
-9.8109335709255205
-7.6137089935893005
-7.6137089935893005
-7.6137089935893005
-9.8109335709255205
-9.8109335709255205
-7.6137089935893005
-7.8650234218702071
-7.6137089935893005
-7.6137089935893005
-7.6137089935893005
-7.6137089935893005
-8.7123212822574096
-7.6137089935893005
-7.6137089935893005
-8.7123212822574096
-9.8109335709255205
-7.6137089935893005
-7.6137089935893005
-9.8109335709255205
-8.7123212822574096
-7.6137089935893005
-7.6137089935893005
-7.8650234218702071
-7.6137089935893005
-7.6137089935893005
-7.8650234218702071
-7.6137089935893005
-7.4130382981271499
-7.4130382981271499
-7.6137089935893005
-7.6137089935893005
-7.6137089935893005
-7.6137089935893005
-9.8109335709255205
-7.8650234218702071
-7.8650234218702071
-7.6137089935893005
-8.7123212822574096
-7.6137089935893005
-7.6137089935893005
-8.2014956584914191
-8.2014956584914191
-7.6137089935893005
-7.6137089935893005
-7.4130382981271499
-7.6137089935893005
-7.6137089935893005
-7.6137089935893005
-7.6137089935893005
-8.2014956584914191
-8.2014956584914191
-7.6137089935893005
-7.8650234218702071
-9.8109335709255205
-7.8650234218702071
-7.6137089935893005
-7.6137089935893005
-7.6137089935893005
-7.6137089935893005
-7.6137089935893005
-7.6137089935893005
-7.6137089935893005
-7.6137089935893005
-7.6137089935893005
-7.6137089935893005
-7.6137089935893005
-9.8109335709255205
-7.6137089935893005
-7.6137089935893005
-9.8109335709255205
-8.2014956584914191
-7.6137089935893005
-7.6137089935893005
-7.6137089935893005
-9.8109335709255205
-7.8650234218702071
-9.8109335709255205
-7.6137089935893005
-7.6137089935893005
-7.6137089935893005
-7.6137089935893005
-7.6137089935893005
-7.6137089935893005
-7.6137089935893005
-7.6137089935893005
-7.6137089935893005
-8.2014956584914191
-7.6137089935893005
-7.6137089935893005
-7.8650234218702071
-7.6137089935893005
-7.6137089935893005
-7.6137089935893005
-7.8650234218702071
-7.6137089935893005
-7.6137089935893005
-7.6137089935893005
-7.6137089935893005
-7.6137089935893005
-7.6137089935893005
-7.6137089935893005
-8.7123212822574096
-7.6137089935893005
-7.6137089935893005
-7.6137089935893005
-7.4130382981271499
-9.8109335709255205
-7.6137089935893005
-9.8109335709255205
-7.6137089935893005
-7.6137089935893005
-9.8109335709255205
-9.8109335709255205
-7.8650234218702071
-7.8650234218702071
-7.8650234218702071
-7.8650234218702071
-7.8650234218702071
-7.8650234218702071
-9.8109335709255205
-7.8650234218702071
-8.2014956584914191
-7.8650234218702071
-7.8650234218702071
-7.8650234218702071
-7.8650234218702071
-8.2014956584914191
-7.8650234218702071
-8.7123212822574096
-9.8109335709255205
-7.8650234218702071
-7.8650234218702071
-9.8109335709255205
-7.8650234218702071
-7.8650234218702071
-8.2014956584914191
-7.8650234218702071
-7.8650234218702071
-7.8650234218702071
-7.8650234218702071
-7.8650234218702071
-8.2014956584914191
-7.8650234218702071
-7.8650234218702071
-7.8650234218702071
-7.8650234218702071
-7.8650234218702071
-8.7123212822574096
-7.8650234218702071
-7.8650234218702071
-7.8650234218702071
-7.8650234218702071
-8.2014956584914191
-7.8650234218702071
-7.8650234218702071
-9.8109335709255205
-7.6137089935893005
-7.8650234218702071
-7.8650234218702071
-7.8650234218702071
-7.8650234218702071
-8.7123212822574096
-7.8650234218702071
-7.8650234218702071
-8.2014956584914191
-7.8650234218702071
-7.8650234218702071
-7.8650234218702071
-7.8650234218702071
-7.8650234218702071
-8.2014956584914191
-7.8650234218702071
-7.8650234218702071
-9.8109335709255205
-8.2014956584914191
-7.8650234218702071
-8.2014956584914191
-7.8650234218702071
-8.2014956584914191
-8.2014956584914191
-7.8650234218702071
-7.8650234218702071
-7.8650234218702071
-8.2014956584914191
-7.8650234218702071
-7.8650234218702071
-7.6137089935893005
-7.8650234218702071
-8.2014956584914191
-8.2014956584914191
-9.8109335709255205
-7.8650234218702071
-7.8650234218702071
-7.8650234218702071
-7.8650234218702071
-7.8650234218702071
-7.8650234218702071
-8.7123212822574096
-7.8650234218702071
-7.8650234218702071
-9.8109335709255205
-7.8650234218702071
-7.8650234218702071
-7.8650234218702071
-7.8650234218702071
-7.8650234218702071
-7.6137089935893005
-7.8650234218702071
-7.8650234218702071
-7.8650234218702071
-7.6137089935893005
-7.8650234218702071
-7.6137089935893005
-9.8109335709255205
-7.8650234218702071
-7.8650234218702071
-7.8650234218702071
-8.7123212822574096
-7.8650234218702071
-8.2014956584914191
-8.7123212822574096
-7.8650234218702071
-8.7123212822574096
-9.8109335709255205
-8.2014956584914191
-8.7123212822574096
-7.8650234218702071
-7.6137089935893005
-7.6137089935893005
-7.8650234218702071
-7.8650234218702071
-7.8650234218702071
-7.8650234218702071
-8.7123212822574096
-7.8650234218702071
-9.8109335709255205
-8.2014956584914191
-7.8650234218702071
-8.7123212822574096
-7.8650234218702071
-7.8650234218702071
-7.8650234218702071
-7.8650234218702071
-7.8650234218702071
-8.2014956584914191
-7.8650234218702071
-7.8650234218702071
-8.2014956584914191
-7.8650234218702071
-7.8650234218702071
-7.8650234218702071
-7.8650234218702071
-9.8109335709255205
-9.8109335709255205
-7.8650234218702071
-7.8650234218702071
-9.8109335709255205
-9.8109335709255205
-9.8109335709255205
-9.8109335709255205
-7.8650234218702071
-7.8650234218702071
-7.8650234218702071
-7.8650234218702071
-7.8650234218702071
-7.8650234218702071
-7.8650234218702071
-7.8650234218702071
-8.2014956584914191
-7.6137089935893005
-7.8650234218702071
-7.8650234218702071
-7.8650234218702071
-8.2014956584914191
-8.7123212822574096
-9.8109335709255205
-9.8109335709255205
-9.8109335709255205
-9.8109335709255205
-9.8109335709255205
-9.8109335709255205
-9.8109335709255205
-9.8109335709255205
-9.8109335709255205
-9.8109335709255205
-8.7123212822574096
-9.8109335709255205
-9.8109335709255205
-9.8109335709255205
-9.8109335709255205
-8.7123212822574096
-9.8109335709255205
-9.8109335709255205
-9.8109335709255205
-8.7123212822574096
-9.8109335709255205
-8.2014956584914191
-9.8109335709255205
-9.8109335709255205
-9.8109335709255205
-9.8109335709255205
-9.8109335709255205
-8.2014956584914191
-8.2014956584914191
-7.8650234218702071
-8.7123212822574096
-8.2014956584914191
-8.2014956584914191
-8.2014956584914191
-8.2014956584914191
-8.2014956584914191
-8.2014956584914191
-8.2014956584914191
-8.7123212822574096
-8.2014956584914191
-8.2014956584914191
-8.2014956584914191
-8.7123212822574096
-9.8109335709255205
-8.2014956584914191
-8.2014956584914191
-8.2014956584914191
-8.2014956584914191
-9.8109335709255205
-8.2014956584914191
-9.8109335709255205
-8.2014956584914191
-8.2014956584914191
-7.8650234218702071
-8.2014956584914191
-8.2014956584914191
-8.7123212822574096
-8.2014956584914191
-7.8650234218702071
-8.2014956584914191
-7.8650234218702071
-9.8109335709255205
-8.2014956584914191
-8.2014956584914191
-8.2014956584914191
-8.2014956584914191
-8.2014956584914191
-9.8109335709255205
-9.8109335709255205
-9.8109335709255205
-8.7123212822574096
-8.7123212822574096
-8.2014956584914191
-9.8109335709255205
-8.2014956584914191
-8.2014956584914191
-8.7123212822574096
-8.2014956584914191
-9.8109335709255205
-8.2014956584914191
-8.2014956584914191
-8.2014956584914191
-8.2014956584914191
-9.8109335709255205
-8.2014956584914191
-9.8109335709255205
-8.7123212822574096
-9.8109335709255205
-8.7123212822574096
-9.8109335709255205
-8.7123212822574096
-9.8109335709255205
-9.8109335709255205
-9.8109335709255205
-9.8109335709255205
-9.8109335709255205
-8.2014956584914191
-8.2014956584914191
-9.8109335709255205
-8.7123212822574096
-8.2014956584914191
-8.2014956584914191
-8.2014956584914191
-8.2014956584914191
-8.7123212822574096
-9.8109335709255205
-8.2014956584914191
-8.2014956584914191
-8.7123212822574096
-8.7123212822574096
-8.2014956584914191
-8.2014956584914191
-8.7123212822574096
-8.2014956584914191
-8.2014956584914191
-8.2014956584914191
-8.2014956584914191
-8.7123212822574096
-8.7123212822574096
-9.8109335709255205
-9.8109335709255205
-8.2014956584914191
-8.2014956584914191
-8.2014956584914191
-8.2014956584914191
-9.8109335709255205
-8.2014956584914191
-8.7123212822574096
-9.8109335709255205
-8.2014956584914191
-7.8650234218702071
-9.8109335709255205
-8.2014956584914191
-8.2014956584914191
-8.2014956584914191
-8.7123212822574096
-8.2014956584914191
-8.7123212822574096
-9.8109335709255205
-8.2014956584914191
-8.2014956584914191
-8.2014956584914191
-8.2014956584914191
-8.2014956584914191
-8.7123212822574096
-8.2014956584914191
-8.2014956584914191
-8.2014956584914191
-9.8109335709255205
-7.8650234218702071
-8.2014956584914191
-8.7123212822574096
-9.8109335709255205
-8.2014956584914191
-8.2014956584914191
-8.2014956584914191
-8.2014956584914191
-8.2014956584914191
-9.8109335709255205
-7.8650234218702071
-8.2014956584914191
-8.2014956584914191
-8.2014956584914191
-7.8650234218702071
-8.7123212822574096
-8.2014956584914191
-8.2014956584914191
-8.2014956584914191
-8.2014956584914191
-8.2014956584914191
-8.7123212822574096
-8.2014956584914191
-8.2014956584914191
-8.2014956584914191
-8.2014956584914191
-8.2014956584914191
-8.2014956584914191
-8.2014956584914191
-8.2014956584914191
-8.2014956584914191
-8.2014956584914191
-8.2014956584914191
-8.2014956584914191
-8.2014956584914191
-8.2014956584914191
-8.2014956584914191
-8.2014956584914191
-9.8109335709255205
-8.2014956584914191
-8.2014956584914191
-8.2014956584914191
-8.2014956584914191
-7.8650234218702071
-9.8109335709255205
-8.2014956584914191
-8.2014956584914191
-7.6137089935893005
-8.2014956584914191
-8.2014956584914191
-9.8109335709255205
-8.2014956584914191
-8.7123212822574096
-8.2014956584914191
-8.2014956584914191
-8.7123212822574096
-8.2014956584914191
-9.8109335709255205
-9.8109335709255205
-8.2014956584914191
-8.2014956584914191
-8.2014956584914191
-8.2014956584914191
-8.2014956584914191
-8.2014956584914191
-8.2014956584914191
-8.2014956584914191
-8.2014956584914191
-8.7123212822574096
-9.8109335709255205
-8.7123212822574096
-8.2014956584914191
-8.2014956584914191
-8.2014956584914191
-8.7123212822574096
-8.2014956584914191
-8.2014956584914191
-8.2014956584914191
-8.2014956584914191
-8.2014956584914191
-8.2014956584914191
-8.7123212822574096
-8.2014956584914191
-9.8109335709255205
-9.8109335709255205
-8.7123212822574096
-8.2014956584914191
-8.2014956584914191
-8.2014956584914191
-8.2014956584914191
-8.2014956584914191
-8.2014956584914191
-8.7123212822574096
-8.2014956584914191
-8.7123212822574096
-8.2014956584914191
-8.2014956584914191
-8.2014956584914191
-9.8109335709255205
-8.2014956584914191
-8.2014956584914191
-8.2014956584914191
-8.2014956584914191
-8.7123212822574096
-7.8650234218702071
-9.8109335709255205
-9.8109335709255205
-8.2014956584914191
-8.7123212822574096
-8.2014956584914191
-9.8109335709255205
-8.2014956584914191
-8.7123212822574096
-8.2014956584914191
-9.8109335709255205
-8.2014956584914191
-8.2014956584914191
-8.7123212822574096
-9.8109335709255205
-8.7123212822574096
-8.2014956584914191
-8.2014956584914191
-8.2014956584914191
-9.8109335709255205
-8.7123212822574096
-8.2014956584914191
-8.2014956584914191
-8.2014956584914191
-8.2014956584914191
-8.2014956584914191
-9.8109335709255205
-8.2014956584914191
-8.2014956584914191
-8.2014956584914191
-8.2014956584914191
-9.8109335709255205
-8.2014956584914191
-8.2014956584914191
-9.8109335709255205
-7.8650234218702071
-8.2014956584914191
-8.2014956584914191
-8.2014956584914191
-8.2014956584914191
-9.8109335709255205
-8.2014956584914191
-8.2014956584914191
-8.2014956584914191
-8.2014956584914191
-8.2014956584914191
-9.8109335709255205
-9.8109335709255205
-8.2014956584914191
-8.2014956584914191
-9.8109335709255205
-8.2014956584914191
-7.8650234218702071
-8.7123212822574096
-8.2014956584914191
-8.2014956584914191
-8.2014956584914191
-8.7123212822574096
-8.2014956584914191
-8.2014956584914191
-8.2014956584914191
-8.2014956584914191
-8.2014956584914191
-8.2014956584914191
-8.7123212822574096
1000
-6.1737861039019366
-3.2772604804313934
-4.4791903831275297
-4.1369041766408969
-4.6574386145338478
-4.5208630795280973
-5.3264882435147332
-4.7074490351085094
-6.7615727688040561
-4.5208630795280973
-7.2723983925700466
-4.5208630795280973
-5.8060613237766194
-3.9283594247478395
-7.2723983925700466
-5.3264882435147332
-5.3264882435147332
-7.2723983925700466
-3.860151174721306
-5.0751738152338266
-4.5643481914678361
-7.2723983925700466
-6.1737861039019366
-8.3710106812381557
-4.8156626197487427
-6.7615727688040561
-4.2934732373324369
-7.2723983925700466
-7.2723983925700466
-5.4265717020717155
-5.6629604801359461
-6.4251005321828432
-5.8060613237766194
-4.5643481914678361
-7.2723983925700466
-6.1737861039019366
-5.8060613237766194
-7.2723983925700466
-5.5377973371819404
-5.8060613237766194
-5.0751738152338266
-6.4251005321828432
-4.7600927685939318
-5.9731154084397851
-6.1737861039019366
-7.2723983925700466
-5.0751738152338266
-6.1737861039019366
-5.3264882435147332
-7.2723983925700466
-4.8156626197487427
-6.7615727688040561
-6.7615727688040561
-5.4265717020717155
-6.4251005321828432
-6.7615727688040561
-6.7615727688040561
-8.3710106812381557
-8.3710106812381557
-4.4791903831275297
-7.2723983925700466
-7.2723983925700466
-6.7615727688040561
-7.2723983925700466
-8.3710106812381557
-8.3710106812381557
-6.7615727688040561
-6.1737861039019366
-8.3710106812381557
-7.2723983925700466
-8.3710106812381557
-8.3710106812381557
-8.3710106812381557
-6.7615727688040561
-8.3710106812381557
-6.7615727688040561
-8.3710106812381557
-6.1737861039019366
-6.4251005321828432
-8.3710106812381557
-4.4391850485138304
-8.3710106812381557
-8.3710106812381557
-7.2723983925700466
-6.7615727688040561
-4.7074490351085094
-4.7600927685939318
-7.2723983925700466
-6.4251005321828432
-8.3710106812381557
-6.4251005321828432
-6.1737861039019366
-8.3710106812381557
-8.3710106812381557
-8.3710106812381557
-6.7615727688040561
-8.3710106812381557
-8.3710106812381557
-5.0751738152338266
-8.3710106812381557
-5.3264882435147332
-8.3710106812381557
-8.3710106812381557
-6.7615727688040561
-8.3710106812381557
-6.7615727688040561
-5.8060613237766194
-6.7615727688040561
-7.2723983925700466
-7.2723983925700466
-5.8060613237766194
-8.3710106812381557
-8.3710106812381557
-5.4265717020717155
-5.2355164653090061
-5.8060613237766194
-6.4251005321828432
-7.2723983925700466
-8.3710106812381557
-7.2723983925700466
-5.8060613237766194
-7.2723983925700466
-6.7615727688040561
-8.3710106812381557
-8.3710106812381557
-5.9731154084397851
-8.3710106812381557
-6.7615727688040561
-5.1521348563699556
-5.9731154084397851
-8.3710106812381557
-8.3710106812381557
-8.3710106812381557
-6.7615727688040561
-6.4251005321828432
-8.3710106812381557
-8.3710106812381557
-6.1737861039019366
-7.2723983925700466
-5.8060613237766194
-8.3710106812381557
-6.4251005321828432
-8.3710106812381557
-6.1737861039019366
-6.4251005321828432
-8.3710106812381557
-6.7615727688040561
-8.3710106812381557
-6.7615727688040561
-6.4251005321828432
-8.3710106812381557
-5.9731154084397851
-8.3710106812381557
-6.7615727688040561
-6.7615727688040561
-7.2723983925700466
-8.3710106812381557
-7.2723983925700466
-8.3710106812381557
-7.2723983925700466
-7.2723983925700466
-6.4251005321828432
-5.8060613237766194
-8.3710106812381557
-7.2723983925700466
-8.3710106812381557
-7.2723983925700466
-6.1737861039019366
-5.5377973371819404
-8.3710106812381557
-7.2723983925700466
-6.4251005321828432
-8.3710106812381557
-7.2723983925700466
-8.3710106812381557
-8.3710106812381557
-8.3710106812381557
-5.3264882435147332
-5.8060613237766194
-7.2723983925700466
-7.2723983925700466
-7.2723983925700466
-8.3710106812381557
-8.3710106812381557
-8.3710106812381557
-8.3710106812381557
-8.3710106812381557
-8.3710106812381557
-8.3710106812381557
-5.5377973371819404
-6.1737861039019366
-8.3710106812381557
-5.8060613237766194
-5.4265717020717155
-5.4265717020717155
-8.3710106812381557
-8.3710106812381557
-6.7615727688040561
-6.7615727688040561
-7.2723983925700466
-8.3710106812381557
-8.3710106812381557
-8.3710106812381557
-7.2723983925700466
-5.5377973371819404
-8.3710106812381557
-8.3710106812381557
-8.3710106812381557
-5.4265717020717155
-5.5377973371819404
-5.5377973371819404
-8.3710106812381557
-8.3710106812381557
-8.3710106812381557
-8.3710106812381557
-8.3710106812381557
-8.3710106812381557
-8.3710106812381557
-8.3710106812381557
-8.3710106812381557
-8.3710106812381557
-8.3710106812381557
-8.3710106812381557
-8.3710106812381557
-8.3710106812381557
-8.3710106812381557
-8.3710106812381557
-8.3710106812381557
-8.3710106812381557
-8.3710106812381557
-8.3710106812381557
-8.3710106812381557
-8.3710106812381557
-5.3264882435147332
-8.3710106812381557
-8.3710106812381557
-5.5377973371819404
-7.2723983925700466
-7.2723983925700466
-8.3710106812381557
-8.3710106812381557
-5.6629604801359461
-8.3710106812381557
-7.2723983925700466
-7.2723983925700466
-8.3710106812381557
-6.7615727688040561
-8.3710106812381557
-7.2723983925700466
-8.3710106812381557
-8.3710106812381557
-8.3710106812381557
-5.8060613237766194
-8.3710106812381557
-8.3710106812381557
-6.7615727688040561
-8.3710106812381557
-7.2723983925700466
-8.3710106812381557
-7.2723983925700466
-8.3710106812381557
-8.3710106812381557
-7.2723983925700466
-7.2723983925700466
-5.6629604801359461
-8.3710106812381557
-8.3710106812381557
-8.3710106812381557
-8.3710106812381557
-8.3710106812381557
-7.2723983925700466
-6.7615727688040561
-8.3710106812381557
-7.2723983925700466
-8.3710106812381557
-7.2723983925700466
-8.3710106812381557
-8.3710106812381557
-5.8060613237766194
-5.8060613237766194
-6.1737861039019366
-5.8060613237766194
-8.3710106812381557
-6.4251005321828432
-8.3710106812381557
-8.3710106812381557
-8.3710106812381557
-8.3710106812381557
-8.3710106812381557
-8.3710106812381557
-8.3710106812381557
-6.4251005321828432
-6.1737861039019366
-6.1737861039019366
-8.3710106812381557
-8.3710106812381557
-8.3710106812381557
-5.9731154084397851
-8.3710106812381557
-8.3710106812381557
-8.3710106812381557
-6.7615727688040561
-8.3710106812381557
-8.3710106812381557
-8.3710106812381557
-8.3710106812381557
-8.3710106812381557
-8.3710106812381557
-8.3710106812381557
-7.2723983925700466
-8.3710106812381557
-7.2723983925700466
-5.8060613237766194
-8.3710106812381557
-6.1737861039019366
-8.3710106812381557
-8.3710106812381557
-8.3710106812381557
-8.3710106812381557
-8.3710106812381557
-8.3710106812381557
-6.7615727688040561
-8.3710106812381557
-8.3710106812381557
-8.3710106812381557
-7.2723983925700466
-8.3710106812381557
-8.3710106812381557
-8.3710106812381557
-5.6629604801359461
-8.3710106812381557
-7.2723983925700466
-5.8060613237766194
-7.2723983925700466
-8.3710106812381557
-7.2723983925700466
-8.3710106812381557
-5.9731154084397851
-5.9731154084397851
-6.1737861039019366
-8.3710106812381557
-8.3710106812381557
-7.2723983925700466
-5.9731154084397851
-8.3710106812381557
-8.3710106812381557
-8.3710106812381557
-8.3710106812381557
-8.3710106812381557
-8.3710106812381557
-6.1737861039019366
-6.1737861039019366
-7.2723983925700466
-5.9731154084397851
-8.3710106812381557
-6.1737861039019366
-8.3710106812381557
-8.3710106812381557
-6.1737861039019366
-6.7615727688040561
-8.3710106812381557
-7.2723983925700466
-8.3710106812381557
-8.3710106812381557
-5.9731154084397851
-8.3710106812381557
-8.3710106812381557
-8.3710106812381557
-8.3710106812381557
-8.3710106812381557
-6.1737861039019366
-8.3710106812381557
-8.3710106812381557
-7.2723983925700466
-6.7615727688040561
-7.2723983925700466
-8.3710106812381557
-8.3710106812381557
-7.2723983925700466
-8.3710106812381557
-8.3710106812381557
-8.3710106812381557
-8.3710106812381557
-7.2723983925700466
-8.3710106812381557
-8.3710106812381557
-6.7615727688040561
-6.4251005321828432
-7.2723983925700466
-8.3710106812381557
-8.3710106812381557
-5.6629604801359461
-8.3710106812381557
-7.2723983925700466
-6.1737861039019366
-8.3710106812381557
-8.3710106812381557
-6.4251005321828432
-8.3710106812381557
-8.3710106812381557
-7.2723983925700466
-8.3710106812381557
-7.2723983925700466
-7.2723983925700466
-6.7615727688040561
-6.1737861039019366
-6.1737861039019366
-8.3710106812381557
-8.3710106812381557
-8.3710106812381557
-6.1737861039019366
-6.1737861039019366
-8.3710106812381557
-7.2723983925700466
-8.3710106812381557
-8.3710106812381557
-8.3710106812381557
-8.3710106812381557
-6.4251005321828432
-8.3710106812381557
-8.3710106812381557
-6.1737861039019366
-5.9731154084397851
-8.3710106812381557
-8.3710106812381557
-6.1737861039019366
-6.4251005321828432
-7.2723983925700466
-8.3710106812381557
-7.2723983925700466
-8.3710106812381557
-8.3710106812381557
-7.2723983925700466
-8.3710106812381557
-8.3710106812381557
-8.3710106812381557
-8.3710106812381557
-8.3710106812381557
-8.3710106812381557
-8.3710106812381557
-6.1737861039019366
-7.2723983925700466
-7.2723983925700466
-8.3710106812381557
-6.4251005321828432
-8.3710106812381557
-8.3710106812381557
-6.7615727688040561
-6.7615727688040561
-8.3710106812381557
-8.3710106812381557
-8.3710106812381557
-8.3710106812381557
-8.3710106812381557
-8.3710106812381557
-8.3710106812381557
-6.7615727688040561
-6.7615727688040561
-8.3710106812381557
-7.2723983925700466
-6.1737861039019366
-7.2723983925700466
-8.3710106812381557
-8.3710106812381557
-8.3710106812381557
-8.3710106812381557
-8.3710106812381557
-8.3710106812381557
-8.3710106812381557
-8.3710106812381557
-8.3710106812381557
-8.3710106812381557
-8.3710106812381557
-6.1737861039019366
-8.3710106812381557
-8.3710106812381557
-6.1737861039019366
-6.7615727688040561
-8.3710106812381557
-8.3710106812381557
-8.3710106812381557
-6.1737861039019366
-7.2723983925700466
-6.1737861039019366
-8.3710106812381557
-8.3710106812381557
-8.3710106812381557
-8.3710106812381557
-8.3710106812381557
-8.3710106812381557
-8.3710106812381557
-8.3710106812381557
-8.3710106812381557
-6.7615727688040561
-8.3710106812381557
-8.3710106812381557
-7.2723983925700466
-8.3710106812381557
-8.3710106812381557
-8.3710106812381557
-7.2723983925700466
-7.2723983925700466
-8.3710106812381557
-8.3710106812381557
-8.3710106812381557
-8.3710106812381557
-8.3710106812381557
-8.3710106812381557
-6.1737861039019366
-8.3710106812381557
-8.3710106812381557
-8.3710106812381557
-8.3710106812381557
-6.1737861039019366
-8.3710106812381557
-6.1737861039019366
-8.3710106812381557
-8.3710106812381557
-6.4251005321828432
-6.4251005321828432
-8.3710106812381557
-8.3710106812381557
-8.3710106812381557
-8.3710106812381557
-8.3710106812381557
-8.3710106812381557
-6.4251005321828432
-8.3710106812381557
-7.2723983925700466
-8.3710106812381557
-8.3710106812381557
-8.3710106812381557
-8.3710106812381557
-7.2723983925700466
-8.3710106812381557
-6.7615727688040561
-6.4251005321828432
-8.3710106812381557
-8.3710106812381557
-6.4251005321828432
-8.3710106812381557
-8.3710106812381557
-7.2723983925700466
-8.3710106812381557
-8.3710106812381557
-8.3710106812381557
-8.3710106812381557
-8.3710106812381557
-7.2723983925700466
-8.3710106812381557
-8.3710106812381557
-8.3710106812381557
-8.3710106812381557
-8.3710106812381557
-6.7615727688040561
-8.3710106812381557
-8.3710106812381557
-8.3710106812381557
-8.3710106812381557
-7.2723983925700466
-8.3710106812381557
-8.3710106812381557
-6.4251005321828432
-8.3710106812381557
-8.3710106812381557
-8.3710106812381557
-8.3710106812381557
-8.3710106812381557
-6.7615727688040561
-8.3710106812381557
-8.3710106812381557
-7.2723983925700466
-8.3710106812381557
-8.3710106812381557
-8.3710106812381557
-8.3710106812381557
-8.3710106812381557
-7.2723983925700466
-8.3710106812381557
-8.3710106812381557
-6.4251005321828432
-7.2723983925700466
-8.3710106812381557
-7.2723983925700466
-8.3710106812381557
-7.2723983925700466
-7.2723983925700466
-8.3710106812381557
-8.3710106812381557
-8.3710106812381557
-7.2723983925700466
-8.3710106812381557
-8.3710106812381557
-8.3710106812381557
-8.3710106812381557
-7.2723983925700466
-7.2723983925700466
-6.1737861039019366
-8.3710106812381557
-8.3710106812381557
-8.3710106812381557
-8.3710106812381557
-8.3710106812381557
-8.3710106812381557
-6.7615727688040561
-8.3710106812381557
-8.3710106812381557
-6.4251005321828432
-8.3710106812381557
-8.3710106812381557
-8.3710106812381557
-8.3710106812381557
-8.3710106812381557
-8.3710106812381557
-8.3710106812381557
-8.3710106812381557
-8.3710106812381557
-8.3710106812381557
-8.3710106812381557
-8.3710106812381557
-6.4251005321828432
-8.3710106812381557
-8.3710106812381557
-8.3710106812381557
-6.7615727688040561
-8.3710106812381557
-7.2723983925700466
-6.7615727688040561
-8.3710106812381557
-6.7615727688040561
-6.4251005321828432
-7.2723983925700466
-6.7615727688040561
-8.3710106812381557
-8.3710106812381557
-8.3710106812381557
-8.3710106812381557
-8.3710106812381557
-8.3710106812381557
-8.3710106812381557
-6.7615727688040561
-8.3710106812381557
-6.4251005321828432
-7.2723983925700466
-8.3710106812381557
-6.7615727688040561
-8.3710106812381557
-8.3710106812381557
-8.3710106812381557
-8.3710106812381557
-8.3710106812381557
-7.2723983925700466
-8.3710106812381557
-8.3710106812381557
-7.2723983925700466
-8.3710106812381557
-8.3710106812381557
-8.3710106812381557
-8.3710106812381557
-6.1737861039019366
-6.4251005321828432
-8.3710106812381557
-8.3710106812381557
-6.4251005321828432
-6.4251005321828432
-6.4251005321828432
-6.4251005321828432
-8.3710106812381557
-8.3710106812381557
-8.3710106812381557
-8.3710106812381557
-8.3710106812381557
-8.3710106812381557
-8.3710106812381557
-8.3710106812381557
-7.2723983925700466
-8.3710106812381557
-8.3710106812381557
-8.3710106812381557
-8.3710106812381557
-7.2723983925700466
-6.7615727688040561
-6.7615727688040561
-6.7615727688040561
-6.7615727688040561
-6.7615727688040561
-6.7615727688040561
-6.7615727688040561
-6.7615727688040561
-6.7615727688040561
-6.7615727688040561
-6.7615727688040561
-7.2723983925700466
-6.7615727688040561
-6.7615727688040561
-6.7615727688040561
-6.7615727688040561
-7.2723983925700466
-6.7615727688040561
-6.7615727688040561
-6.7615727688040561
-7.2723983925700466
-6.7615727688040561
-8.3710106812381557
-6.7615727688040561
-6.7615727688040561
-6.7615727688040561
-6.7615727688040561
-6.7615727688040561
-8.3710106812381557
-8.3710106812381557
-8.3710106812381557
-7.2723983925700466
-8.3710106812381557
-8.3710106812381557
-8.3710106812381557
-8.3710106812381557
-8.3710106812381557
-8.3710106812381557
-8.3710106812381557
-7.2723983925700466
-8.3710106812381557
-8.3710106812381557
-8.3710106812381557
-7.2723983925700466
-6.7615727688040561
-8.3710106812381557
-8.3710106812381557
-8.3710106812381557
-8.3710106812381557
-6.4251005321828432
-8.3710106812381557
-6.7615727688040561
-8.3710106812381557
-8.3710106812381557
-8.3710106812381557
-8.3710106812381557
-8.3710106812381557
-7.2723983925700466
-8.3710106812381557
-8.3710106812381557
-8.3710106812381557
-8.3710106812381557
-6.7615727688040561
-8.3710106812381557
-8.3710106812381557
-8.3710106812381557
-8.3710106812381557
-8.3710106812381557
-6.7615727688040561
-6.7615727688040561
-6.7615727688040561
-7.2723983925700466
-7.2723983925700466
-8.3710106812381557
-6.7615727688040561
-8.3710106812381557
-8.3710106812381557
-7.2723983925700466
-8.3710106812381557
-6.7615727688040561
-8.3710106812381557
-8.3710106812381557
-8.3710106812381557
-8.3710106812381557
-6.7615727688040561
-8.3710106812381557
-6.7615727688040561
-7.2723983925700466
-6.7615727688040561
-7.2723983925700466
-6.7615727688040561
-7.2723983925700466
-6.7615727688040561
-6.7615727688040561
-6.7615727688040561
-6.7615727688040561
-6.7615727688040561
-8.3710106812381557
-8.3710106812381557
-6.7615727688040561
-7.2723983925700466
-8.3710106812381557
-8.3710106812381557
-8.3710106812381557
-8.3710106812381557
-7.2723983925700466
-6.7615727688040561
-8.3710106812381557
-8.3710106812381557
-7.2723983925700466
-7.2723983925700466
-8.3710106812381557
-8.3710106812381557
-7.2723983925700466
-8.3710106812381557
-8.3710106812381557
-8.3710106812381557
-8.3710106812381557
-7.2723983925700466
-7.2723983925700466
-6.7615727688040561
-6.4251005321828432
-8.3710106812381557
-8.3710106812381557
-8.3710106812381557
-8.3710106812381557
-6.4251005321828432
-8.3710106812381557
-7.2723983925700466
-6.7615727688040561
-8.3710106812381557
-8.3710106812381557
-6.7615727688040561
-8.3710106812381557
-8.3710106812381557
-8.3710106812381557
-7.2723983925700466
-8.3710106812381557
-7.2723983925700466
-6.7615727688040561
-8.3710106812381557
-8.3710106812381557
-8.3710106812381557
-8.3710106812381557
-8.3710106812381557
-7.2723983925700466
-8.3710106812381557
-8.3710106812381557
-8.3710106812381557
-6.7615727688040561
-8.3710106812381557
-8.3710106812381557
-7.2723983925700466
-6.7615727688040561
-8.3710106812381557
-8.3710106812381557
-8.3710106812381557
-8.3710106812381557
-8.3710106812381557
-6.7615727688040561
-8.3710106812381557
-8.3710106812381557
-8.3710106812381557
-8.3710106812381557
-8.3710106812381557
-7.2723983925700466
-8.3710106812381557
-8.3710106812381557
-8.3710106812381557
-8.3710106812381557
-8.3710106812381557
-7.2723983925700466
-8.3710106812381557
-8.3710106812381557
-8.3710106812381557
-8.3710106812381557
-8.3710106812381557
-8.3710106812381557
-8.3710106812381557
-8.3710106812381557
-8.3710106812381557
-8.3710106812381557
-8.3710106812381557
-8.3710106812381557
-8.3710106812381557
-8.3710106812381557
-8.3710106812381557
-8.3710106812381557
-6.7615727688040561
-8.3710106812381557
-8.3710106812381557
-8.3710106812381557
-8.3710106812381557
-8.3710106812381557
-6.7615727688040561
-8.3710106812381557
-8.3710106812381557
-8.3710106812381557
-8.3710106812381557
-8.3710106812381557
-6.7615727688040561
-8.3710106812381557
-7.2723983925700466
-8.3710106812381557
-8.3710106812381557
-7.2723983925700466
-8.3710106812381557
-6.7615727688040561
-6.7615727688040561
-8.3710106812381557
-8.3710106812381557
-8.3710106812381557
-8.3710106812381557
-8.3710106812381557
-8.3710106812381557
-8.3710106812381557
-8.3710106812381557
-8.3710106812381557
-7.2723983925700466
-6.7615727688040561
-7.2723983925700466
-8.3710106812381557
-8.3710106812381557
-8.3710106812381557
-7.2723983925700466
-8.3710106812381557
-8.3710106812381557
-8.3710106812381557
-8.3710106812381557
-8.3710106812381557
-8.3710106812381557
-7.2723983925700466
-8.3710106812381557
-6.7615727688040561
-6.7615727688040561
-7.2723983925700466
-8.3710106812381557
-8.3710106812381557
-8.3710106812381557
-8.3710106812381557
-8.3710106812381557
-8.3710106812381557
-7.2723983925700466
-8.3710106812381557
-7.2723983925700466
-8.3710106812381557
-8.3710106812381557
-8.3710106812381557
-6.7615727688040561
-8.3710106812381557
-8.3710106812381557
-8.3710106812381557
-8.3710106812381557
-7.2723983925700466
-8.3710106812381557
-6.7615727688040561
-6.7615727688040561
-8.3710106812381557
-7.2723983925700466
-8.3710106812381557
-6.7615727688040561
-8.3710106812381557
-7.2723983925700466
-8.3710106812381557
-6.7615727688040561
-8.3710106812381557
-8.3710106812381557
-7.2723983925700466
-6.7615727688040561
-7.2723983925700466
-8.3710106812381557
-8.3710106812381557
-8.3710106812381557
-6.7615727688040561
-7.2723983925700466
-8.3710106812381557
-8.3710106812381557
-8.3710106812381557
-8.3710106812381557
-8.3710106812381557
-6.7615727688040561
-8.3710106812381557
-8.3710106812381557
-8.3710106812381557
-8.3710106812381557
-6.7615727688040561
-8.3710106812381557
-8.3710106812381557
-6.7615727688040561
-8.3710106812381557
-8.3710106812381557
-8.3710106812381557
-8.3710106812381557
-8.3710106812381557
-6.7615727688040561
-8.3710106812381557
-8.3710106812381557
-8.3710106812381557
-8.3710106812381557
-8.3710106812381557
-6.7615727688040561
-6.7615727688040561
-8.3710106812381557
-8.3710106812381557
-6.7615727688040561
-8.3710106812381557
-8.3710106812381557
-7.2723983925700466
-8.3710106812381557
-8.3710106812381557
-8.3710106812381557
-7.2723983925700466
-8.3710106812381557
-8.3710106812381557
-8.3710106812381557
-8.3710106812381557
-8.3710106812381557
-8.3710106812381557
-7.2723983925700466
