MLCPP_ARCHIVE_V1
"RandomForest"
40
0
3
2
40
"DecisionTree"
1
0
3
2
0
5
2
13
0
2
0.30917241326880462
1
8
0
2
0.61894273127753308
0.38105726872246698
454
0
5
0.3593364334931004
2
5
0
2
0.86477987421383651
0.13522012578616352
318
0
23
0.021838459538401137
3
4
0
2
0.93869731800766287
0.061302681992337162
261
1
-1
0
0
0
0
2
0.96456692913385822
0.035433070866141732
254
1
-1
0
0
0
1
2
0
1
7
0
6
0.58308969441256076
6
7
0
2
0.52631578947368418
0.47368421052631576
57
1
-1
0
0
0
0
2
0.76470588235294112
0.23529411764705882
34
1
-1
0
0
0
1
2
0.17391304347826086
0.82608695652173914
23
0
11
-1.2751868580434578
9
10
1
2
0.044117647058823532
0.95588235294117652
136
1
-1
0
0
0
0
2
1
0
2
0
8
-1.1387599659827543
11
12
1
2
0.029850746268656716
0.97014925373134331
134
1
-1
0
0
0
1
2
0.25
0.75
12
1
-1
0
0
0
1
2
0.0081967213114754103
0.99180327868852458
122
"DecisionTree"
1
0
3
2
0
5
2
15
0
26
-0.14977932724063869
1
8
0
2
0.59911894273127753
0.40088105726872247
454
0
20
0.1678296617595777
2
5
0
2
0.9570815450643777
0.042918454935622317
233
0
21
1.1805394479598728
3
4
0
2
0.99082568807339455
0.0091743119266055051
218
1
-1
0
0
0
0
2
1
0
200
1
-1
0
0
0
0
2
0.88888888888888884
0.1111111111111111
18
0
28
-0.77628009083411098
6
7
1
2
0.46666666666666667
0.53333333333333333
15
1
-1
0
0
0
0
2
1
0
6
1
-1
0
0
0
1
2
0.1111111111111111
0.88888888888888884
9
0
21
-0.39730366094914971
9
12
1
2
0.22171945701357465
0.77828054298642535
221
0
20
0.010582870674056503
10
11
0
2
0.62222222222222223
0.37777777777777777
45
1
-1
0
0
0
0
2
1
0
26
1
-1
0
0
0
1
2
0.10526315789473684
0.89473684210526316
19
0
23
-0.28535137639606489
13
14
1
2
0.11931818181818182
0.88068181818181823
176
1
-1
0
0
0
0
2
0.80000000000000004
0.20000000000000001
20
1
-1
0
0
0
1
2
0.032051282051282048
0.96794871794871795
156
"DecisionTree"
1
0
3
2
0
5
2
15
0
23
0.0053559860301249105
1
8
0
2
0.62995594713656389
0.37004405286343611
454
0
22
-0.048229492647751462
2
5
0
2
0.92156862745098034
0.078431372549019607
306
0
24
1.9980750829474911
3
4
0
2
0.97435897435897434
0.02564102564102564
273
1
-1
0
0
0
0
2
0.98872180451127822
0.011278195488721804
266
1
-1
0
0
0
1
2
0.42857142857142855
0.5714285714285714
7
0
29
0.47220759276495872
6
7
1
2
0.48484848484848486
0.51515151515151514
33
1
-1
0
0
0
0
2
0.72222222222222221
0.27777777777777779
18
1
-1
0
0
0
1
2
0.20000000000000001
0.80000000000000004
15
0
12
-0.43161771450593456
9
12
1
2
0.027027027027027029
0.97297297297297303
148
0
20
0.29153047074685429
10
11
1
2
0.375
0.625
8
1
-1
0
0
0
0
2
1
0
3
1
-1
0
0
0
1
2
0
1
5
0
27
-0.43952408840344581
13
14
1
2
0.0071428571428571426
0.99285714285714288
140
1
-1
0
0
0
0
2
0.5
0.5
2
1
-1
0
0
0
1
2
0
1
138
"DecisionTree"
1
0
3
2
0
5
2
13
0
27
0.39309168626500113
1
8
0
2
0.67400881057268724
0.32599118942731276
454
0
9
-1.3452098085052244
2
5
0
2
0.9358974358974359
0.064102564102564097
312
0
18
-0.83612241786908637
3
4
1
2
0.18181818181818182
0.81818181818181823
11
1
-1
0
0
0
0
2
1
0
2
1
-1
0
0
0
1
2
0
1
9
0
23
0.14482306956169272
6
7
0
2
0.96345514950166111
0.036544850498338874
301
1
-1
0
0
0
0
2
0.98305084745762716
0.016949152542372881
295
1
-1
0
0
0
1
2
0
1
6
0
22
-0.28715200415386344
9
10
1
2
0.098591549295774641
0.90140845070422537
142
1
-1
0
0
0
0
2
1
0
11
0
0
0.28055900138741596
11
12
1
2
0.022900763358778626
0.97709923664122134
131
1
-1
0
0
0
1
2
0.10344827586206896
0.89655172413793105
29
1
-1
0
0
0
1
2
0
1
102
"DecisionTree"
1
0
3
2
0
5
2
11
0
27
0.45081601895138818
1
8
0
2
0.62114537444933926
0.3788546255506608
454
0
0
0.22927913041110476
2
5
0
2
0.89743589743589747
0.10256410256410256
312
0
2
-0.037628161643183389
3
4
0
2
0.96762589928057552
0.03237410071942446
278
1
-1
0
0
0
0
2
0.99196787148594379
0.0080321285140562242
249
1
-1
0
0
0
0
2
0.75862068965517238
0.2413793103448276
29
0
5
0.44592731371011318
6
7
1
2
0.3235294117647059
0.67647058823529416
34
1
-1
0
0
0
1
2
0.14814814814814814
0.85185185185185186
27
1
-1
0
0
0
0
2
1
0
7
0
20
-0.70226924891363951
9
10
1
2
0.014084507042253521
0.9859154929577465
142
1
-1
0
0
0
0
2
1
0
2
1
-1
0
0
0
1
2
0
1
140
"DecisionTree"
1
0
3
2
0
5
2
11
0
20
0.29467540656856483
1
8
0
2
0.57929515418502198
0.42070484581497797
454
0
29
1.0078787469079633
2
5
0
2
0.85620915032679734
0.1437908496732026
306
0
25
1.0374897468777808
3
4
0
2
0.9498069498069498
0.05019305019305019
259
1
-1
0
0
0
0
2
0.96078431372549022
0.039215686274509803
255
1
-1
0
0
0
1
2
0.25
0.75
4
0
20
-0.34898812494150189
6
7
1
2
0.34042553191489361
0.65957446808510634
47
1
-1
0
0
0
0
2
0.7142857142857143
0.2857142857142857
21
1
-1
0
0
0
1
2
0.038461538461538464
0.96153846153846156
26
0
16
-0.65940282713838849
9
10
1
2
0.0067567567567567571
0.9932432432432432
148
1
-1
0
0
0
0
2
0.5
0.5
2
1
-1
0
0
0
1
2
0
1
146
"DecisionTree"
1
0
3
2
0
5
2
15
0
12
0.014167968435047397
1
8
0
2
0.58810572687224671
0.41189427312775329
454
0
7
-0.1335433577094593
2
5
0
2
0.78476821192052981
0.21523178807947019
302
0
9
-1.3452098085052244
3
4
0
2
0.98104265402843605
0.018957345971563982
211
1
-1
0
0
0
0
2
0.66666666666666663
0.33333333333333331
6
1
-1
0
0
0
0
2
0.99024390243902438
0.0097560975609756097
205
0
21
-0.8562978986634816
6
7
1
2
0.32967032967032966
0.67032967032967028
91
1
-1
0
0
0
0
2
1
0
17
1
-1
0
0
0
1
2
0.17567567567567569
0.82432432432432434
74
0
20
-0.081668580096116189
9
12
1
2
0.19736842105263158
0.80263157894736847
152
0
29
-1.1436008809173002
10
11
0
2
0.96296296296296291
0.037037037037037035
27
1
-1
0
0
0
0
2
0.66666666666666663
0.33333333333333331
3
1
-1
0
0
0
0
2
1
0
24
0
24
-1.3236054584466115
13
14
1
2
0.032000000000000001
0.96799999999999997
125
1
-1
0
0
0
0
2
1
0
2
1
-1
0
0
0
1
2
0.016260162601626018
0.98373983739837401
123
"DecisionTree"
1
0
3
2
0
5
2
15
0
22
0.031915400452399982
1
8
0
2
0.62995594713656389
0.37004405286343611
454
0
6
0.08197105376952199
2
5
0
2
0.94117647058823528
0.058823529411764705
289
0
17
1.1681334192008119
3
4
0
2
0.98054474708171202
0.019455252918287938
257
1
-1
0
0
0
0
2
0.98814229249011853
0.011857707509881422
253
1
-1
0
0
0
0
2
0.5
0.5
4
0
20
-0.26617148163646082
6
7
0
2
0.625
0.375
32
1
-1
0
0
0
0
2
0.93333333333333335
0.066666666666666666
15
1
-1
0
0
0
1
2
0.35294117647058826
0.6470588235294118
17
0
12
-0.26671325455622169
9
12
1
2
0.084848484848484854
0.91515151515151516
165
0
11
0.12150392707525165
10
11
1
2
0.39285714285714285
0.6071428571428571
28
1
-1
0
0
0
1
2
0.19047619047619047
0.80952380952380953
21
1
-1
0
0
0
0
2
1
0
7
0
6
-0.41082768873869246
13
14
1
2
0.021897810218978103
0.97810218978102192
137
1
-1
0
0
0
1
2
0.2857142857142857
0.7142857142857143
7
1
-1
0
0
0
1
2
0.0076923076923076927
0.99230769230769234
130
"DecisionTree"
1
0
3
2
0
5
2
13
0
2
0.16917003448799617
1
8
0
2
0.59911894273127753
0.40088105726872247
454
0
22
-0.079985016328943698
2
5
0
2
0.88813559322033897
0.11186440677966102
295
0
3
0.01519022180124578
3
4
0
2
0.96138996138996136
0.038610038610038609
259
1
-1
0
0
0
0
2
0.97628458498023718
0.023715415019762844
253
1
-1
0
0
0
1
2
0.33333333333333331
0.66666666666666663
6
0
14
-0.69377292550870062
6
7
1
2
0.3611111111111111
0.63888888888888884
36
1
-1
0
0
0
0
2
0.84615384615384615
0.15384615384615385
13
1
-1
0
0
0
1
2
0.086956521739130432
0.91304347826086951
23
0
22
0.29805693225667673
9
12
1
2
0.062893081761006289
0.93710691823899372
159
0
9
0.32524089500015751
10
11
0
2
0.76923076923076927
0.23076923076923078
13
1
-1
0
0
0
0
2
0.90909090909090906
0.090909090909090912
11
1
-1
0
0
0
1
2
0
1
2
1
-1
0
0
0
1
2
0
1
146
"DecisionTree"
1
0
3
2
0
5
2
13
0
27
0.29072720296780796
1
8
0
2
0.57268722466960353
0.42731277533039647
454
0
23
0.037505865675388994
2
5
0
2
0.91760299625468167
0.082397003745318345
267
0
3
0.1083301499006101
3
4
0
2
0.99586776859504134
0.0041322314049586778
242
1
-1
0
0
0
0
2
1
0
239
1
-1
0
0
0
0
2
0.66666666666666663
0.33333333333333331
3
0
1
-0.20086385762984171
6
7
1
2
0.16
0.83999999999999997
25
1
-1
0
0
0
0
2
0.80000000000000004
0.20000000000000001
5
1
-1
0
0
0
1
2
0
1
20
0
2
-0.81891174662677979
9
10
1
2
0.080213903743315509
0.9197860962566845
187
1
-1
0
0
0
0
2
1
0
5
0
27
0.50623137833031961
11
12
1
2
0.054945054945054944
0.94505494505494503
182
1
-1
0
0
0
1
2
0.34615384615384615
0.65384615384615385
26
1
-1
0
0
0
1
2
0.00641025641025641
0.99358974358974361
156
"DecisionTree"
1
0
3
2
0
5
2
13
0
23
-0.0011645529401819871
1
8
0
2
0.66740088105726869
0.33259911894273125
454
0
27
0.61321380824242366
2
5
0
2
0.939873417721519
0.060126582278481014
316
0
25
1.0374897468777808
3
4
0
2
0.98338870431893688
0.016611295681063124
301
1
-1
0
0
0
0
2
0.98989898989898994
0.010101010101010102
297
1
-1
0
0
0
0
2
0.5
0.5
4
0
8
1.9782153180928976
6
7
1
2
0.066666666666666666
0.93333333333333335
15
1
-1
0
0
0
1
2
0
1
13
1
-1
0
0
0
0
2
0.5
0.5
2
0
6
-0.23412298656175179
9
12
1
2
0.043478260869565216
0.95652173913043481
138
0
4
-0.57152185648664666
10
11
0
2
0.66666666666666663
0.33333333333333331
9
1
-1
0
0
0
1
2
0.25
0.75
4
1
-1
0
0
0
0
2
1
0
5
1
-1
0
0
0
1
2
0
1
129
"DecisionTree"
1
0
3
2
0
5
2
15
0
22
0.080304769871359413
1
8
0
2
0.62334801762114533
0.37665198237885461
454
0
24
1.2919959304319
2
5
0
2
0.93537414965986398
0.064625850340136057
294
0
6
-0.11124926709296545
3
4
0
2
0.96750902527075811
0.032490974729241874
277
1
-1
0
0
0
0
2
0.99590163934426235
0.0040983606557377051
244
1
-1
0
0
0
0
2
0.75757575757575757
0.24242424242424243
33
0
22
-0.53363535463168776
6
7
1
2
0.41176470588235292
0.58823529411764708
17
1
-1
0
0
0
0
2
1
0
7
1
-1
0
0
0
1
2
0
1
10
0
23
0.0053559860301249105
9
12
1
2
0.050000000000000003
0.94999999999999996
160
0
16
0.14744822976401656
10
11
0
2
0.55555555555555558
0.44444444444444442
9
1
-1
0
0
0
0
2
0.83333333333333337
0.16666666666666666
6
1
-1
0
0
0
1
2
0
1
3
0
7
0.0047508274471694048
13
14
1
2
0.019867549668874173
0.98013245033112584
151
1
-1
0
0
0
1
2
0.2857142857142857
0.7142857142857143
7
1
-1
0
0
0
1
2
0.0069444444444444441
0.99305555555555558
144
"DecisionTree"
1
0
3
2
0
5
2
13
0
6
0.071726403081118911
1
6
0
2
0.65638766519823788
0.34361233480176212
454
0
22
0.39029916771156803
2
5
0
2
0.95486111111111116
0.045138888888888888
288
0
10
0.17633642739116467
3
4
0
2
0.98920863309352514
0.010791366906474821
278
1
-1
0
0
0
0
2
0.99630996309963105
0.0036900369003690036
271
1
-1
0
0
0
0
2
0.7142857142857143
0.2857142857142857
7
1
-1
0
0
0
1
2
0
1
10
0
10
0.033357274018769138
7
10
1
2
0.13855421686746988
0.86144578313253017
166
0
11
-0.29648971871841528
8
9
1
2
0.39215686274509803
0.60784313725490191
51
1
-1
0
0
0
1
2
0.11538461538461539
0.88461538461538458
26
1
-1
0
0
0
0
2
0.68000000000000005
0.32000000000000001
25
0
21
-1.225751959951995
11
12
1
2
0.026086956521739129
0.97391304347826091
115
1
-1
0
0
0
0
2
0.66666666666666663
0.33333333333333331
3
1
-1
0
0
0
1
2
0.0089285714285714281
0.9910714285714286
112
"DecisionTree"
1
0
3
2
0
5
2
13
0
6
-0.0054499654381844819
1
6
0
2
0.65198237885462551
0.34801762114537443
454
0
22
0.2617649051924571
2
5
0
2
0.92553191489361697
0.074468085106382975
282
0
0
0.25207018417835425
3
4
0
2
0.96666666666666667
0.033333333333333333
270
1
-1
0
0
0
0
2
0.97692307692307689
0.023076923076923078
260
1
-1
0
0
0
0
2
0.69999999999999996
0.29999999999999999
10
1
-1
0
0
0
1
2
0
1
12
0
10
-0.44323990388921608
7
10
1
2
0.20348837209302326
0.79651162790697672
172
0
2
0.28663140989050601
8
9
0
2
0.59999999999999998
0.40000000000000002
30
1
-1
0
0
0
0
2
0.78260869565217395
0.21739130434782608
23
1
-1
0
0
0
1
2
0
1
7
0
26
-0.25180844623142279
11
12
1
2
0.11971830985915492
0.88028169014084512
142
1
-1
0
0
0
0
2
1
0
7
1
-1
0
0
0
1
2
0.07407407407407407
0.92592592592592593
135
"DecisionTree"
1
0
3
2
0
5
2
15
0
7
-0.017206745126445697
1
8
0
2
0.60572687224669608
0.39427312775330398
454
0
22
0.25269189842640227
2
5
0
2
0.96525096525096521
0.034749034749034749
259
0
28
-1.9271143271707656
3
4
0
2
0.98031496062992129
0.01968503937007874
254
1
-1
0
0
0
0
2
0.5
0.5
2
1
-1
0
0
0
0
2
0.98412698412698407
0.015873015873015872
252
0
8
-1.0218509103192133
6
7
1
2
0.20000000000000001
0.80000000000000004
5
1
-1
0
0
0
0
2
0.5
0.5
2
1
-1
0
0
0
1
2
0
1
3
0
10
-0.61182447427078557
9
12
1
2
0.12820512820512819
0.87179487179487181
195
0
24
0.95005822764133052
10
11
0
2
0.69230769230769229
0.30769230769230771
13
1
-1
0
0
0
0
2
1
0
9
1
-1
0
0
0
1
2
0
1
4
0
21
-0.8562978986634816
13
14
1
2
0.087912087912087919
0.91208791208791207
182
1
-1
0
0
0
0
2
0.61111111111111116
0.3888888888888889
18
1
-1
0
0
0
1
2
0.03048780487804878
0.96951219512195119
164
"DecisionTree"
1
0
3
2
0
5
2
15
0
22
-0.045205157059066463
1
8
0
2
0.62995594713656389
0.37004405286343611
454
0
27
0.69402787400336541
2
5
0
2
0.96376811594202894
0.036231884057971016
276
0
29
-1.4860566315905601
3
4
0
2
0.9887640449438202
0.011235955056179775
267
1
-1
0
0
0
0
2
0.5
0.5
2
1
-1
0
0
0
0
2
0.99245283018867925
0.0075471698113207548
265
0
23
-0.84258576923355588
6
7
1
2
0.22222222222222221
0.77777777777777779
9
1
-1
0
0
0
0
2
1
0
2
1
-1
0
0
0
1
2
0
1
7
0
6
-0.0054499654381844819
9
12
1
2
0.11235955056179775
0.88764044943820219
178
0
23
0.082425134137504227
10
11
0
2
0.55882352941176472
0.44117647058823528
34
1
-1
0
0
0
0
2
1
0
17
1
-1
0
0
0
1
2
0.11764705882352941
0.88235294117647056
17
0
15
2.2065815675033789
13
14
1
2
0.0069444444444444441
0.99305555555555558
144
1
-1
0
0
0
1
2
0
1
134
1
-1
0
0
0
1
2
0.10000000000000001
0.90000000000000002
10
"DecisionTree"
1
0
3
2
0
5
2
13
0
27
0.42079936595446682
1
8
0
2
0.62114537444933926
0.3788546255506608
454
0
3
0.38560385290609123
2
5
0
2
0.9102990033222591
0.089700996677740868
301
0
20
-0.11206962637265019
3
4
0
2
0.97122302158273377
0.028776978417266189
278
1
-1
0
0
0
0
2
1
0
246
1
-1
0
0
0
0
2
0.75
0.25
32
0
6
-0.33445847451605115
6
7
1
2
0.17391304347826086
0.82608695652173914
23
1
-1
0
0
0
0
2
0.5714285714285714
0.42857142857142855
7
1
-1
0
0
0
1
2
0
1
16
0
16
-0.54203113810599624
9
10
1
2
0.052287581699346407
0.94771241830065356
153
1
-1
0
0
0
0
2
1
0
3
0
23
-0.35345478341927183
11
12
1
2
0.033333333333333333
0.96666666666666667
150
1
-1
0
0
0
0
2
0.55555555555555558
0.44444444444444442
9
1
-1
0
0
0
1
2
0
1
141
"DecisionTree"
1
0
3
2
0
5
2
15
0
6
-0.05605233095969063
1
8
0
2
0.67841409691629961
0.32158590308370044
454
0
20
0.32088320508281837
2
5
0
2
0.93046357615894038
0.069536423841059597
302
0
25
0.54515051051393315
3
4
0
2
0.98233215547703179
0.017667844522968199
283
1
-1
0
0
0
0
2
0.9926739926739927
0.007326007326007326
273
1
-1
0
0
0
0
2
0.69999999999999996
0.29999999999999999
10
0
1
-0.11895061622303142
6
7
1
2
0.15789473684210525
0.84210526315789469
19
1
-1
0
0
0
0
2
1
0
3
1
-1
0
0
0
1
2
0
1
16
0
20
-0.23996368312220728
9
12
1
2
0.17763157894736842
0.82236842105263153
152
0
7
0.52004754521276941
10
11
0
2
0.91666666666666663
0.083333333333333329
24
1
-1
0
0
0
0
2
1
0
22
1
-1
0
0
0
1
2
0
1
2
0
7
-0.11659365256491433
13
14
1
2
0.0390625
0.9609375
128
1
-1
0
0
0
0
2
1
0
2
1
-1
0
0
0
1
2
0.023809523809523808
0.97619047619047616
126
"DecisionTree"
1
0
3
2
0
5
2
15
0
2
0.037646381748565987
1
8
0
2
0.59911894273127753
0.40088105726872247
454
0
6
0.20496895082241004
2
5
0
2
0.92647058823529416
0.073529411764705885
272
0
7
-0.13495583313817136
3
4
0
2
0.97975708502024295
0.020242914979757085
247
1
-1
0
0
0
0
2
0.99115044247787609
0.0088495575221238937
226
1
-1
0
0
0
0
2
0.8571428571428571
0.14285714285714285
21
0
24
1.3364034243008056
6
7
1
2
0.40000000000000002
0.59999999999999998
25
1
-1
0
0
0
0
2
0.83333333333333337
0.16666666666666666
12
1
-1
0
0
0
1
2
0
1
13
0
20
0.15629823041330621
9
12
1
2
0.10989010989010989
0.89010989010989006
182
0
14
-0.34743685421153792
10
11
0
2
0.61538461538461542
0.38461538461538464
26
1
-1
0
0
0
0
2
1
0
14
1
-1
0
0
0
1
2
0.16666666666666666
0.83333333333333337
12
0
26
-0.45090693537316107
13
14
1
2
0.02564102564102564
0.97435897435897434
156
1
-1
0
0
0
0
2
1
0
3
1
-1
0
0
0
1
2
0.0065359477124183009
0.99346405228758172
153
"DecisionTree"
1
0
3
2
0
5
2
15
0
20
0.10073769756308859
1
8
0
2
0.60792951541850215
0.39207048458149779
454
0
7
0.043658105165329655
2
5
0
2
0.89726027397260277
0.10273972602739725
292
0
18
-1.3489741664119332
3
4
0
2
0.97590361445783136
0.024096385542168676
249
1
-1
0
0
0
1
2
0
1
2
1
-1
0
0
0
0
2
0.98380566801619429
0.016194331983805668
247
0
21
-0.40053033397350313
6
7
1
2
0.44186046511627908
0.55813953488372092
43
1
-1
0
0
0
0
2
0.94999999999999996
0.050000000000000003
20
1
-1
0
0
0
1
2
0
1
23
0
6
-0.22778992977255713
9
12
1
2
0.086419753086419748
0.9135802469135802
162
0
8
-1.0991907471427869
10
11
0
2
0.54545454545454541
0.45454545454545453
22
1
-1
0
0
0
0
2
1
0
7
1
-1
0
0
0
1
2
0.33333333333333331
0.66666666666666663
15
0
1
-1.5183018235893764
13
14
1
2
0.014285714285714285
0.98571428571428577
140
1
-1
0
0
0
0
2
1
0
2
1
-1
0
0
0
1
2
0
1
138
"DecisionTree"
1
0
3
2
0
5
2
13
0
10
0.17110320347688088
1
8
0
2
0.58370044052863435
0.41629955947136565
454
0
26
0.41941089675887433
2
5
0
2
0.80063291139240511
0.19936708860759494
316
0
9
-1.110711020528993
3
4
0
2
0.92248062015503873
0.077519379844961239
258
1
-1
0
0
0
1
2
0.41666666666666669
0.58333333333333337
12
1
-1
0
0
0
0
2
0.94715447154471544
0.052845528455284556
246
0
21
-0.031076272684989914
6
7
1
2
0.25862068965517243
0.74137931034482762
58
1
-1
0
0
0
0
2
0.625
0.375
16
1
-1
0
0
0
1
2
0.11904761904761904
0.88095238095238093
42
0
0
-0.81056269771965184
9
10
1
2
0.086956521739130432
0.91304347826086951
138
1
-1
0
0
0
0
2
1
0
8
0
11
0.87048395762828101
11
12
1
2
0.030769230769230771
0.96923076923076923
130
1
-1
0
0
0
1
2
0.0090909090909090905
0.99090909090909096
110
1
-1
0
0
0
1
2
0.14999999999999999
0.84999999999999998
20
"DecisionTree"
1
0
3
2
0
5
2
11
0
22
0.29805693225667673
1
8
0
2
0.61674008810572689
0.38325991189427311
454
0
27
0.45312499225884362
2
5
0
2
0.90522875816993464
0.094771241830065356
306
0
3
-0.21959107161051622
3
4
0
2
0.95818815331010454
0.041811846689895474
287
1
-1
0
0
0
0
2
0.98684210526315785
0.013157894736842105
228
1
-1
0
0
0
0
2
0.84745762711864403
0.15254237288135594
59
0
23
-0.39565716064375933
6
7
1
2
0.10526315789473684
0.89473684210526316
19
1
-1
0
0
0
1
2
0.33333333333333331
0.66666666666666663
6
1
-1
0
0
0
1
2
0
1
13
0
24
-1.2920761377996886
9
10
1
2
0.020270270270270271
0.97972972972972971
148
1
-1
0
0
0
0
2
1
0
3
1
-1
0
0
0
1
2
0
1
145
"DecisionTree"
1
0
3
2
0
5
2
15
0
26
0.17189581179975
1
8
0
2
0.6277533039647577
0.3722466960352423
454
0
2
0.36500792622422318
2
5
0
2
0.9078498293515358
0.092150170648464161
293
0
3
0.1023211222812962
3
4
0
2
0.97397769516728627
0.026022304832713755
269
1
-1
0
0
0
0
2
0.98120300751879697
0.018796992481203006
266
1
-1
0
0
0
1
2
0.33333333333333331
0.66666666666666663
3
0
1
-0.72078540378140254
6
7
1
2
0.16666666666666666
0.83333333333333337
24
1
-1
0
0
0
0
2
1
0
4
1
-1
0
0
0
1
2
0
1
20
0
22
-0.3056004512448417
9
12
1
2
0.11801242236024845
0.88198757763975155
161
0
24
2.5509483816153606
10
11
0
2
0.75
0.25
20
1
-1
0
0
0
0
2
0.88235294117647056
0.11764705882352941
17
1
-1
0
0
0
1
2
0
1
3
0
11
-1.1853989525843458
13
14
1
2
0.028368794326241134
0.97163120567375882
141
1
-1
0
0
0
0
2
1
0
3
1
-1
0
0
0
1
2
0.007246376811594203
0.99275362318840576
138
"DecisionTree"
1
0
3
2
0
5
2
15
0
13
-0.21203737070766898
1
8
0
2
0.67400881057268724
0.32599118942731276
454
0
5
0.86936623345264996
2
5
0
2
0.92207792207792205
0.07792207792207792
308
0
20
0.31144839761768711
3
4
0
2
0.96907216494845361
0.030927835051546393
291
1
-1
0
0
0
0
2
0.98257839721254359
0.017421602787456445
287
1
-1
0
0
0
1
2
0
1
4
0
25
1.5447291404271413
6
7
1
2
0.11764705882352941
0.88235294117647056
17
1
-1
0
0
0
0
2
0.5
0.5
4
1
-1
0
0
0
1
2
0
1
13
0
4
-1.0666293087568242
9
12
1
2
0.15068493150684931
0.84931506849315064
146
0
10
0.6413457523460927
10
11
0
2
0.75
0.25
8
1
-1
0
0
0
0
2
1
0
6
1
-1
0
0
0
1
2
0
1
2
0
21
-0.6844775601166404
13
14
1
2
0.11594202898550725
0.88405797101449279
138
1
-1
0
0
0
0
2
0.54545454545454541
0.45454545454545453
22
1
-1
0
0
0
1
2
0.034482758620689655
0.96551724137931039
116
"DecisionTree"
1
0
3
2
0
5
2
13
0
27
0.39309168626500113
1
8
0
2
0.59911894273127753
0.40088105726872247
454
0
2
0.41505308968796867
2
5
0
2
0.90311418685121103
0.096885813148788927
289
0
27
-0.0063606959247973025
3
4
0
2
0.96654275092936803
0.033457249070631967
269
1
-1
0
0
0
0
2
0.99176954732510292
0.00823045267489712
243
1
-1
0
0
0
0
2
0.73076923076923073
0.26923076923076922
26
0
23
0.24163496066250173
6
7
1
2
0.050000000000000003
0.94999999999999996
20
1
-1
0
0
0
0
2
0.5
0.5
2
1
-1
0
0
0
1
2
0
1
18
0
22
-0.50339199874483809
9
10
1
2
0.066666666666666666
0.93333333333333335
165
1
-1
0
0
0
0
2
1
0
6
0
16
-0.54203113810599624
11
12
1
2
0.031446540880503145
0.96855345911949686
159
1
-1
0
0
0
0
2
1
0
3
1
-1
0
0
0
1
2
0.01282051282051282
0.98717948717948723
156
"DecisionTree"
1
0
3
2
0
5
2
13
0
27
0.4192600504161631
1
8
0
2
0.61453744493392071
0.38546255506607929
454
0
27
-0.063315370842032551
2
5
0
2
0.9152542372881356
0.084745762711864403
295
0
13
0.0058795560797183944
3
4
0
2
0.96108949416342415
0.038910505836575876
257
1
-1
0
0
0
0
2
0.9831223628691983
0.016877637130801686
237
1
-1
0
0
0
0
2
0.69999999999999996
0.29999999999999999
20
0
22
0.24815539504337469
6
7
0
2
0.60526315789473684
0.39473684210526316
38
1
-1
0
0
0
0
2
0.8214285714285714
0.17857142857142858
28
1
-1
0
0
0
1
2
0
1
10
0
0
-0.89745359020729032
9
10
1
2
0.056603773584905662
0.94339622641509435
159
1
-1
0
0
0
0
2
1
0
8
0
23
-0.018643219902255245
11
12
1
2
0.0066225165562913907
0.99337748344370858
151
1
-1
0
0
0
1
2
0.050000000000000003
0.94999999999999996
20
1
-1
0
0
0
1
2
0
1
131
"DecisionTree"
1
0
3
2
0
5
2
13
0
10
0.024572933876935724
1
8
0
2
0.56167400881057272
0.43832599118942733
454
0
27
0.50623137833031961
2
5
0
2
0.80487804878048785
0.1951219512195122
287
0
20
0.44668063795123525
3
4
0
2
0.95780590717299574
0.042194092827004218
237
1
-1
0
0
0
0
2
0.97844827586206895
0.021551724137931036
232
1
-1
0
0
0
1
2
0
1
5
0
9
0.18609552984558569
6
7
1
2
0.080000000000000002
0.92000000000000004
50
1
-1
0
0
0
1
2
0.33333333333333331
0.66666666666666663
9
1
-1
0
0
0
1
2
0.024390243902439025
0.97560975609756095
41
0
2
-0.62452144226347117
9
10
1
2
0.1437125748502994
0.85628742514970058
167
1
-1
0
0
0
0
2
1
0
18
0
6
-0.47651763072857412
11
12
1
2
0.040268456375838924
0.95973154362416102
149
1
-1
0
0
0
0
2
0.5
0.5
6
1
-1
0
0
0
1
2
0.02097902097902098
0.97902097902097907
143
"DecisionTree"
1
0
3
2
0
5
2
13
0
23
0.0053559860301249105
1
8
0
2
0.63215859030837007
0.36784140969162998
454
0
26
0.45365678160531808
2
5
0
2
0.93092105263157898
0.069078947368421059
304
0
23
-0.23092298860225169
3
4
0
2
0.98188405797101452
0.018115942028985508
276
1
-1
0
0
0
0
2
0.99591836734693873
0.0040816326530612249
245
1
-1
0
0
0
0
2
0.87096774193548387
0.12903225806451613
31
0
7
0.06754178059627948
6
7
1
2
0.42857142857142855
0.5714285714285714
28
1
-1
0
0
0
0
2
0.90909090909090906
0.090909090909090912
11
1
-1
0
0
0
1
2
0.11764705882352941
0.88235294117647056
17
0
13
-0.26836798576580145
9
12
1
2
0.026666666666666668
0.97333333333333338
150
0
21
-0.17788989529308918
10
11
1
2
0.36363636363636365
0.63636363636363635
11
1
-1
0
0
0
0
2
1
0
4
1
-1
0
0
0
1
2
0
1
7
1
-1
0
0
0
1
2
0
1
139
"DecisionTree"
1
0
3
2
0
5
2
15
0
3
0.1163421867263619
1
8
0
2
0.6277533039647577
0.3722466960352423
454
0
25
0.77245716374824014
2
5
0
2
0.87267080745341619
0.12732919254658384
322
0
27
0.28841822966035235
3
4
0
2
0.94755244755244761
0.052447552447552448
286
1
-1
0
0
0
0
2
0.98098859315589348
0.019011406844106463
263
1
-1
0
0
0
0
2
0.56521739130434778
0.43478260869565216
23
0
2
-0.67766857866918384
6
7
1
2
0.27777777777777779
0.72222222222222221
36
1
-1
0
0
0
0
2
1
0
7
1
-1
0
0
0
1
2
0.10344827586206896
0.89655172413793105
29
0
22
0.22698504592258012
9
12
1
2
0.030303030303030304
0.96969696969696972
132
0
21
-1.3499788713896175
10
11
0
2
0.75
0.25
4
1
-1
0
0
0
0
2
1
0
2
1
-1
0
0
0
0
2
0.5
0.5
2
0
8
-1.5794171757914874
13
14
1
2
0.0078125
0.9921875
128
1
-1
0
0
0
0
2
0.5
0.5
2
1
-1
0
0
0
1
2
0
1
126
"DecisionTree"
1
0
3
2
0
5
2
13
0
23
0.0053559860301249105
1
8
0
2
0.60792951541850215
0.39207048458149779
454
0
6
0.58308969441256076
2
5
0
2
0.91919191919191923
0.080808080808080815
297
0
27
0.30227206950508523
3
4
0
2
0.97435897435897434
0.02564102564102564
273
1
-1
0
0
0
0
2
0.99242424242424243
0.007575757575757576
264
1
-1
0
0
0
1
2
0.44444444444444442
0.55555555555555558
9
0
1
0.18594867123565184
6
7
1
2
0.29166666666666669
0.70833333333333337
24
1
-1
0
0
0
0
2
0.875
0.125
8
1
-1
0
0
0
1
2
0
1
16
0
19
-0.81290747105874694
9
12
1
2
0.019108280254777069
0.98089171974522293
157
0
21
-0.068989680721147639
10
11
0
2
0.59999999999999998
0.40000000000000002
5
1
-1
0
0
0
0
2
1
0
3
1
-1
0
0
0
1
2
0
1
2
1
-1
0
0
0
1
2
0
1
152
"DecisionTree"
1
0
3
2
0
5
2
15
0
20
0.10073769756308859
1
8
0
2
0.63436123348017626
0.3656387665198238
454
0
15
1.8295879210903094
2
5
0
2
0.92434210526315785
0.075657894736842105
304
0
25
0.89482866744202316
3
4
0
2
0.9508771929824561
0.04912280701754386
285
1
-1
0
0
0
0
2
0.98127340823970033
0.018726591760299626
267
1
-1
0
0
0
0
2
0.5
0.5
18
0
21
0.093957307008720986
6
7
0
2
0.52631578947368418
0.47368421052631576
19
1
-1
0
0
0
0
2
1
0
10
1
-1
0
0
0
1
2
0
1
9
0
16
-0.45289209859761181
9
12
1
2
0.046666666666666669
0.95333333333333337
150
0
21
0.0084504718633443554
10
11
1
2
0.375
0.625
16
1
-1
0
0
0
0
2
1
0
6
1
-1
0
0
0
1
2
0
1
10
0
3
0.25655283117701805
13
14
1
2
0.007462686567164179
0.9925373134328358
134
1
-1
0
0
0
1
2
0.037037037037037035
0.96296296296296291
27
1
-1
0
0
0
1
2
0
1
107
"DecisionTree"
1
0
3
2
0
5
2
13
0
0
0.24922130245744789
1
6
0
2
0.59691629955947134
0.40308370044052866
454
0
23
0.0053559860301249105
2
5
0
2
0.86092715231788075
0.13907284768211919
302
0
27
0.30227206950508545
3
4
0
2
0.91228070175438591
0.08771929824561403
285
1
-1
0
0
0
0
2
0.9919028340080972
0.0080971659919028341
247
1
-1
0
0
0
1
2
0.39473684210526316
0.60526315789473684
38
1
-1
0
0
0
1
2
0
1
17
0
22
0.27839875093022454
7
10
1
2
0.072368421052631582
0.92763157894736847
152
0
27
-0.33207986382985072
8
9
0
2
0.83333333333333337
0.16666666666666666
12
1
-1
0
0
0
1
2
0
1
2
1
-1
0
0
0
0
2
1
0
10
0
15
-0.90074578559280738
11
12
1
2
0.0071428571428571426
0.99285714285714288
140
1
-1
0
0
0
1
2
0.33333333333333331
0.66666666666666663
3
1
-1
0
0
0
1
2
0
1
137
"DecisionTree"
1
0
3
2
0
5
2
13
0
23
0.0053559860301249105
1
8
0
2
0.65198237885462551
0.34801762114537443
454
0
25
1.2191448546926456
2
5
0
2
0.95751633986928109
0.042483660130718956
306
0
26
0.63480570351719612
3
4
0
2
0.98648648648648651
0.013513513513513514
296
1
-1
0
0
0
0
2
1
0
270
1
-1
0
0
0
0
2
0.84615384615384615
0.15384615384615385
26
0
27
0.74251631345993041
6
7
1
2
0.10000000000000001
0.90000000000000002
10
1
-1
0
0
0
0
2
0.5
0.5
2
1
-1
0
0
0
1
2
0
1
8
0
1
-1.0302354268737974
9
12
1
2
0.020270270270270271
0.97972972972972971
148
0
1
-1.2736997832773729
10
11
0
2
0.75
0.25
4
1
-1
0
0
0
0
2
0.5
0.5
2
1
-1
0
0
0
0
2
1
0
2
1
-1
0
0
0
1
2
0
1
144
"DecisionTree"
1
0
3
2
0
5
2
13
0
23
0.0057182381951420514
1
6
0
2
0.6277533039647577
0.3722466960352423
454
0
2
0.31744434111405195
2
5
0
2
0.9427609427609428
0.057239057239057242
297
0
27
0.99419440397257797
3
4
0
2
0.94915254237288138
0.050847457627118647
295
1
-1
0
0
0
0
2
0.97560975609756095
0.024390243902439025
287
1
-1
0
0
0
1
2
0
1
8
1
-1
0
0
0
1
2
0
1
2
0
12
-0.5778830518239686
7
10
1
2
0.031847133757961783
0.96815286624203822
157
0
29
-0.64503368049892662
8
9
0
2
0.75
0.25
4
1
-1
0
0
0
0
2
1
0
2
1
-1
0
0
0
0
2
0.5
0.5
2
0
16
-0.45431959211287065
11
12
1
2
0.013071895424836602
0.98692810457516345
153
1
-1
0
0
0
1
2
0.33333333333333331
0.66666666666666663
6
1
-1
0
0
0
1
2
0
1
147
"DecisionTree"
1
0
3
2
0
5
2
15
0
22
0.15742532738282586
1
8
0
2
0.60792951541850215
0.39207048458149779
454
0
25
1.1135756559101848
2
5
0
2
0.92808219178082196
0.071917808219178078
292
0
20
0.15420160653216594
3
4
0
2
0.97435897435897434
0.02564102564102564
273
1
-1
0
0
0
0
2
0.98518518518518516
0.014814814814814815
270
1
-1
0
0
0
1
2
0
1
3
0
23
-0.38614804131206143
6
7
1
2
0.26315789473684209
0.73684210526315785
19
1
-1
0
0
0
0
2
0.83333333333333337
0.16666666666666666
6
1
-1
0
0
0
1
2
0
1
13
0
23
0.013144407577991698
9
12
1
2
0.030864197530864196
0.96913580246913578
162
0
6
0.31610788859357092
10
11
0
2
0.5714285714285714
0.42857142857142855
7
1
-1
0
0
0
0
2
1
0
4
1
-1
0
0
0
1
2
0
1
3
0
19
-0.81533627955465571
13
14
1
2
0.0064516129032258064
0.99354838709677418
155
1
-1
0
0
0
0
2
0.5
0.5
2
1
-1
0
0
0
1
2
0
1
153
"DecisionTree"
1
0
3
2
0
5
2
13
0
7
-0.026580445698807742
1
8
0
2
0.59911894273127753
0.40088105726872247
454
0
23
0.021838459538401137
2
5
0
2
0.96577946768060841
0.034220532319391636
263
0
6
-0.54531201232100213
3
4
0
2
0.99603174603174605
0.003968253968253968
252
1
-1
0
0
0
0
2
1
0
177
1
-1
0
0
0
0
2
0.98666666666666669
0.013333333333333334
75
0
7
-0.1236560297084747
6
7
1
2
0.27272727272727271
0.72727272727272729
11
1
-1
0
0
0
1
2
0
1
8
1
-1
0
0
0
0
2
1
0
3
0
1
-1.2111271683138369
9
10
1
2
0.094240837696335081
0.90575916230366493
191
1
-1
0
0
0
0
2
1
0
6
0
26
-0.24094423448703367
11
12
1
2
0.064864864864864868
0.93513513513513513
185
1
-1
0
0
0
0
2
0.7142857142857143
0.2857142857142857
7
1
-1
0
0
0
1
2
0.039325842696629212
0.9606741573033708
178
"DecisionTree"
1
0
3
2
0
5
2
15
0
20
0.20452057967953241
1
8
0
2
0.62555066079295152
0.37444933920704848
454
0
24
1.6117298862880172
2
5
0
2
0.91973244147157196
0.080267558528428096
299
0
22
-0.1056918688327657
3
4
0
2
0.95035460992907805
0.049645390070921988
282
1
-1
0
0
0
0
2
0.98795180722891562
0.012048192771084338
249
1
-1
0
0
0
0
2
0.66666666666666663
0.33333333333333331
33
0
26
0.6418910590026673
6
7
1
2
0.41176470588235292
0.58823529411764708
17
1
-1
0
0
0
0
2
1
0
7
1
-1
0
0
0
1
2
0
1
10
0
1
-1.0245470073316578
9
12
1
2
0.058064516129032261
0.9419354838709677
155
0
9
-0.56966863622238795
10
11
0
2
0.66666666666666663
0.33333333333333331
12
1
-1
0
0
0
0
2
1
0
8
1
-1
0
0
0
1
2
0
1
4
0
27
-0.31822602398511773
13
14
1
2
0.006993006993006993
0.99300699300699302
143
1
-1
0
0
0
1
2
0.25
0.75
4
1
-1
0
0
0
1
2
0
1
139
"DecisionTree"
1
0
3
2
0
5
2
13
0
22
0.069719595310962001
1
8
0
2
0.6035242290748899
0.3964757709251101
454
0
24
1.9980750829474911
2
5
0
2
0.94584837545126355
0.054151624548736461
277
0
27
0.69402787400336541
3
4
0
2
0.96654275092936803
0.033457249070631967
269
1
-1
0
0
0
0
2
0.97744360902255634
0.022556390977443608
266
1
-1
0
0
0
1
2
0
1
3
0
13
-0.43675282000207238
6
7
1
2
0.25
0.75
8
1
-1
0
0
0
0
2
1
0
2
1
-1
0
0
0
1
2
0
1
6
0
11
-1.28397728235414
9
10
1
2
0.067796610169491525
0.93220338983050843
177
1
-1
0
0
0
0
2
1
0
4
0
20
0.10073769756308859
11
12
1
2
0.046242774566473986
0.95375722543352603
173
1
-1
0
0
0
1
2
0.45454545454545453
0.54545454545454541
11
1
-1
0
0
0
1
2
0.018518518518518517
0.98148148148148151
162
"DecisionTree"
1
0
3
2
0
5
2
15
0
7
0.071522393168104409
1
8
0
2
0.58810572687224671
0.41189427312775329
454
0
13
-0.0001905533015458781
2
5
0
2
0.95634920634920639
0.043650793650793648
252
0
20
0.25798448864860973
3
4
0
2
0.98739495798319332
0.012605042016806723
238
1
-1
0
0
0
0
2
0.99148936170212765
0.0085106382978723406
235
1
-1
0
0
0
0
2
0.66666666666666663
0.33333333333333331
3
0
21
-0.25855672090193482
6
7
1
2
0.42857142857142855
0.5714285714285714
14
1
-1
0
0
0
0
2
1
0
6
1
-1
0
0
0
1
2
0
1
8
0
27
-0.11719141468266052
9
12
1
2
0.12871287128712872
0.87128712871287128
202
0
20
0.094447825919667855
10
11
0
2
0.8125
0.1875
16
1
-1
0
0
0
0
2
1
0
13
1
-1
0
0
0
1
2
0
1
3
0
2
-0.22374653816124529
13
14
1
2
0.069892473118279563
0.93010752688172038
186
1
-1
0
0
0
0
2
0.5
0.5
18
1
-1
0
0
0
1
2
0.023809523809523808
0.97619047619047616
168
"DecisionTree"
1
0
3
2
0
5
2
15
0
7
0.035440066307368401
1
8
0
2
0.60792951541850215
0.39207048458149779
454
0
23
0.0094313228865669282
2
5
0
2
0.97244094488188981
0.027559055118110236
254
0
10
0.78750222023787486
3
4
0
2
0.98780487804878048
0.012195121951219513
246
1
-1
0
0
0
0
2
0.99180327868852458
0.0081967213114754103
244
1
-1
0
0
0
0
2
0.5
0.5
2
0
28
-0.67065557873197956
6
7
0
2
0.5
0.5
8
1
-1
0
0
0
0
2
1
0
2
1
-1
0
0
0
1
2
0.33333333333333331
0.66666666666666663
6
0
1
-0.47163262783568727
9
12
1
2
0.14499999999999999
0.85499999999999998
200
0
6
0.39371887865723076
10
11
0
2
0.5
0.5
42
1
-1
0
0
0
0
2
0.875
0.125
24
1
-1
0
0
0
1
2
0
1
18
0
3
-0.46453048314064216
13
14
1
2
0.050632911392405063
0.94936708860759489
158
1
-1
0
0
0
1
2
0.46153846153846156
0.53846153846153844
13
1
-1
0
0
0
1
2
0.013793103448275862
0.98620689655172411
145
1
2
1
