MLCPP_ARCHIVE_V1
13
13.029999999999999
1.8300000000000001
2.3599999999999999
19.5
98
2.2999999999999998
2.1099999999999999
0.34000000000000002
1.54
4.6799999999999997
0.95999999999999996
2.7799999999999998
660
13
12.977092198581555
2.3131205673758868
2.3718439716312059
19.539007092198577
99.907801418439718
2.2971631205673759
2.0254609929078011
0.36035460992907808
1.5770212765957454
4.9758155957446801
0.95521985815602817
2.5965248226950348
746.18439716312059
13
0.82020369292170381
1.0866064910143745
0.26401322456904824
3.4383686765642327
14.701232982121196
0.6325691465482095
0.99779080453429636
0.12635877855718949
0.59261859654059634
2.2345806107814021
0.22407721225609298
0.7059594204234001
299.31004828568393
