MLCPP_ARCHIVE_V1
"GradientBoostedTrees"
40
0.10000000000000001
2
3
1
1
2
0
80
"DecisionTree"
0
0
2
3
0
0
1
7
0
23
0.0053559860301249105
1
4
-1.109733939592282e-15
0
454
0
27
0.61783175485733444
2
3
0.29027948292048866
0
305
1
-1
0
0
0
1.4583168725803439
0
286
1
-1
0
0
0
-2.0107000606467897
0
19
0
1
-1.0302354268737974
5
6
-0.59419625698489131
0
149
1
-1
0
0
0
-0.24103453901024743
0
7
1
-1
0
0
0
-2.6562541030465923
0
142
"DecisionTree"
0
0
2
3
0
0
1
7
0
23
0.0053559860301249105
1
4
1.1151138749539017e-15
0
454
0
27
0.61783175485733444
2
3
-0.29027948292048866
0
305
1
-1
0
0
0
-1.4583168725803439
0
286
1
-1
0
0
0
2.0107000606467897
0
19
0
1
-1.0302354268737974
5
6
0.59419625698489131
0
149
1
-1
0
0
0
0.24103453901024796
0
7
1
-1
0
0
0
2.6562541030465923
0
142
"DecisionTree"
0
0
2
3
0
0
1
7
0
22
0.23454588489429251
1
4
0.0037856621041898728
0
454
0
27
0.66324156323729222
2
3
0.22986939323454472
0
310
1
-1
0
0
0
1.2492339987237109
0
293
1
-1
0
0
0
-1.6397832635235388
0
17
0
26
-0.46177114711755013
5
6
-0.4829223701903258
0
144
1
-1
0
0
0
-0.11143750161673376
0
4
1
-1
0
0
0
-1.9890764382986124
0
140
"DecisionTree"
0
0
2
3
0
0
1
7
0
22
0.23454588489429251
1
4
-0.0037856621041898728
0
454
0
27
0.66324156323729222
2
3
-0.22986939323454472
0
310
1
-1
0
0
0
-1.2492339987237107
0
293
1
-1
0
0
0
1.6397832635235383
0
17
0
26
-0.46177114711755013
5
6
0.4829223701903258
0
144
1
-1
0
0
0
0.11143750161673358
0
4
1
-1
0
0
0
1.9890764382986124
0
140
"DecisionTree"
0
0
2
3
0
0
1
7
0
22
-0.045205157059066463
1
4
0.0043722180473925974
0
454
0
27
0.99419440397257797
2
3
0.22322378590415606
0
276
1
-1
0
0
0
1.2287926036972048
0
271
1
-1
0
0
0
-1.8126082040022753
0
5
0
7
-0.026580445698807742
5
6
-0.3349706624496141
0
178
1
-1
0
0
0
0.12484308548629362
0
25
1
-1
0
0
0
-1.6543282176645033
0
153
"DecisionTree"
0
0
2
3
0
0
1
7
0
22
-0.045205157059066463
1
4
-0.0043722180473925896
0
454
0
27
0.99419440397257797
2
3
-0.22322378590415606
0
276
1
-1
0
0
0
-1.2287926036972048
0
271
1
-1
0
0
0
1.8126082040022753
0
5
0
7
-0.026580445698807742
5
6
0.3349706624496141
0
178
1
-1
0
0
0
-0.12484308548629373
0
25
1
-1
0
0
0
1.6543282176645036
0
153
"DecisionTree"
0
0
2
3
0
0
1
7
0
7
-0.017206745126445697
1
4
0.0042768074537927366
0
454
0
23
0.021838459538401137
2
3
0.1849686438069516
0
272
1
-1
0
0
0
1.2085882298296262
0
259
1
-1
0
0
0
-0.78657017546040253
0
13
0
26
-0.24897430403723431
5
6
-0.26576813478829092
0
182
1
-1
0
0
0
0.96205559084479175
0
18
1
-1
0
0
0
-1.4310046633010416
0
164
"DecisionTree"
0
0
2
3
0
0
1
7
0
7
-0.017206745126445697
1
4
-0.0042768074537927548
0
454
0
23
0.021838459538401137
2
3
-0.1849686438069516
0
272
1
-1
0
0
0
-1.2085882298296262
0
259
1
-1
0
0
0
0.78657017546040242
0
13
0
26
-0.24897430403723431
5
6
0.26576813478829092
0
182
1
-1
0
0
0
-0.96205559084479186
0
18
1
-1
0
0
0
1.4310046633010416
0
164
"DecisionTree"
0
0
2
3
0
0
1
7
0
23
0.0053559860301249105
1
4
0.0041030507897956425
0
454
0
27
0.30227206950508523
2
3
0.13116129400217494
0
305
1
-1
0
0
0
1.14305710853813
0
267
1
-1
0
0
0
-0.59642365504066441
0
38
0
1
-1.2259170591234003
5
6
-0.2559826148462811
0
149
1
-1
0
0
0
0.81944233281777534
0
4
1
-1
0
0
0
-1.3428841865677128
0
145
"DecisionTree"
0
0
2
3
0
0
1
7
0
23
0.0053559860301249105
1
4
-0.0041030507897956547
0
454
0
27
0.30227206950508523
2
3
-0.13116129400217497
0
305
1
-1
0
0
0
-1.1430571085381276
0
267
1
-1
0
0
0
0.59642365504066419
0
38
0
1
-1.2259170591234003
5
6
0.2559826148462811
0
149
1
-1
0
0
0
-0.81944233281777545
0
4
1
-1
0
0
0
1.3428841865677128
0
145
"DecisionTree"
0
0
2
3
0
0
1
7
0
22
-0.17978809075554736
1
4
0.0036862037316528285
0
454
0
27
0.99419440397257797
2
3
0.13716274724830521
0
253
1
-1
0
0
0
1.1332213357133736
0
249
1
-1
0
0
0
-1.3769987135186643
0
4
0
6
-0.16694291356264779
5
6
-0.16432158487388546
0
201
1
-1
0
0
0
0.35318979694166708
0
37
1
-1
0
0
0
-1.2245098708067526
0
164
"DecisionTree"
0
0
2
3
0
0
1
7
0
22
-0.17978809075554736
1
4
-0.0036862037316528783
0
454
0
27
0.99419440397257797
2
3
-0.13716274724830521
0
253
1
-1
0
0
0
-1.1332213357133738
0
249
1
-1
0
0
0
1.3769987135186641
0
4
0
6
-0.16694291356264779
5
6
0.1643215848738854
0
201
1
-1
0
0
0
-0.35318979694166713
0
37
1
-1
0
0
0
1.2245098708067523
0
164
"DecisionTree"
0
0
2
3
0
0
1
7
0
22
0.29805693225667673
1
4
0.0033088542592492626
0
454
0
21
0.52794482878431093
2
3
0.08557307919541858
0
316
1
-1
0
0
0
0.99971582425356553
0
249
1
-1
0
0
0
-0.28911090411792822
0
67
0
7
-0.3169083497277192
5
6
-0.1850642984931393
0
138
1
-1
0
0
0
-1.5932051327362855
0
4
1
-1
0
0
0
-1.1985743603936123
0
134
"DecisionTree"
0
0
2
3
0
0
1
7
0
22
0.29805693225667673
1
4
-0.0033088542592492535
0
454
0
21
0.52794482878431093
2
3
-0.085573079195418567
0
316
1
-1
0
0
0
-0.99971582425356531
0
249
1
-1
0
0
0
0.28911090411792834
0
67
0
7
-0.3169083497277192
5
6
0.1850642984931393
0
138
1
-1
0
0
0
1.5932051327362855
0
4
1
-1
0
0
0
1.1985743603936123
0
134
"DecisionTree"
0
0
2
3
0
0
1
7
0
7
-0.017206745126445697
1
4
0.0026456765737504504
0
454
0
13
0.0058795560797183944
2
3
0.089476529475629729
0
272
1
-1
0
0
0
1.0174463812794168
0
259
1
-1
0
0
0
-0.93146286064908501
0
13
0
22
-0.3056004512448417
5
6
-0.12712351018070661
0
182
1
-1
0
0
0
0.9196023354357018
0
17
1
-1
0
0
0
-1.1041227565993799
0
165
"DecisionTree"
0
0
2
3
0
0
1
7
0
7
-0.017206745126445697
1
4
-0.0026456765737504543
0
454
0
13
0.0058795560797183944
2
3
-0.089476529475629729
0
272
1
-1
0
0
0
-1.0174463812794168
0
259
1
-1
0
0
0
0.93146286064908512
0
13
0
22
-0.3056004512448417
5
6
0.12712351018070661
0
182
1
-1
0
0
0
-0.91960233543570147
0
17
1
-1
0
0
0
1.1041227565993799
0
165
"DecisionTree"
0
0
2
3
0
0
1
7
0
27
0.45081601895138818
1
4
0.0023397274400714326
0
454
0
13
-0.1103023374776797
2
3
0.063023280088033221
0
306
1
-1
0
0
0
0.9215200165992411
0
269
1
-1
0
0
0
-0.51979261129397003
0
37
0
13
-0.52549781915615612
5
6
-0.12312761789963365
0
148
1
-1
0
0
0
0.93638267895692084
0
6
1
-1
0
0
0
-1.1602625330223388
0
142
"DecisionTree"
0
0
2
3
0
0
1
7
0
27
0.45081601895138818
1
4
-0.0023397274400714396
0
454
0
13
-0.1103023374776797
2
3
-0.063023280088033234
0
306
1
-1
0
0
0
-0.92152001659924132
0
269
1
-1
0
0
0
0.51979261129397003
0
37
0
13
-0.52549781915615612
5
6
0.12312761789963365
0
148
1
-1
0
0
0
-0.93638267895692096
0
6
1
-1
0
0
0
1.1602625330223388
0
142
"DecisionTree"
0
0
2
3
0
0
1
7
0
22
-0.17978809075554736
1
4
0.0018725089752892855
0
454
0
27
0.99419440397257797
2
3
0.066980594720879305
0
253
1
-1
0
0
0
0.99175682875813553
0
249
1
-1
0
0
0
-1.2956784688346035
0
4
0
21
-0.84742454784650856
5
6
-0.080079459649756699
0
201
1
-1
0
0
0
0.88605101801485753
0
24
1
-1
0
0
0
-0.99406910795850878
0
177
"DecisionTree"
0
0
2
3
0
0
1
7
0
22
-0.17978809075554736
1
4
-0.0018725089752892846
0
454
0
27
0.99419440397257797
2
3
-0.066980594720879319
0
253
1
-1
0
0
0
-0.99175682875813598
0
249
1
-1
0
0
0
1.2956784688346035
0
4
0
21
-0.84742454784650856
5
6
0.080079459649756699
0
201
1
-1
0
0
0
-0.88605101801485731
0
24
1
-1
0
0
0
0.99406910795850933
0
177
"DecisionTree"
0
0
2
3
0
0
1
7
0
27
0.30227206950508523
1
4
0.0017152123250613769
0
454
0
18
-1.2165797324748271
2
3
0.049078577344081872
0
288
1
-1
0
0
0
-2.3142076727617282
0
3
1
-1
0
0
0
0.75668823613529235
0
285
0
13
-0.52246276446552398
5
6
-0.080457372768179172
0
166
1
-1
0
0
0
0.99670725470421362
0
9
1
-1
0
0
0
-0.99189125659095612
0
157
"DecisionTree"
0
0
2
3
0
0
1
7
0
27
0.30227206950508523
1
4
-0.0017152123250613832
0
454
0
18
-1.2165797324748271
2
3
-0.049078577344081865
0
288
1
-1
0
0
0
2.3142076727617273
0
3
1
-1
0
0
0
-0.75668823613529224
0
285
0
13
-0.52246276446552398
5
6
0.080457372768179158
0
166
1
-1
0
0
0
-0.99670725470421362
0
9
1
-1
0
0
0
0.99189125659095612
0
157
"DecisionTree"
0
0
2
3
0
0
1
7
0
23
0.0053559860301249105
1
4
0.0013684313817952064
0
454
0
26
0.64330813009976162
2
3
0.038460707499218573
0
305
1
-1
0
0
0
0.786497805821884
0
276
1
-1
0
0
0
-0.53604271869151032
0
29
0
1
-1.2259170591234003
5
6
-0.074558711006219219
0
149
1
-1
0
0
0
0.91571022260135149
0
4
1
-1
0
0
0
-1.0254746443316685
0
145
"DecisionTree"
0
0
2
3
0
0
1
7
0
23
0.0053559860301249105
1
4
-0.0013684313817951925
0
454
0
26
0.64330813009976162
2
3
-0.038460707499218559
0
305
1
-1
0
0
0
-0.78649780582188344
0
276
1
-1
0
0
0
0.53604271869151021
0
29
0
1
-1.2259170591234003
5
6
0.074558711006219275
0
149
1
-1
0
0
0
-0.91571022260135149
0
4
1
-1
0
0
0
1.0254746443316689
0
145
"DecisionTree"
0
0
2
3
0
0
1
7
0
7
-0.017206745126445697
1
4
0.0010632112734958647
0
454
0
18
-1.2165797324748271
2
3
0.038348402230329211
0
272
1
-1
0
0
0
-1.8863684517834871
0
3
1
-1
0
0
0
0.74991549080358233
0
269
0
21
-0.84823121610259689
5
6
-0.054659711475178299
0
182
1
-1
0
0
0
0.65298430261539331
0
22
1
-1
0
0
0
-0.99466990967729352
0
160
"DecisionTree"
0
0
2
3
0
0
1
7
0
7
-0.017206745126445697
1
4
-0.0010632112734958626
0
454
0
18
-1.2165797324748271
2
3
-0.038348402230329141
0
272
1
-1
0
0
0
1.8863684517834867
0
3
1
-1
0
0
0
-0.74991549080358122
0
269
0
21
-0.84823121610259689
5
6
0.054659711475178244
0
182
1
-1
0
0
0
-0.65298430261539298
0
22
1
-1
0
0
0
0.99466990967729296
0
160
"DecisionTree"
0
0
2
3
0
0
1
7
0
23
-0.41322639064708666
1
4
0.00083428616218804679
0
454
0
27
0.99419440397257797
2
3
0.043438544958207835
0
212
1
-1
0
0
0
1.0799171146453443
0
209
1
-1
0
0
0
-1.1962557272233045
0
3
0
2
-0.42061842087812812
5
6
-0.036488452948374772
0
242
1
-1
0
0
0
-4.7742438832617307
0
4
1
-1
0
0
0
-0.42128110018514658
0
238
"DecisionTree"
0
0
2
3
0
0
1
7
0
23
-0.41322639064708666
1
4
-0.00083428616218802956
0
454
0
27
0.99419440397257797
2
3
-0.043438544958207835
0
212
1
-1
0
0
0
-1.0799171146453441
0
209
1
-1
0
0
0
1.1962557272233043
0
3
0
2
-0.42061842087812812
5
6
0.0364884529483748
0
242
1
-1
0
0
0
4.7742438832617324
0
4
1
-1
0
0
0
0.42128110018514692
0
238
"DecisionTree"
0
0
2
3
0
0
1
7
0
22
0.29805693225667673
1
4
0.0011152476513641419
0
454
0
1
0.44420291844879067
2
3
0.024667527991940108
0
316
1
-1
0
0
0
0.82087587794557404
0
248
1
-1
0
0
0
-0.58999214630151642
0
68
0
7
-0.3169083497277192
5
6
-0.052816060954592223
0
138
1
-1
0
0
0
-1.3245310803163881
0
4
1
-1
0
0
0
-0.97703106919946137
0
134
"DecisionTree"
0
0
2
3
0
0
1
7
0
22
0.29805693225667673
1
4
-0.0011152476513641247
0
454
0
1
0.44420291844879067
2
3
-0.02466752799194007
0
316
1
-1
0
0
0
-0.8208758779455736
0
248
1
-1
0
0
0
0.58999214630151664
0
68
0
7
-0.3169083497277192
5
6
0.052816060954592244
0
138
1
-1
0
0
0
1.3245310803163879
0
4
1
-1
0
0
0
0.97703106919946137
0
134
"DecisionTree"
0
0
2
3
0
0
1
7
0
7
-0.017206745126445697
1
4
0.00088508570177292046
0
454
0
13
0.0058795560797183944
2
3
0.026123372178600127
0
272
1
-1
0
0
0
0.8278433755050193
0
259
1
-1
0
0
0
-0.80960626421886606
0
13
0
21
-0.84823121610259689
5
6
-0.036833672109749027
0
182
1
-1
0
0
0
0.5790874829308057
0
22
1
-1
0
0
0
-0.91164061041538691
0
160
"DecisionTree"
0
0
2
3
0
0
1
7
0
7
-0.017206745126445697
1
4
-0.00088508570177288901
0
454
0
13
0.0058795560797183944
2
3
-0.026123372178600057
0
272
1
-1
0
0
0
-0.82784337550502163
0
259
1
-1
0
0
0
0.80960626421886572
0
13
0
21
-0.84823121610259689
5
6
0.036833672109749006
0
182
1
-1
0
0
0
-0.57908748293080559
0
22
1
-1
0
0
0
0.91164061041538713
0
160
"DecisionTree"
0
0
2
3
0
0
1
7
0
26
-0.28865229475587251
1
4
0.00076330758001450112
0
454
0
13
0.29918724138240815
2
3
0.02801217643686061
0
220
1
-1
0
0
0
0.91233058361555908
0
217
1
-1
0
0
0
-2.3544954617869238
0
3
0
25
-0.62340224237540554
5
6
-0.024855287071721261
0
234
1
-1
0
0
0
-2.3630189719970072
0
7
1
-1
0
0
0
-0.34058823844324038
0
227
"DecisionTree"
0
0
2
3
0
0
1
7
0
26
-0.28865229475587251
1
4
-0.00076330758001450275
0
454
0
13
0.29918724138240815
2
3
-0.02801217643686062
0
220
1
-1
0
0
0
-0.91233058361555497
0
217
1
-1
0
0
0
2.3544954617869229
0
3
0
25
-0.62340224237540554
5
6
0.024855287071721244
0
234
1
-1
0
0
0
2.3630189719970063
0
7
1
-1
0
0
0
0.3405882384432401
0
227
"DecisionTree"
0
0
2
3
0
0
1
7
0
1
-0.026798219640369422
1
4
0.00076494080579975004
0
454
0
27
0.64861806562340762
2
3
0.023120041040744266
0
245
1
-1
0
0
0
0.92937588230476975
0
208
1
-1
0
0
0
-0.69465092504736303
0
37
0
20
-0.38777566674259722
5
6
-0.025440798704063499
0
209
1
-1
0
0
0
1.0437755750212596
0
59
1
-1
0
0
0
-0.9015586259856847
0
150
"DecisionTree"
0
0
2
3
0
0
1
7
0
1
-0.026798219640369422
1
4
-0.00076494080579963706
0
454
0
27
0.64861806562340762
2
3
-0.023120041040744155
0
245
1
-1
0
0
0
-0.92937588230476664
0
208
1
-1
0
0
0
0.69465092504736337
0
37
0
20
-0.38777566674259722
5
6
0.025440798704063506
0
209
1
-1
0
0
0
-1.0437755750212614
0
59
1
-1
0
0
0
0.90155862598568526
0
150
"DecisionTree"
0
0
2
3
0
0
1
7
0
13
-0.13531118812848864
1
4
0.00074170203831876906
0
454
0
28
1.0343132248270501
2
3
0.015762765460147155
0
299
1
-1
0
0
0
0.63873535802209525
0
277
1
-1
0
0
0
-0.82977426737347537
0
22
0
5
-0.96379124718554421
5
6
-0.028234413852821029
0
155
1
-1
0
0
0
-1.5954712148050467
0
4
1
-1
0
0
0
-0.5457081902004921
0
151
"DecisionTree"
0
0
2
3
0
0
1
7
0
13
-0.13531118812848864
1
4
-0.00074170203831873643
0
454
0
28
1.0343132248270501
2
3
-0.015762765460147144
0
299
1
-1
0
0
0
-0.63873535802209724
0
277
1
-1
0
0
0
0.82977426737347537
0
22
0
5
-0.96379124718554421
5
6
0.028234413852821157
0
155
1
-1
0
0
0
1.5954712148050476
0
4
1
-1
0
0
0
0.54570819020049233
0
151
"DecisionTree"
0
0
2
3
0
0
1
7
0
21
0.52794482878431093
1
4
0.0006363631742876668
0
454
0
22
0.31166644240575891
2
3
0.012880660069182402
0
323
1
-1
0
0
0
0.72640155666805228
0
249
1
-1
0
0
0
-0.80932713292701453
0
74
0
7
-0.62906541947309003
5
6
-0.029553773444422209
0
131
1
-1
0
0
0
1.0327384643752564
0
31
1
-1
0
0
0
-0.99149500544789315
0
100
"DecisionTree"
0
0
2
3
0
0
1
7
0
21
0.52794482878431093
1
4
-0.00063636317428774627
0
454
0
22
0.31166644240575891
2
3
-0.012880660069182455
0
323
1
-1
0
0
0
-0.72640155666805439
0
249
1
-1
0
0
0
0.80932713292701508
0
74
0
7
-0.62906541947309003
5
6
0.02955377344442213
0
131
1
-1
0
0
0
-1.0327384643752564
0
31
1
-1
0
0
0
0.99149500544789404
0
100
"DecisionTree"
0
0
2
3
0
0
1
7
0
27
0.30227206950508523
1
4
0.00052012526400018854
0
454
0
28
-1.975985370083692
2
3
0.013528373108472701
0
288
1
-1
0
0
0
-1.9546768401895009
0
3
1
-1
0
0
0
0.55646641240993344
0
285
0
27
0.35153016673080228
5
6
-0.022048401116771338
0
166
1
-1
0
0
0
-1.2617524402496176
0
7
1
-1
0
0
0
-0.41675987061395048
0
159
"DecisionTree"
0
0
2
3
0
0
1
7
0
27
0.30227206950508523
1
4
-0.00052012526400018843
0
454
0
28
-1.975985370083692
2
3
-0.013528373108472679
0
288
1
-1
0
0
0
1.9546768401895016
0
3
1
-1
0
0
0
-0.55646641240993278
0
285
0
27
0.35153016673080228
5
6
0.022048401116771334
0
166
1
-1
0
0
0
1.2617524402496172
0
7
1
-1
0
0
0
0.41675987061395026
0
159
"DecisionTree"
0
0
2
3
0
0
1
7
0
1
-0.026798219640369422
1
4
0.00044881011362814098
0
454
0
25
0.42721735151370666
2
3
0.015094663446407565
0
245
1
-1
0
0
0
0.94260203118893371
0
206
1
-1
0
0
0
-0.46420617158375921
0
39
0
18
-1.231303312761427
5
6
-0.016719773936759219
0
209
1
-1
0
0
0
-1.5960320743941327
0
3
1
-1
0
0
0
-0.41443967990348168
0
206
"DecisionTree"
0
0
2
3
0
0
1
7
0
1
-0.026798219640369422
1
4
-0.00044881011362817388
0
454
0
25
0.42721735151370666
2
3
-0.015094663446407608
0
245
1
-1
0
0
0
-0.94260203118893371
0
206
1
-1
0
0
0
0.46420617158375893
0
39
0
18
-1.231303312761427
5
6
0.016719773936759177
0
209
1
-1
0
0
0
1.596032074394133
0
3
1
-1
0
0
0
0.41443967990348052
0
206
"DecisionTree"
0
0
2
3
0
0
1
7
0
23
-0.41322639064708666
1
4
0.00044715242412516276
0
454
0
16
3.1616800924283193
2
3
0.016245489977453082
0
212
1
-1
0
0
0
0.92948190676770526
0
209
1
-1
0
0
0
1.2055422572650909
0
3
0
2
-0.42061842087812812
5
6
-0.013392713531682738
0
242
1
-1
0
0
0
-2.608423709462854
0
4
1
-1
0
0
0
-0.22731589673066638
0
238
"DecisionTree"
0
0
2
3
0
0
1
7
0
23
-0.41322639064708666
1
4
-0.0004471524241251414
0
454
0
16
3.1616800924283193
2
3
-0.016245489977453086
0
212
1
-1
0
0
0
-0.92948190676770381
0
209
1
-1
0
0
0
-1.2055422572650907
0
3
0
2
-0.42061842087812812
5
6
0.01339271353168277
0
242
1
-1
0
0
0
2.6084237094628544
0
4
1
-1
0
0
0
0.22731589673066754
0
238
"DecisionTree"
0
0
2
3
0
0
1
7
0
23
0.0053559860301249105
1
4
0.00047188823950993202
0
454
0
2
0.13815030506831924
2
3
0.010108517660239709
0
305
1
-1
0
0
0
0.18672589781805621
0
289
1
-1
0
0
0
1.1567531910072448
0
16
0
8
-1.5236605492442603
5
6
-0.019254098158628205
0
149
1
-1
0
0
0
1.3055469556306296
0
3
1
-1
0
0
0
-0.82943297686786988
0
146
"DecisionTree"
0
0
2
3
0
0
1
7
0
23
0.0053559860301249105
1
4
-0.00047188823950991457
0
454
0
2
0.13815030506831924
2
3
-0.010108517660239688
0
305
1
-1
0
0
0
-0.18672589781805532
0
289
1
-1
0
0
0
-1.1567531910072453
0
16
0
8
-1.5236605492442603
5
6
0.019254098158628236
0
149
1
-1
0
0
0
-1.3055469556306301
0
3
1
-1
0
0
0
0.82943297686787054
0
146
"DecisionTree"
0
0
2
3
0
0
1
7
0
24
0.13962146453381263
1
4
0.00036069747830159304
0
454
0
10
2.9312550165534002
2
3
0.011793525263822255
0
254
1
-1
0
0
0
0.50869250914928699
0
251
1
-1
0
0
0
-1.5332353947617217
0
3
0
23
-0.41322639064708666
5
6
-0.014158993809309612
0
200
1
-1
0
0
0
0.72849884567717293
0
75
1
-1
0
0
0
-0.99365550424487636
0
125
"DecisionTree"
0
0
2
3
0
0
1
7
0
24
0.13962146453381263
1
4
-0.00036069747830164514
0
454
0
10
2.9312550165534002
2
3
-0.0117935252638223
0
254
1
-1
0
0
0
-0.50869250914928765
0
251
1
-1
0
0
0
1.5332353947617219
0
3
0
23
-0.41322639064708666
5
6
0.014158993809309579
0
200
1
-1
0
0
0
-0.72849884567717338
0
75
1
-1
0
0
0
0.99365550424487648
0
125
"DecisionTree"
0
0
2
3
0
0
1
7
0
21
0.52794482878431093
1
4
0.00024298212308809528
0
454
0
22
0.31166644240575891
2
3
0.0076297258379219102
0
323
1
-1
0
0
0
0.62745631713359473
0
249
1
-1
0
0
0
-0.75058219374945168
0
74
0
24
-1.1104494878758668
5
6
-0.017970134059288403
0
131
1
-1
0
0
0
1.0842458095847429
0
13
1
-1
0
0
0
-0.83506900608431522
0
118
"DecisionTree"
0
0
2
3
0
0
1
7
0
21
0.52794482878431093
1
4
-0.00024298212308811179
0
454
0
22
0.31166644240575891
2
3
-0.0076297258379219163
0
323
1
-1
0
0
0
-0.62745631713359484
0
249
1
-1
0
0
0
0.75058219374945134
0
74
0
24
-1.1104494878758668
5
6
0.017970134059288392
0
131
1
-1
0
0
0
-1.0842458095847431
0
13
1
-1
0
0
0
0.83506900608431633
0
118
"DecisionTree"
0
0
2
3
0
0
1
7
0
7
-0.017206745126445697
1
4
0.00020347268602038723
0
454
0
21
1.1934461400572878
2
3
0.0087870069583311974
0
272
1
-1
0
0
0
0.73546002100786378
0
248
1
-1
0
0
0
-0.70178063261816992
0
24
0
7
0.020930091448780622
5
6
-0.012624666446224366
0
182
1
-1
0
0
0
-1.1910949390622072
0
3
1
-1
0
0
0
-0.36730394348800394
0
179
"DecisionTree"
0
0
2
3
0
0
1
7
0
7
-0.017206745126445697
1
4
-0.00020347268602036557
0
454
0
21
1.1934461400572878
2
3
-0.008787006958331187
0
272
1
-1
0
0
0
-0.73546002100786356
0
248
1
-1
0
0
0
0.70178063261817125
0
24
0
7
0.020930091448780622
5
6
0.012624666446224403
0
182
1
-1
0
0
0
1.191094939062207
0
3
1
-1
0
0
0
0.36730394348800371
0
179
"DecisionTree"
0
0
2
3
0
0
1
5
0
29
-1.5426745165333302
1
2
0.00021421174008835064
0
454
1
-1
0
0
0
-1.5126474406650621
0
3
0
24
-0.12238274929272829
3
4
0.0010767706847988061
0
451
1
-1
0
0
0
0.55005022993243324
0
213
1
-1
0
0
0
-0.37986322004465622
0
238
"DecisionTree"
0
0
2
3
0
0
1
5
0
29
-1.5426745165333302
1
2
-0.00021421174008833546
0
454
1
-1
0
0
0
1.5126474406650627
0
3
0
24
-0.12238274929272829
3
4
-0.0010767706847987892
0
451
1
-1
0
0
0
-0.55005022993243158
0
213
1
-1
0
0
0
0.37986322004465684
0
238
"DecisionTree"
0
0
2
3
0
0
1
7
0
23
-0.12768112157238998
1
4
0.00018271041328189638
0
454
0
2
0.13815030506831924
2
3
0.0074336321207764001
0
285
1
-1
0
0
0
0.24165890591126407
0
274
1
-1
0
0
0
1.1110468896500354
0
11
0
23
-0.10033108311360198
5
6
-0.012045175306457342
0
169
1
-1
0
0
0
-1.3802952503170367
0
3
1
-1
0
0
0
-0.38088289410862147
0
166
"DecisionTree"
0
0
2
3
0
0
1
7
0
23
-0.12768112157238998
1
4
-0.00018271041328189044
0
454
0
2
0.13815030506831924
2
3
-0.0074336321207763966
0
285
1
-1
0
0
0
-0.24165890591126374
0
274
1
-1
0
0
0
-1.1110468896500354
0
11
0
23
-0.10033108311360198
5
6
0.012045175306457333
0
169
1
-1
0
0
0
1.3802952503170369
0
3
1
-1
0
0
0
0.38088289410862142
0
166
"DecisionTree"
0
0
2
3
0
0
1
7
0
1
-0.026798219640369422
1
4
0.00015859099865540906
0
454
0
25
0.42721735151370666
2
3
0.0087109443699802825
0
245
1
-1
0
0
0
0.87976680609835578
0
206
1
-1
0
0
0
-0.39422971756714315
0
39
0
18
-1.231303312761427
5
6
-0.0098668950107924005
0
209
1
-1
0
0
0
-1.3513858854719278
0
3
1
-1
0
0
0
-0.34641155265078949
0
206
"DecisionTree"
0
0
2
3
0
0
1
7
0
1
-0.026798219640369422
1
4
-0.0001585909986553858
0
454
0
25
0.42721735151370666
2
3
-0.0087109443699802305
0
245
1
-1
0
0
0
-0.87976680609835434
0
206
1
-1
0
0
0
0.39422971756714287
0
39
0
18
-1.231303312761427
5
6
0.0098668950107924022
0
209
1
-1
0
0
0
1.3513858854719276
0
3
1
-1
0
0
0
0.34641155265078882
0
206
"DecisionTree"
0
0
2
3
0
0
1
7
0
22
0.29805693225667673
1
4
0.00017081578648273042
0
454
0
2
0.13835710326445022
2
3
0.0055906101824074938
0
316
1
-1
0
0
0
0.095989164028369767
0
294
1
-1
0
0
0
0.76303454293727679
0
22
0
6
-0.62739339541232875
5
6
-0.012239727902736313
0
138
1
-1
0
0
0
-1.1488948132913948
0
3
1
-1
0
0
0
-0.77569973483454491
0
135
"DecisionTree"
0
0
2
3
0
0
1
7
0
22
0.29805693225667673
1
4
-0.00017081578648272391
0
454
0
2
0.13835710326445022
2
3
-0.0055906101824074956
0
316
1
-1
0
0
0
-0.095989164028369572
0
294
1
-1
0
0
0
-0.76303454293727646
0
22
0
6
-0.62739339541232875
5
6
0.012239727902736313
0
138
1
-1
0
0
0
1.1488948132913948
0
3
1
-1
0
0
0
0.77569973483454524
0
135
"DecisionTree"
0
0
2
3
0
0
1
7
0
23
-0.41322639064708666
1
4
0.00010969947168854928
0
454
0
27
0.99419440397257797
2
3
0.008604649552190223
0
212
1
-1
0
0
0
1.0640986656802187
0
209
1
-1
0
0
0
-1.0986181730047191
0
3
0
2
-0.40055899585340371
5
6
-0.0073321576236269293
0
242
1
-1
0
0
0
-1.571896529226837
0
5
1
-1
0
0
0
-0.16945384642996508
0
237
"DecisionTree"
0
0
2
3
0
0
1
7
0
23
-0.41322639064708666
1
4
-0.00010969947168855198
0
454
0
27
0.99419440397257797
2
3
-0.008604649552190204
0
212
1
-1
0
0
0
-1.0640986656802174
0
209
1
-1
0
0
0
1.0986181730047193
0
3
0
2
-0.40055899585340371
5
6
0.0073321576236269224
0
242
1
-1
0
0
0
1.571896529226837
0
5
1
-1
0
0
0
0.16945384642996372
0
237
"DecisionTree"
0
0
2
3
0
0
1
5
0
29
-1.5426745165333302
1
2
0.00015178986610542273
0
454
1
-1
0
0
0
-1.2846564540851988
0
3
0
26
-0.32856646399069322
3
4
0.00074594003027253248
0
451
1
-1
0
0
0
0.7957588609437547
0
211
1
-1
0
0
0
-0.2762510421449455
0
240
"DecisionTree"
0
0
2
3
0
0
1
5
0
29
-1.5426745165333302
1
2
-0.00015178986610543679
0
454
1
-1
0
0
0
1.284656454085199
0
3
0
26
-0.32856646399069322
3
4
-0.00074594003027254896
0
451
1
-1
0
0
0
-0.79575886094375492
0
211
1
-1
0
0
0
0.27625104214494467
0
240
"DecisionTree"
0
0
2
3
0
0
1
7
0
21
-0.059309661648086029
1
4
0.00015404267664675871
0
454
0
1
0.54090605066516395
2
3
0.0069858774082761877
0
234
1
-1
0
0
0
0.53870413320896604
0
230
1
-1
0
0
0
-1.1249452141253855
0
4
0
9
-1.2216035196623314
5
6
-0.0071125451742681768
0
220
1
-1
0
0
0
-1.1522762430128206
0
10
1
-1
0
0
0
-0.25413093266510639
0
210
"DecisionTree"
0
0
2
3
0
0
1
7
0
21
-0.059309661648086029
1
4
-0.00015404267664678305
0
454
0
1
0.54090605066516395
2
3
-0.0069858774082762129
0
234
1
-1
0
0
0
-0.53870413320896815
0
230
1
-1
0
0
0
1.1249452141253851
0
4
0
9
-1.2216035196623314
5
6
0.0071125451742681681
0
220
1
-1
0
0
0
1.1522762430128206
0
10
1
-1
0
0
0
0.25413093266510567
0
210
"DecisionTree"
0
0
2
3
0
0
1
7
0
22
-0.1056918688327657
1
4
0.00010899439958890726
0
454
0
15
3.2144738052050843
2
3
0.0057718618556967319
0
265
1
-1
0
0
0
0.39354873878194785
0
261
1
-1
0
0
0
1.1256471317431296
0
4
0
1
-0.87209736360231627
5
6
-0.0078310049436310543
0
189
1
-1
0
0
0
0.7210387301072454
0
17
1
-1
0
0
0
-0.64185463210119864
0
172
"DecisionTree"
0
0
2
3
0
0
1
7
0
22
-0.1056918688327657
1
4
-0.00010899439958891347
0
454
0
15
3.2144738052050843
2
3
-0.0057718618556967388
0
265
1
-1
0
0
0
-0.3935487387819489
0
261
1
-1
0
0
0
-1.1256471317431296
0
4
0
1
-0.87209736360231627
5
6
0.0078310049436310387
0
189
1
-1
0
0
0
-0.72103873010724517
0
17
1
-1
0
0
0
0.64185463210119842
0
172
"DecisionTree"
0
0
2
3
0
0
1
7
0
7
-0.017206745126445697
1
4
9.0122860409213416e-05
0
454
0
7
-0.32268665829972315
2
3
0.0052609909196834944
0
272
1
-1
0
0
0
0.16617654710152352
0
238
1
-1
0
0
0
0.78390658823798365
0
34
0
12
-0.68764677398829877
5
6
-0.0076377678655391752
0
182
1
-1
0
0
0
1.1646491994461705
0
6
1
-1
0
0
0
-0.6026556324029736
0
176
"DecisionTree"
0
0
2
3
0
0
1
7
0
7
-0.017206745126445697
1
4
-9.0122860409199822e-05
0
454
0
7
-0.32268665829972315
2
3
-0.0052609909196834875
0
272
1
-1
0
0
0
-0.16617654710152296
0
238
1
-1
0
0
0
-0.78390658823798365
0
34
0
12
-0.68764677398829877
5
6
0.0076377678655391709
0
182
1
-1
0
0
0
-1.1646491994461712
0
6
1
-1
0
0
0
0.60265563240297348
0
176
"DecisionTree"
0
0
2
3
0
0
1
7
0
21
1.1934461400572878
1
4
8.6574746452741823e-05
0
454
0
18
-1.231303312761427
2
3
0.0022515070408108424
0
401
1
-1
0
0
0
-0.83556103713228724
0
3
1
-1
0
0
0
0.2092979826482354
0
398
0
21
1.2216795290203839
5
6
-0.016293384688218875
0
53
1
-1
0
0
0
-1.9666612879207113
0
3
1
-1
0
0
0
-0.35888141514317284
0
50
"DecisionTree"
0
0
2
3
0
0
1
7
0
21
1.1934461400572878
1
4
-8.6574746452715165e-05
0
454
0
18
-1.231303312761427
2
3
-0.0022515070408108181
0
401
1
-1
0
0
0
0.8355610371322868
0
3
1
-1
0
0
0
-0.20929798264823346
0
398
0
21
1.2216795290203839
5
6
0.016293384688218903
0
53
1
-1
0
0
0
1.9666612879207113
0
3
1
-1
0
0
0
0.35888141514317368
0
50
"DecisionTree"
0
0
2
3
0
0
1
7
0
8
-1.0560243265900939
1
4
6.1996856579483377e-05
0
454
0
7
-0.50643687088944989
2
3
0.015979696855619733
0
54
1
-1
0
0
0
1.0156886033026853
0
36
1
-1
0
0
0
0.99182238626693664
0
18
0
23
-0.41322639064708666
5
6
-0.0020868926432909499
0
400
1
-1
0
0
0
0.76257022000460295
0
186
1
-1
0
0
0
-0.40750794735543544
0
214
"DecisionTree"
0
0
2
3
0
0
1
7
0
8
-1.0560243265900939
1
4
-6.1996856579483051e-05
0
454
0
7
-0.50643687088944989
2
3
-0.015979696855619736
0
54
1
-1
0
0
0
-1.0156886033026855
0
36
1
-1
0
0
0
-0.99182238626693631
0
18
0
23
-0.41322639064708666
5
6
0.0020868926432909478
0
400
1
-1
0
0
0
-0.76257022000460151
0
186
1
-1
0
0
0
0.407507947355436
0
214
"DecisionTree"
0
0
2
3
0
0
1
5
0
19
5.0083859993660358
1
4
9.2446814784044327e-05
0
454
0
13
-0.13531118812848864
2
3
-0.00035522601561583316
0
451
1
-1
0
0
0
0.27971773270934913
0
298
1
-1
0
0
0
-0.56069794348297131
0
153
1
-1
0
0
0
1.1291958702172771
0
3
"DecisionTree"
0
0
2
3
0
0
1
5
0
19
5.0083859993660358
1
4
-9.2446814784032563e-05
0
454
0
13
-0.13531118812848864
2
3
0.0003552260156158452
0
451
1
-1
0
0
0
-0.2797177327093488
0
298
1
-1
0
0
0
0.56069794348297242
0
153
1
-1
0
0
0
-1.1291958702172773
0
3
"DecisionTree"
0
0
2
3
0
0
1
7
0
24
-0.12238274929272829
1
4
7.1869316132482157e-05
0
454
0
3
0.1083301499006101
2
3
0.0057469586102444972
0
216
1
-1
0
0
0
0.97284587927947808
0
172
1
-1
0
0
0
-0.43205446462724978
0
44
0
26
-0.34722456676910046
5
6
-0.0050786318919691723
0
238
1
-1
0
0
0
1.0463164791173574
0
70
1
-1
0
0
0
-0.56908358524036684
0
168
"DecisionTree"
0
0
2
3
0
0
1
7
0
24
-0.12238274929272829
1
4
-7.1869316132479216e-05
0
454
0
3
0.1083301499006101
2
3
-0.0057469586102444773
0
216
1
-1
0
0
0
-0.97284587927947586
0
172
1
-1
0
0
0
0.43205446462724961
0
44
0
26
-0.34722456676910046
5
6
0.0050786318919691679
0
238
1
-1
0
0
0
-1.0463164791173569
0
70
1
-1
0
0
0
0.56908358524036695
0
168
2
-0.46560801777269745
-0.98819848311827452
1
