MLCPP_ARCHIVE_V1
30
13.359999999999999
18.984999999999999
86.109999999999999
548.75
0.096425000000000011
0.095274999999999999
0.062649999999999997
0.033950000000000001
0.17995
0.061515
0.3276
1.1499999999999999
2.3090000000000002
24.699999999999999
0.0064085000000000001
0.021000000000000001
0.026335000000000001
0.011115
0.018794999999999999
0.0032935
14.965
25.469999999999999
97.664999999999992
683.95000000000005
0.13155
0.21655000000000002
0.22620000000000001
0.1011
0.28164999999999996
0.080245000000000011
30
14.175196035242296
19.482775330396471
92.314779735682862
658.3914096916302
0.096834537444933852
0.10571832599118941
0.09099388480176214
0.049900008810572674
0.18170682819383266
0.062822643171806136
0.40632621145374431
1.2392707048458138
2.8681356828193811
39.977848017621149
0.0071378722466960429
0.026103325991189426
0.03278187356828189
0.012008726872246692
0.02066349779735684
0.0038415105726872243
16.314524229074884
25.952621145374426
107.59471365638767
881.59295154185054
0.13325590308370053
0.25837079295154214
0.27750892290748902
0.11616321585903089
0.29109118942731282
0.084164537444933893
30
3.510149237371345
4.3948938391060768
24.178160610396812
349.47418002378845
0.013865676972791344
0.052545949280072481
0.080529832113641189
0.03893873046000506
0.027799386296929299
0.0070789278457518414
0.26752151693314469
0.5574247416072331
1.9314213824000013
41.185419289418206
0.003063498399188235
0.018117016201690608
0.031523785935966817
0.0061005643795627434
0.0084897828902229817
0.0026762093474842785
4.7695726877637874
6.1983348945018024
33.065113664678293
552.10160025015091
0.022518721793940662
0.15771645699717343
0.21170426848389284
0.064963938524392001
0.063432245665869511
0.018192131356392666
