MLCPP_ARCHIVE_V1
"AdaBoost"
100
0.5
2
100
"DecisionTree"
1
0
1
1
0
0
2
3
0
7
-0.026580445698807742
1
2
0
2
0.60792951541850215
0.39207048458149779
454
1
-1
0
0
0
0
2
0.95185185185185184
0.048148148148148148
270
1
-1
0
0
0
1
2
0.10326086956521739
0.89673913043478259
184
"DecisionTree"
1
0
1
1
0
0
2
3
0
23
-0.0015268051051991281
1
2
0
2
0.65198237885462551
0.34801762114537443
454
1
-1
0
0
0
0
2
0.92903225806451617
0.070967741935483872
310
1
-1
0
0
0
1
2
0.055555555555555552
0.94444444444444442
144
"DecisionTree"
1
0
1
1
0
0
2
3
0
27
0.45081601895138818
1
2
0
2
0.5770925110132159
0.42290748898678415
454
1
-1
0
0
0
0
2
0.8032258064516129
0.1967741935483871
310
1
-1
0
0
0
1
2
0.090277777777777776
0.90972222222222221
144
"DecisionTree"
1
0
1
1
0
0
2
3
0
23
-0.41322639064708666
1
2
0
2
0.50881057268722463
0.49118942731277532
454
1
-1
0
0
0
0
2
0.9880239520958084
0.011976047904191617
167
1
-1
0
0
0
1
2
0.22996515679442509
0.77003484320557491
287
"DecisionTree"
1
0
1
1
0
0
2
3
0
21
-0.20692995251227353
1
2
0
2
0.56828193832599116
0.43171806167400884
454
1
-1
0
0
0
0
2
0.8737373737373737
0.12626262626262627
198
1
-1
0
0
0
1
2
0.33203125
0.66796875
256
"DecisionTree"
1
0
1
1
0
0
2
3
0
22
0.25571623401508736
1
2
0
2
0.56387665198237891
0.43612334801762115
454
1
-1
0
0
0
0
2
0.74251497005988021
0.25748502994011974
334
1
-1
0
0
0
1
2
0.066666666666666666
0.93333333333333335
120
"DecisionTree"
1
0
1
1
0
0
2
3
0
26
-0.28865229475587251
1
2
0
2
0.50220264317180618
0.49779735682819382
454
1
-1
0
0
0
0
2
0.83582089552238803
0.16417910447761194
201
1
-1
0
0
0
1
2
0.23715415019762845
0.76284584980237158
253
"DecisionTree"
1
0
1
1
0
0
2
3
0
1
-0.026798219640369422
1
2
0
2
0.58370044052863435
0.41629955947136565
454
1
-1
0
0
0
0
2
0.82478632478632474
0.1752136752136752
234
1
-1
0
0
0
1
2
0.32727272727272727
0.67272727272727273
220
"DecisionTree"
1
0
1
1
0
0
2
3
0
22
-0.48086069860913527
1
2
0
2
0.54405286343612336
0.45594713656387664
454
1
-1
0
0
0
0
2
1
0
126
1
-1
0
0
0
1
2
0.36890243902439024
0.63109756097560976
328
"DecisionTree"
1
0
1
1
0
0
2
3
0
27
0.84718977006457918
1
2
0
2
0.60792951541850215
0.39207048458149779
454
1
-1
0
0
0
0
2
0.7109375
0.2890625
384
1
-1
0
0
0
1
2
0.042857142857142858
0.95714285714285718
70
"DecisionTree"
1
0
1
1
0
0
2
3
0
13
-0.13531118812848864
1
2
0
2
0.54845814977973573
0.45154185022026433
454
1
-1
0
0
0
0
2
0.7375415282392026
0.26245847176079734
301
1
-1
0
0
0
1
2
0.17647058823529413
0.82352941176470584
153
"DecisionTree"
1
0
1
1
0
0
2
3
0
22
-0.48086069860913527
1
2
1
2
0.45154185022026433
0.54845814977973573
454
1
-1
0
0
0
0
2
1
0
80
1
-1
0
0
0
1
2
0.33422459893048129
0.66577540106951871
374
"DecisionTree"
1
0
1
1
0
0
2
3
0
24
0.33501443755699456
1
2
0
2
0.53964757709251099
0.46035242290748901
454
1
-1
0
0
0
0
2
0.69180327868852454
0.30819672131147541
305
1
-1
0
0
0
1
2
0.22818791946308725
0.77181208053691275
149
"DecisionTree"
1
0
1
1
0
0
2
3
0
21
-0.8240311684199435
1
2
0
2
0.50881057268722463
0.49118942731277532
454
1
-1
0
0
0
0
2
0.98648648648648651
0.013513513513513514
74
1
-1
0
0
0
1
2
0.41578947368421054
0.58421052631578951
380
"DecisionTree"
1
0
1
1
0
0
2
3
0
9
-1.0690380431476754
1
2
0
2
0.56167400881057272
0.43832599118942733
454
1
-1
0
0
0
1
2
0.090909090909090912
0.90909090909090906
88
1
-1
0
0
0
0
2
0.67486338797814205
0.3251366120218579
366
"DecisionTree"
1
0
1
1
0
0
2
3
0
22
-0.48101191538856936
1
2
1
2
0.47797356828193832
0.52202643171806162
454
1
-1
0
0
0
0
2
1
0
63
1
-1
0
0
0
1
2
0.39386189258312021
0.60613810741687979
391
"DecisionTree"
1
0
1
1
0
0
2
3
0
1
0.44420291844879067
1
2
0
2
0.55506607929515417
0.44493392070484583
454
1
-1
0
0
0
0
2
0.70671378091872794
0.29328621908127206
283
1
-1
0
0
0
1
2
0.30409356725146197
0.69590643274853803
171
"DecisionTree"
1
0
1
1
0
0
2
3
0
27
0.30227206950508523
1
2
0
2
0.56607929515418498
0.43392070484581496
454
1
-1
0
0
0
0
2
0.75714285714285712
0.24285714285714285
280
1
-1
0
0
0
1
2
0.25862068965517243
0.74137931034482762
174
"DecisionTree"
1
0
1
1
0
0
2
3
0
13
-0.49126240224582551
1
2
0
2
0.5
0.5
454
1
-1
0
0
0
0
2
0.87
0.13
100
1
-1
0
0
0
1
2
0.39548022598870058
0.60451977401129942
354
"DecisionTree"
1
0
1
1
0
0
2
3
0
27
0.64861806562340762
1
2
0
2
0.53964757709251099
0.46035242290748901
454
1
-1
0
0
0
0
2
0.64054054054054055
0.35945945945945945
370
1
-1
0
0
0
1
2
0.095238095238095233
0.90476190476190477
84
"DecisionTree"
1
0
1
1
0
0
2
3
0
7
-0.59426716118391054
1
2
0
2
0.50220264317180618
0.49779735682819382
454
1
-1
0
0
0
0
2
0.98684210526315785
0.013157894736842105
76
1
-1
0
0
0
1
2
0.40476190476190477
0.59523809523809523
378
"DecisionTree"
1
0
1
1
0
0
2
3
0
24
0.13962146453381263
1
2
0
2
0.53524229074889873
0.46475770925110133
454
1
-1
0
0
0
0
2
0.69230769230769229
0.30769230769230771
273
1
-1
0
0
0
1
2
0.2983425414364641
0.7016574585635359
181
"DecisionTree"
1
0
1
1
0
0
2
3
0
21
0.52794482878431093
1
2
0
2
0.513215859030837
0.486784140969163
454
1
-1
0
0
0
0
2
0.66326530612244894
0.33673469387755101
294
1
-1
0
0
0
1
2
0.23749999999999999
0.76249999999999996
160
"DecisionTree"
1
0
1
1
0
0
2
3
0
3
0.1083301499006101
1
2
0
2
0.513215859030837
0.486784140969163
454
1
-1
0
0
0
0
2
0.6463022508038585
0.3536977491961415
311
1
-1
0
0
0
1
2
0.22377622377622378
0.77622377622377625
143
"DecisionTree"
1
0
1
1
0
0
2
3
0
21
-0.85065122087086231
1
2
1
2
0.46035242290748901
0.53964757709251099
454
1
-1
0
0
0
0
2
0.9285714285714286
0.071428571428571425
70
1
-1
0
0
0
1
2
0.375
0.625
384
"DecisionTree"
1
0
1
1
0
0
2
3
0
13
-0.13531118812848864
1
2
0
2
0.52422907488986781
0.47577092511013214
454
1
-1
0
0
0
0
2
0.65131578947368418
0.34868421052631576
304
1
-1
0
0
0
1
2
0.26666666666666666
0.73333333333333328
150
"DecisionTree"
1
0
1
1
0
0
2
3
0
13
-0.49126240224582551
1
2
1
2
0.49559471365638769
0.50440528634361237
454
1
-1
0
0
0
0
2
0.84536082474226804
0.15463917525773196
97
1
-1
0
0
0
1
2
0.40056022408963587
0.59943977591036413
357
"DecisionTree"
1
0
1
1
0
0
2
3
0
21
-0.84823121610259689
1
2
0
2
0.51982378854625555
0.48017621145374451
454
1
-1
0
0
0
0
2
0.95454545454545459
0.045454545454545456
66
1
-1
0
0
0
1
2
0.44587628865979384
0.55412371134020622
388
"DecisionTree"
1
0
1
1
0
0
2
3
0
22
-0.16769074840080733
1
2
0
2
0.5770925110132159
0.42290748898678415
454
1
-1
0
0
0
0
2
0.76623376623376627
0.23376623376623376
231
1
-1
0
0
0
1
2
0.3811659192825112
0.6188340807174888
223
"DecisionTree"
1
0
1
1
0
0
2
3
0
21
1.0651858873392235
1
2
0
2
0.57048458149779735
0.42951541850220265
454
1
-1
0
0
0
0
2
0.6795580110497238
0.32044198895027626
362
1
-1
0
0
0
1
2
0.14130434782608695
0.85869565217391308
92
"DecisionTree"
1
0
1
1
0
0
2
3
0
8
-1.0434341205955591
1
2
1
2
0.46916299559471364
0.53083700440528636
454
1
-1
0
0
0
0
2
1
0
57
1
-1
0
0
0
1
2
0.39294710327455917
0.60705289672544083
397
"DecisionTree"
1
0
1
1
0
0
2
3
0
28
1.0169718870192377
1
2
0
2
0.5506607929515418
0.44933920704845814
454
1
-1
0
0
0
0
2
0.62720403022670024
0.37279596977329976
397
1
-1
0
0
0
1
2
0.017543859649122806
0.98245614035087714
57
"DecisionTree"
1
0
1
1
0
0
2
3
0
24
0.12851959106658634
1
2
0
2
0.50220264317180618
0.49779735682819382
454
1
-1
0
0
0
0
2
0.66538461538461535
0.33461538461538459
260
1
-1
0
0
0
1
2
0.28350515463917525
0.71649484536082475
194
"DecisionTree"
1
0
1
1
0
0
2
3
0
5
-0.88386120390830147
1
2
1
2
0.47356828193832601
0.52643171806167399
454
1
-1
0
0
0
1
2
0.12121212121212122
0.87878787878787878
99
1
-1
0
0
0
0
2
0.57183098591549297
0.42816901408450703
355
"DecisionTree"
1
0
1
1
0
0
2
3
0
22
-0.48101191538856936
1
2
1
2
0.42070484581497797
0.57929515418502198
454
1
-1
0
0
0
0
2
1
0
40
1
-1
0
0
0
1
2
0.36473429951690822
0.63526570048309183
414
"DecisionTree"
1
0
1
1
0
0
2
3
0
9
-1.0838707978088222
1
2
0
2
0.53303964757709255
0.46696035242290751
454
1
-1
0
0
0
1
2
0.15909090909090909
0.84090909090909094
88
1
-1
0
0
0
0
2
0.62295081967213117
0.37704918032786883
366
"DecisionTree"
1
0
1
1
0
0
2
3
0
29
1.0078787469079633
1
2
1
2
0.48458149779735682
0.51541850220264318
454
1
-1
0
0
0
0
2
0.57567567567567568
0.42432432432432432
370
1
-1
0
0
0
1
2
0.083333333333333329
0.91666666666666663
84
"DecisionTree"
1
0
1
1
0
0
2
3
0
4
-0.47848637018970086
1
2
1
2
0.42511013215859028
0.57488986784140972
454
1
-1
0
0
0
0
2
0.71241830065359479
0.28758169934640521
153
1
-1
0
0
0
1
2
0.27906976744186046
0.72093023255813948
301
"DecisionTree"
1
0
1
1
0
0
2
3
0
8
-1.0434341205955591
1
2
1
2
0.47577092511013214
0.52422907488986781
454
1
-1
0
0
0
0
2
0.96610169491525422
0.033898305084745763
59
1
-1
0
0
0
1
2
0.40253164556962023
0.59746835443037971
395
"DecisionTree"
1
0
1
1
0
0
2
3
0
22
-0.1056918688327657
1
2
0
2
0.52643171806167399
0.47356828193832601
454
1
-1
0
0
0
0
2
0.72499999999999998
0.27500000000000002
240
1
-1
0
0
0
1
2
0.30373831775700932
0.69626168224299068
214
"DecisionTree"
1
0
1
1
0
0
2
3
0
9
-1.0838707978088222
1
2
1
2
0.46475770925110133
0.53524229074889873
454
1
-1
0
0
0
1
2
0.092783505154639179
0.90721649484536082
97
1
-1
0
0
0
0
2
0.56582633053221287
0.43417366946778713
357
"DecisionTree"
1
0
1
1
0
0
2
3
0
21
-0.85065122087086231
1
2
1
2
0.46916299559471364
0.53083700440528636
454
1
-1
0
0
0
0
2
0.93333333333333335
0.066666666666666666
60
1
-1
0
0
0
1
2
0.39847715736040606
0.60152284263959388
394
"DecisionTree"
1
0
1
1
0
0
2
3
0
26
-0.35667170741639531
1
2
0
2
0.513215859030837
0.486784140969163
454
1
-1
0
0
0
0
2
0.8014184397163121
0.19858156028368795
141
1
-1
0
0
0
1
2
0.38338658146964855
0.61661341853035145
313
"DecisionTree"
1
0
1
1
0
0
2
3
0
1
0.060803441308580584
1
2
0
2
0.56387665198237891
0.43612334801762115
454
1
-1
0
0
0
0
2
0.73684210526315785
0.26315789473684209
247
1
-1
0
0
0
1
2
0.35748792270531399
0.64251207729468596
207
"DecisionTree"
1
0
1
1
0
0
2
3
0
22
0.59292965215346038
1
2
0
2
0.55947136563876654
0.44052863436123346
454
1
-1
0
0
0
0
2
0.62254901960784315
0.37745098039215685
408
1
-1
0
0
0
1
2
0
1
46
"DecisionTree"
1
0
1
1
0
0
2
3
0
13
0.072165150523124263
1
2
1
2
0.46255506607929514
0.5374449339207048
454
1
-1
0
0
0
0
2
0.55153203342618384
0.44846796657381616
359
1
-1
0
0
0
1
2
0.12631578947368421
0.87368421052631584
95
"DecisionTree"
1
0
1
1
0
0
2
3
0
26
-0.35667170741639531
1
2
1
2
0.41409691629955947
0.58590308370044053
454
1
-1
0
0
0
0
2
0.69354838709677424
0.30645161290322581
124
1
-1
0
0
0
1
2
0.30909090909090908
0.69090909090909092
330
"DecisionTree"
1
0
1
1
0
0
2
3
0
3
0.1083301499006101
1
2
0
2
0.52643171806167399
0.47356828193832601
454
1
-1
0
0
0
0
2
0.62643678160919536
0.37356321839080459
348
1
-1
0
0
0
1
2
0.19811320754716982
0.80188679245283023
106
"DecisionTree"
1
0
1
1
0
0
2
3
0
1
-0.90167714522144227
1
2
1
2
0.42511013215859028
0.57488986784140972
454
1
-1
0
0
0
0
2
0.92307692307692313
0.076923076923076927
52
1
-1
0
0
0
1
2
0.36069651741293535
0.63930348258706471
402
"DecisionTree"
1
0
1
1
0
0
2
3
0
5
-0.73998712600926442
1
2
0
2
0.513215859030837
0.486784140969163
454
1
-1
0
0
0
1
2
0.20869565217391303
0.79130434782608694
115
1
-1
0
0
0
0
2
0.61651917404129797
0.38348082595870209
339
"DecisionTree"
1
0
1
1
0
0
2
3
0
4
-0.47848637018970086
1
2
1
2
0.41629955947136565
0.58370044052863435
454
1
-1
0
0
0
0
2
0.69166666666666665
0.30833333333333335
120
1
-1
0
0
0
1
2
0.31736526946107785
0.68263473053892221
334
"DecisionTree"
1
0
1
1
0
0
2
3
0
7
0.0051360480186363675
1
2
1
2
0.486784140969163
0.513215859030837
454
1
-1
0
0
0
0
2
0.66666666666666663
0.33333333333333331
225
1
-1
0
0
0
1
2
0.31004366812227074
0.68995633187772931
229
"DecisionTree"
1
0
1
1
0
0
2
3
0
15
-0.7770775184202624
1
2
0
2
0.54405286343612336
0.45594713656387664
454
1
-1
0
0
0
1
2
0.13793103448275862
0.86206896551724133
87
1
-1
0
0
0
0
2
0.64032697547683926
0.35967302452316074
367
"DecisionTree"
1
0
1
1
0
0
2
3
0
13
-0.49223361974682778
1
2
1
2
0.46255506607929514
0.5374449339207048
454
1
-1
0
0
0
0
2
0.82954545454545459
0.17045454545454544
88
1
-1
0
0
0
1
2
0.37431693989071041
0.62568306010928965
366
"DecisionTree"
1
0
1
1
0
0
2
3
0
27
0.85565600552524923
1
2
1
2
0.48898678414096919
0.51101321585903081
454
1
-1
0
0
0
0
2
0.55500000000000005
0.44500000000000001
400
1
-1
0
0
0
1
2
0
1
54
"DecisionTree"
1
0
1
1
0
0
2
3
0
19
0.32265391648993497
1
2
1
2
0.40088105726872247
0.59911894273127753
454
1
-1
0
0
0
1
2
0.33072916666666669
0.66927083333333337
384
1
-1
0
0
0
0
2
0.7857142857142857
0.21428571428571427
70
"DecisionTree"
1
0
1
1
0
0
2
3
0
6
0.35025672422158127
1
2
0
2
0.5
0.5
454
1
-1
0
0
0
0
2
0.59392265193370164
0.40607734806629836
362
1
-1
0
0
0
1
2
0.13043478260869565
0.86956521739130432
92
"DecisionTree"
1
0
1
1
0
0
2
3
0
21
-0.83451785574909332
1
2
1
2
0.46696035242290751
0.53303964757709255
454
1
-1
0
0
0
0
2
0.87323943661971826
0.12676056338028169
71
1
-1
0
0
0
1
2
0.391644908616188
0.60835509138381205
383
"DecisionTree"
1
0
1
1
0
0
2
3
0
7
-0.025167970270095576
1
2
0
2
0.5
0.5
454
1
-1
0
0
0
0
2
0.65833333333333333
0.34166666666666667
240
1
-1
0
0
0
1
2
0.32242990654205606
0.67757009345794394
214
"DecisionTree"
1
0
1
1
0
0
2
3
0
22
-0.16769074840080733
1
2
0
2
0.53303964757709255
0.46696035242290751
454
1
-1
0
0
0
0
2
0.73658536585365852
0.26341463414634148
205
1
-1
0
0
0
1
2
0.36546184738955823
0.63453815261044177
249
"DecisionTree"
1
0
1
1
0
0
2
3
0
5
-0.73998712600926442
1
2
0
2
0.53524229074889873
0.46475770925110133
454
1
-1
0
0
0
1
2
0.20000000000000001
0.80000000000000004
115
1
-1
0
0
0
0
2
0.64896755162241893
0.35103244837758113
339
"DecisionTree"
1
0
1
1
0
0
2
3
0
29
1.0161240699578813
1
2
0
2
0.54185022026431717
0.45814977973568283
454
1
-1
0
0
0
0
2
0.65988372093023251
0.34011627906976744
344
1
-1
0
0
0
1
2
0.17272727272727273
0.82727272727272727
110
"DecisionTree"
1
0
1
1
0
0
2
3
0
8
-1.0794061377228026
1
2
1
2
0.45154185022026433
0.54845814977973573
454
1
-1
0
0
0
0
2
0.97959183673469385
0.020408163265306121
49
1
-1
0
0
0
1
2
0.38765432098765434
0.61234567901234571
405
"DecisionTree"
1
0
1
1
0
0
2
3
0
21
1.0651858873392235
1
2
1
2
0.45374449339207046
0.54625550660792954
454
1
-1
0
0
0
0
2
0.54120879120879117
0.45879120879120877
364
1
-1
0
0
0
1
2
0.10000000000000001
0.90000000000000002
90
"DecisionTree"
1
0
1
1
0
0
2
3
0
1
-0.86185820842646499
1
2
1
2
0.46916299559471364
0.53083700440528636
454
1
-1
0
0
0
0
2
0.90769230769230769
0.092307692307692313
65
1
-1
0
0
0
1
2
0.39588688946015427
0.60411311053984573
389
"DecisionTree"
1
0
1
1
0
0
2
3
0
22
-0.49310925774330938
1
2
0
2
0.51762114537444937
0.48237885462555063
454
1
-1
0
0
0
0
2
1
0
48
1
-1
0
0
0
1
2
0.4605911330049261
0.53940886699507384
406
"DecisionTree"
1
0
1
1
0
0
2
3
0
22
0.31166644240575891
1
2
0
2
0.51762114537444937
0.48237885462555063
454
1
-1
0
0
0
0
2
0.58734177215189876
0.41265822784810124
395
1
-1
0
0
0
1
2
0.050847457627118647
0.94915254237288138
59
"DecisionTree"
1
0
1
1
0
0
2
3
0
12
0.81720350181653767
1
2
1
2
0.49779735682819382
0.50220264317180618
454
1
-1
0
0
0
0
2
0.55721393034825872
0.44278606965174128
402
1
-1
0
0
0
1
2
0.038461538461538464
0.96153846153846156
52
"DecisionTree"
1
0
1
1
0
0
2
3
0
13
-0.49223361974682778
1
2
1
2
0.47356828193832601
0.52643171806167399
454
1
-1
0
0
0
0
2
0.83333333333333337
0.16666666666666666
90
1
-1
0
0
0
1
2
0.38461538461538464
0.61538461538461542
364
"DecisionTree"
1
0
1
1
0
0
2
3
0
24
0.12851959106658634
1
2
1
2
0.49779735682819382
0.50220264317180618
454
1
-1
0
0
0
0
2
0.64478764478764483
0.35521235521235522
259
1
-1
0
0
0
1
2
0.30256410256410254
0.6974358974358974
195
"DecisionTree"
1
0
1
1
0
0
2
3
0
12
1.1420937643548257
1
2
1
2
0.47577092511013214
0.52422907488986781
454
1
-1
0
0
0
0
2
0.52941176470588236
0.47058823529411764
408
1
-1
0
0
0
1
2
0
1
46
"DecisionTree"
1
0
1
1
0
0
2
3
0
5
-0.64873365993441223
1
2
1
2
0.45374449339207046
0.54625550660792954
454
1
-1
0
0
0
1
2
0.1875
0.8125
144
1
-1
0
0
0
0
2
0.57741935483870965
0.42258064516129035
310
"DecisionTree"
1
0
1
1
0
0
2
3
0
22
-0.48600206910989951
1
2
1
2
0.45154185022026433
0.54845814977973573
454
1
-1
0
0
0
0
2
1
0
40
1
-1
0
0
0
1
2
0.39855072463768115
0.60144927536231885
414
"DecisionTree"
1
0
1
1
0
0
2
3
0
21
-1.0402182610516499
1
2
1
2
0.47136563876651982
0.52863436123348018
454
1
-1
0
0
0
0
2
0.97826086956521741
0.021739130434782608
46
1
-1
0
0
0
1
2
0.41421568627450983
0.58578431372549022
408
"DecisionTree"
1
0
1
1
0
0
2
3
0
20
0.01267949455519674
1
2
0
2
0.54845814977973573
0.45154185022026433
454
1
-1
0
0
0
0
2
0.69636963696369636
0.30363036303630364
303
1
-1
0
0
0
1
2
0.25165562913907286
0.7483443708609272
151
"DecisionTree"
1
0
1
1
0
0
2
3
0
28
1.0217013427850046
1
2
1
2
0.49559471365638769
0.50440528634361237
454
1
-1
0
0
0
0
2
0.56030150753768848
0.43969849246231157
398
1
-1
0
0
0
1
2
0.035714285714285712
0.9642857142857143
56
"DecisionTree"
1
0
1
1
0
0
2
3
0
8
-1.05242712487737
1
2
1
2
0.46035242290748901
0.53964757709251099
454
1
-1
0
0
0
0
2
0.97777777777777775
0.022222222222222223
45
1
-1
0
0
0
1
2
0.4034229828850856
0.5965770171149144
409
"DecisionTree"
1
0
1
1
0
0
2
3
0
27
0.85565600552524923
1
2
0
2
0.51541850220264318
0.48458149779735682
454
1
-1
0
0
0
0
2
0.5714285714285714
0.42857142857142855
406
1
-1
0
0
0
1
2
0.041666666666666664
0.95833333333333337
48
"DecisionTree"
1
0
1
1
0
0
2
3
0
21
-0.85065122087086231
1
2
1
2
0.44713656387665196
0.55286343612334798
454
1
-1
0
0
0
0
2
0.87037037037037035
0.12962962962962962
54
1
-1
0
0
0
1
2
0.39000000000000001
0.60999999999999999
400
"DecisionTree"
1
0
1
1
0
0
2
3
0
21
1.1805394479598728
1
2
0
2
0.53083700440528636
0.46916299559471364
454
1
-1
0
0
0
0
2
0.60103626943005184
0.39896373056994816
386
1
-1
0
0
0
1
2
0.13235294117647059
0.86764705882352944
68
"DecisionTree"
1
0
1
1
0
0
2
3
0
6
0.57563903936644933
1
2
1
2
0.46696035242290751
0.53303964757709255
454
1
-1
0
0
0
0
2
0.52763819095477382
0.47236180904522612
398
1
-1
0
0
0
1
2
0.035714285714285712
0.9642857142857143
56
"DecisionTree"
1
0
1
1
0
0
2
3
0
19
0.27407774657176165
1
2
1
2
0.40088105726872247
0.59911894273127753
454
1
-1
0
0
0
1
2
0.31404958677685951
0.68595041322314054
363
1
-1
0
0
0
0
2
0.74725274725274726
0.25274725274725274
91
"DecisionTree"
1
0
1
1
0
0
2
3
0
12
0.91272900530389089
1
2
1
2
0.4933920704845815
0.50660792951541855
454
1
-1
0
0
0
0
2
0.55036855036855037
0.44963144963144963
407
1
-1
0
0
0
1
2
0
1
47
"DecisionTree"
1
0
1
1
0
0
2
3
0
26
-0.29739089985462025
1
2
1
2
0.46696035242290751
0.53303964757709255
454
1
-1
0
0
0
0
2
0.75968992248062017
0.24031007751937986
129
1
-1
0
0
0
1
2
0.35076923076923078
0.64923076923076928
325
"DecisionTree"
1
0
1
1
0
0
2
3
0
13
-0.13531118812848864
1
2
1
2
0.48458149779735682
0.51541850220264318
454
1
-1
0
0
0
0
2
0.64429530201342278
0.35570469798657717
298
1
-1
0
0
0
1
2
0.17948717948717949
0.82051282051282048
156
"DecisionTree"
1
0
1
1
0
0
2
3
0
6
0.62406829716617307
1
2
1
2
0.43171806167400884
0.56828193832599116
454
1
-1
0
0
0
0
2
0.50130548302872058
0.49869451697127937
383
1
-1
0
0
0
1
2
0.056338028169014086
0.94366197183098588
71
"DecisionTree"
1
0
1
1
0
0
2
3
0
5
-0.73998712600926442
1
2
1
2
0.45814977973568283
0.54185022026431717
454
1
-1
0
0
0
1
2
0.21774193548387097
0.782258064516129
124
1
-1
0
0
0
0
2
0.54848484848484846
0.45151515151515154
330
"DecisionTree"
1
0
1
1
0
0
2
3
0
24
-0.4221333329078375
1
2
1
2
0.42511013215859028
0.57488986784140972
454
1
-1
0
0
0
0
2
0.6257309941520468
0.3742690058479532
171
1
-1
0
0
0
1
2
0.303886925795053
0.69611307420494695
283
"DecisionTree"
1
0
1
1
0
0
2
3
0
1
0.16091962525023767
1
2
1
2
0.43392070484581496
0.56607929515418498
454
1
-1
0
0
0
0
2
0.60084033613445376
0.39915966386554624
238
1
-1
0
0
0
1
2
0.25
0.75
216
"DecisionTree"
1
0
1
1
0
0
2
3
0
2
-0.080435388242337411
1
2
1
2
0.41850220264317178
0.58149779735682816
454
1
-1
0
0
0
0
2
0.65806451612903227
0.34193548387096773
155
1
-1
0
0
0
1
2
0.29431438127090304
0.70568561872909696
299
"DecisionTree"
1
0
1
1
0
0
2
3
0
29
1.0078787469079633
1
2
1
2
0.45374449339207046
0.54625550660792954
454
1
-1
0
0
0
0
2
0.55491329479768781
0.44508670520231214
346
1
-1
0
0
0
1
2
0.12962962962962962
0.87037037037037035
108
"DecisionTree"
1
0
1
1
0
0
2
3
0
7
-0.69082911776495504
1
2
1
2
0.42731277533039647
0.57268722466960353
454
1
-1
0
0
0
0
2
1
0
31
1
-1
0
0
0
1
2
0.38534278959810875
0.61465721040189125
423
"DecisionTree"
1
0
1
1
0
0
2
3
0
13
-0.13531118812848864
1
2
1
2
0.49118942731277532
0.50881057268722463
454
1
-1
0
0
0
0
2
0.6225806451612903
0.3774193548387097
310
1
-1
0
0
0
1
2
0.20833333333333334
0.79166666666666663
144
"DecisionTree"
1
0
1
1
0
0
2
3
0
26
-0.29739089985462025
1
2
1
2
0.47577092511013214
0.52422907488986781
454
1
-1
0
0
0
0
2
0.765625
0.234375
128
1
-1
0
0
0
1
2
0.3619631901840491
0.6380368098159509
326
"DecisionTree"
1
0
1
1
0
0
2
3
0
13
-0.49223361974682778
1
2
1
2
0.49118942731277532
0.50881057268722463
454
1
-1
0
0
0
0
2
0.84444444444444444
0.15555555555555556
90
1
-1
0
0
0
1
2
0.40384615384615385
0.59615384615384615
364
"DecisionTree"
1
0
1
1
0
0
2
3
0
18
-1.2159907892633632
1
2
0
2
0.54845814977973573
0.45154185022026433
454
1
-1
0
0
0
1
2
0
1
39
1
-1
0
0
0
0
2
0.59999999999999998
0.40000000000000002
415
"DecisionTree"
1
0
1
1
0
0
2
3
0
29
1.0078787469079633
1
2
1
2
0.4933920704845815
0.50660792951541855
454
1
-1
0
0
0
0
2
0.58379888268156421
0.41620111731843573
358
1
-1
0
0
0
1
2
0.15625
0.84375
96
"DecisionTree"
1
0
1
1
0
0
2
3
0
15
-0.77652555114879385
1
2
1
2
0.47356828193832601
0.52643171806167399
454
1
-1
0
0
0
1
2
0.19130434782608696
0.80869565217391304
115
1
-1
0
0
0
0
2
0.56932153392330387
0.43067846607669619
339
"DecisionTree"
1
0
1
1
0
0
2
3
0
5
-0.64873365993441223
1
2
1
2
0.44933920704845814
0.5506607929515418
454
1
-1
0
0
0
1
2
0.19285714285714287
0.80714285714285716
140
1
-1
0
0
0
0
2
0.56369426751592355
0.43630573248407645
314
"DecisionTree"
1
0
1
1
0
0
2
3
0
4
-0.53690400112034131
1
2
1
2
0.40088105726872247
0.59911894273127753
454
1
-1
0
0
0
0
2
0.63313609467455623
0.36686390532544377
169
1
-1
0
0
0
1
2
0.26315789473684209
0.73684210526315785
285
100
1.1965495502674384
1.261431773910676
0.86481053833948685
0.77193459078234483
0.57322831983208844
0.6504585365881469
0.59386625633789736
0.50005851113681954
0.36358227131699561
0.51611016393342757
0.54234978200392991
0.36401816275995352
0.43949080332018259
0.27779895314270209
0.36001568640630827
0.2588293073208574
0.39446043923844976
0.48181353324590581
0.27789973241660404
0.32752259237250969
0.23487879885124877
0.30217210482751311
0.35779282796877682
0.41953961726397737
0.33120087555521088
0.36981467920078998
0.2421614217576071
0.1883216507455393
0.28657183773633982
0.30220776511140185
0.22639629433145952
0.3294173459230314
0.31912195006489052
0.24273313875264479
0.29465807436621505
0.26432669996233998
0.20576293170299087
0.32579527491395333
0.2479557660927901
0.31866666431245649
0.28822513127494614
0.29881046567480807
0.29583526959371309
0.29057949298977248
0.27358623406134069
0.24769753332757422
0.2873611923898704
0.26472414693034291
0.25923624192966643
0.27313517707685103
0.3575204946853392
0.24443993437720074
0.26805147799519674
0.31297391393183316
0.21383494014236157
0.25903961148958643
0.24377010328274315
0.25235453483204007
0.23049195541039147
0.29827043255101593
0.31894744001646308
0.23259629224020367
0.27290695917522922
0.24024332611271954
0.22477724392368853
0.15312738810468363
0.2631155304079893
0.17269273172876468
0.27719418527785783
0.27360601601969259
0.14281261796137215
0.1986104609120917
0.2620114284360654
0.17559116544842435
0.27085491416616153
0.21768614677359052
0.22584030532024565
0.1827209852666527
0.2046858766855609
0.21775034156130177
0.14059271962258352
0.25412566852711699
0.16248974552109721
0.31658932938805912
0.32725564411939495
0.11762005598372906
0.15624809174660018
0.32291688408534408
0.26782214182005071
0.3335925745952395
0.21675122477998507
0.26684202915176153
0.1969361437588712
0.25007082999367541
0.20040207745458352
0.23117296725068454
0.20786673641304601
0.16100211927026262
0.15566421818751744
0.35883347381119751
