MLCPP_ARCHIVE_V1
"GradientBoostedTrees"
50
0.20000000000000001
3
5
1
0
1
0
50
"DecisionTree"
0
0
3
5
0
0
1
13
0
7
0.38871963157583611
1
8
0
0
320
0
7
-0.58028008725269109
2
5
-0.35584574776723182
0
230
0
1
-0.17217849905979193
3
4
-0.75037375097840786
0
102
1
-1
0
0
0
-0.46752869941849939
0
50
1
-1
0
0
0
-1.02234014670909
0
52
0
0
-1.1801100602554198
6
7
-0.041456245208326158
0
128
1
-1
0
0
0
0.75165272095517954
0
21
1
-1
0
0
0
-0.19711314510957501
0
107
0
7
1.967192980242934
9
12
0.90938357762737088
0
90
0
2
-0.16696227943096278
10
11
0.75432620225647229
0
81
1
-1
0
0
0
0.41623647090186139
0
40
1
-1
0
0
0
1.0841698426024338
0
41
1
-1
0
0
0
2.3048999559654626
0
9
"DecisionTree"
0
0
3
5
0
0
1
13
0
7
0.38871963157583611
1
8
2.0816681711721684e-18
0
320
0
7
-0.67971147929471287
2
5
-0.28467659821378555
0
230
0
1
-0.17217849905979193
3
4
-0.6771363005266593
0
79
1
-1
0
0
0
-0.45934557490245459
0
37
1
-1
0
0
0
-0.8689995588146493
0
42
0
2
1.0150715572484206
6
7
-0.079349998990494247
0
151
1
-1
0
0
0
-0.20867259442878167
0
126
1
-1
0
0
0
0.57243588201847473
0
25
0
7
2.2663193305464571
9
12
0.72750686210189675
0
90
0
1
1.0227820159360146
10
11
0.62725400837636891
0
84
1
-1
0
0
0
0.71245951461115686
0
77
1
-1
0
0
0
-0.31000656020629852
0
7
1
-1
0
0
0
2.1310468142592849
0
6
"DecisionTree"
0
0
3
5
0
0
1
15
0
7
-0.12261113397935636
1
8
-1.3877787807814458e-18
0
320
0
4
0.22183998219012566
2
5
-0.35623147524104637
0
169
0
1
-0.58201081441480662
3
4
-0.49769587009913951
0
119
1
-1
0
0
0
-0.28888243257962537
0
53
1
-1
0
0
0
-0.66537938810723396
0
66
0
2
0.69986253413391841
6
7
-0.019546215478784386
0
50
1
-1
0
0
0
-0.17693231709864493
0
43
1
-1
0
0
0
0.94725412304321588
0
7
0
7
1.324969269872164
9
12
0.39869615440885303
0
151
0
0
-1.1955176634846896
10
11
0.24782505636896457
0
124
1
-1
0
0
0
0.70440329631468668
0
37
1
-1
0
0
0
0.053648103748370188
0
87
0
2
0.030043360015601105
13
14
1.0915856417031553
0
27
1
-1
0
0
0
0.71817052185094721
0
15
1
-1
0
0
0
1.5583545415184155
0
12
"DecisionTree"
0
0
3
5
0
0
1
13
0
7
0.61227919770055506
1
8
1.1449174941446926e-17
0
320
0
7
-0.58028008725269109
2
5
-0.16269930248537737
0
248
0
1
-0.58201081441480662
3
4
-0.40875458059800124
0
102
1
-1
0
0
0
-0.25075015886201313
0
47
1
-1
0
0
0
-0.54377654099057293
0
55
0
0
-1.1801100602554198
6
7
0.0092023301686476756
0
146
1
-1
0
0
0
0.54669768828610588
0
31
1
-1
0
0
0
-0.13568772288910197
0
115
0
7
1.967192980242934
9
12
0.56040870856074443
0
72
0
4
-0.20594692407773668
10
11
0.46094931717829757
0
63
1
-1
0
0
0
0.22946110842318418
0
33
1
-1
0
0
0
0.71558634680892264
0
30
1
-1
0
0
0
1.2566244482378699
0
9
"DecisionTree"
0
0
3
5
0
0
1
15
0
7
-0.12261113397935636
1
8
2.914335439641036e-17
0
320
0
4
0.56621439977066101
2
5
-0.23134617266009816
0
169
0
1
-0.58201081441480662
3
4
-0.31887275801250975
0
133
1
-1
0
0
0
-0.15690699066809558
0
59
1
-1
0
0
0
-0.44800762657089427
0
74
0
3
0.64161067827216711
6
7
0.092015934336311778
0
36
1
-1
0
0
0
0.32998708897420548
0
22
1
-1
0
0
0
-0.28193873723752111
0
14
0
7
1.0200713889830482
9
12
0.25892386211626883
0
151
0
7
-0.074694007954785951
10
11
0.13395873160755198
0
115
1
-1
0
0
0
1.0064414126728902
0
7
1
-1
0
0
0
0.077408928205168967
0
108
0
2
0.030043360015601105
13
14
0.65811802901911409
0
36
1
-1
0
0
0
0.35933715971833857
0
19
1
-1
0
0
0
0.99204958882586258
0
17
"DecisionTree"
0
0
3
5
0
0
1
13
0
7
0.61227919770055506
1
8
2.2204460492503132e-17
0
320
0
1
0.96522129748727636
2
5
-0.10880543355275811
0
248
0
0
-1.1929497296131428
3
4
-0.028516819685250518
0
194
1
-1
0
0
0
0.47370308118270338
0
30
1
-1
0
0
0
-0.12038631374646155
0
164
0
0
-0.81546345049595637
6
7
-0.39724971300269279
0
54
1
-1
0
0
0
-0.45768819214638901
0
41
1
-1
0
0
0
-0.20663604801103594
0
13
0
1
1.0458063033155103
9
12
0.37477427112616712
0
72
0
2
-0.20636340732027558
10
11
0.43216826250284601
0
67
1
-1
0
0
0
0.22340003035553205
0
29
1
-1
0
0
0
0.59149138703632231
0
38
1
-1
0
0
0
-0.39430521332132984
0
5
"DecisionTree"
0
0
3
5
0
0
1
13
0
7
-0.58028008725269109
1
6
-2.4286128663675298e-18
0
320
0
0
1.2979461257860025
2
5
-0.24607254253549901
0
102
0
1
-0.58201081441480662
3
4
-0.21797178436102546
0
97
1
-1
0
0
0
-0.089625756368008985
0
42
1
-1
0
0
0
-0.31598147846478364
0
55
1
-1
0
0
0
-0.79122725112028558
0
5
0
1
1.0227820159360146
7
10
0.115134859351472
0
218
0
2
1.0150715572484206
8
9
0.19305114999845818
0
189
1
-1
0
0
0
0.11328688701385801
0
159
1
-1
0
0
0
0.61580174381683861
0
30
0
0
-0.8462786569545
11
12
-0.39266441417543735
0
29
1
-1
0
0
0
-0.4912179481236193
0
20
1
-1
0
0
0
-0.17365656095725548
0
9
"DecisionTree"
0
0
3
5
0
0
1
13
0
7
0.78668679869866942
1
6
1.8735013540549518e-17
0
320
0
0
1.3390330677307298
2
5
-0.072711635087767457
0
262
0
4
-0.2035637101152416
3
4
-0.052995773238858013
0
255
1
-1
0
0
0
-0.15580002303167456
0
140
1
-1
0
0
0
0.072157226508918662
0
115
1
-1
0
0
0
-0.7909323167266108
0
7
0
2
-0.16696227943096278
7
10
0.32845600677577702
0
58
0
3
-0.37269961905962712
8
9
0.11892848446730335
0
30
1
-1
0
0
0
-0.2968489367839437
0
5
1
-1
0
0
0
0.20208396871755274
0
25
0
6
-0.025843111997218383
11
12
0.55294978067771317
0
28
1
-1
0
0
0
0.40176403821405443
0
20
1
-1
0
0
0
0.93091413683686031
0
8
"DecisionTree"
0
0
3
5
0
0
1
15
0
7
1.242288738692513
1
8
1.457167719820518e-17
0
320
0
0
-1.4086561748229669
2
5
-0.041958564636698441
0
290
0
2
1.6848907313667378
3
4
0.39474307200161912
0
21
1
-1
0
0
0
0.063432131097894556
0
15
1
-1
0
0
0
1.2230204242609304
0
6
0
1
0.78332942718926379
6
7
-0.076050513965340377
0
269
1
-1
0
0
0
-0.0099865225088560383
0
194
1
-1
0
0
0
-0.24693603853277973
0
75
0
2
-0.79738032565996719
9
12
0.40559945815475174
0
30
0
2
-1.191391604553095
10
11
0.16381166955298895
0
13
1
-1
0
0
0
0.39739259417129019
0
6
1
-1
0
0
0
-0.036400551548412076
0
7
0
6
-0.64679228119208676
13
14
0.59049600237962929
0
17
1
-1
0
0
0
0.80126940532538027
0
5
1
-1
0
0
0
0.50267375115223289
0
12
"DecisionTree"
0
0
3
5
0
0
1
15
0
7
-0.3355940347518731
1
8
-9.8879238130678007e-18
0
320
0
6
0.89518818708052583
2
5
-0.13611159733778586
0
135
0
2
0.227048999462165
3
4
-0.17394065621586496
0
118
1
-1
0
0
0
-0.28004755024768729
0
57
1
-1
0
0
0
-0.074791591300883392
0
61
0
3
0.64161067827216711
6
7
0.12646657605123399
0
17
1
-1
0
0
0
0.45408149610640158
0
8
1
-1
0
0
0
-0.16474668622002606
0
9
0
1
1.0342941596257615
9
12
0.099324679138384206
0
185
0
0
1.1798211676949104
10
11
0.15085680367774248
0
162
1
-1
0
0
0
0.20613993277186046
0
145
1
-1
0
0
0
-0.32067576800738179
0
17
0
0
-0.83343898759677315
13
14
-0.26364071979100823
0
23
1
-1
0
0
0
-0.34659897450290472
0
15
1
-1
0
0
0
-0.10809399220620226
0
8
"DecisionTree"
0
0
3
5
0
0
1
13
0
7
-0.68121476167979744
1
6
-4.3368086899420177e-18
0
320
0
1
-1.0816378505498532
2
3
-0.17289809261060229
0
78
1
-1
0
0
0
0.15837536061429733
0
6
0
0
0.92816364828344911
4
5
-0.20050421371267727
0
72
1
-1
0
0
0
-0.17401403078909863
0
67
1
-1
0
0
0
-0.5554726648886309
0
5
0
2
-0.79738032565996719
7
10
0.055727484395152793
0
242
0
0
-1.1929497296131428
8
9
-0.1098837105530279
0
72
1
-1
0
0
0
0.46231470770253302
0
7
1
-1
0
0
0
-0.17150507867285755
0
65
0
1
1.0158747297221657
11
12
0.12586869637320577
0
170
1
-1
0
0
0
0.17771545017266502
0
146
1
-1
0
0
0
-0.18953238924017113
0
24
"DecisionTree"
0
0
3
5
0
0
1
13
0
7
1.242288738692513
1
8
2.2551405187698493e-18
0
320
0
0
-1.4086561748229669
2
5
-0.030443834689528847
0
290
0
2
1.6848907313667378
3
4
0.28162210569351248
0
21
1
-1
0
0
0
0.029867089188678576
0
15
1
-1
0
0
0
0.91100964695559716
0
6
0
0
1.3390330677307298
6
7
-0.054805859775193783
0
269
1
-1
0
0
0
-0.041568544243574035
0
262
1
-1
0
0
0
-0.55025966967296192
0
7
0
5
-0.59096201939712478
9
10
0.29429040199877865
0
30
1
-1
0
0
0
0.64147793463389502
0
5
0
5
-0.49791843173974415
11
12
0.22485289547175533
0
25
1
-1
0
0
0
-0.10496599209657584
0
5
1
-1
0
0
0
0.30730761736383816
0
20
"DecisionTree"
0
0
3
5
0
0
1
15
0
3
0.0082118361077513045
1
8
-9.7144514654701191e-18
0
320
0
1
-0.85599983423080006
2
5
-0.060546645006809841
0
210
0
0
1.2286119112542746
3
4
0.14238817380863755
0
35
1
-1
0
0
0
0.32766753065006743
0
23
1
-1
0
0
0
-0.21273059347076964
0
12
0
7
1.2841927351767453
6
7
-0.10113360876989926
0
175
1
-1
0
0
0
-0.13054653000676328
0
163
1
-1
0
0
0
0.29839190469750393
0
12
0
5
-0.016688341158315072
9
12
0.1155890495584551
0
110
0
2
-0.83678145354928002
10
11
0.47863253279820617
0
25
1
-1
0
0
0
0.029242357196563359
0
8
1
-1
0
0
0
0.69011026249309693
0
17
0
7
0.78416343183799198
13
14
0.0088115544879401181
0
85
1
-1
0
0
0
-0.041214990151350744
0
68
1
-1
0
0
0
0.20891773304510347
0
17
"DecisionTree"
0
0
3
5
0
0
1
15
0
3
0.0082118361077513045
1
8
-8.3266726846886737e-18
0
320
0
2
0.227048999462165
2
5
-0.048437316005447879
0
210
0
1
-0.80304397325796162
3
4
-0.14458685225946116
0
94
1
-1
0
0
0
0.026827396258684154
0
25
1
-1
0
0
0
-0.20669346404139785
0
69
0
0
-1.4471751828961512
6
7
0.029476963372804268
0
116
1
-1
0
0
0
0.52519841993734939
0
6
1
-1
0
0
0
0.0024376111965563351
0
110
0
5
-0.14348727689604776
9
12
0.092471239646764125
0
110
0
7
0.78918332123104218
10
11
0.52925721671690951
0
14
1
-1
0
0
0
0.98233681172388854
0
7
1
-1
0
0
0
0.076177621709930393
0
7
0
5
0.40265694460913531
13
14
0.028773284657367931
0
96
1
-1
0
0
0
0.17164197054797431
0
36
1
-1
0
0
0
-0.05694792687699593
0
60
"DecisionTree"
0
0
3
5
0
0
1
9
0
0
1.3390330677307298
1
8
-5.2041704279304213e-18
0
320
0
1
-0.85599983423080006
2
5
0.0098750936177611527
0
313
0
0
0.79976695470617343
3
4
0.17311599412436982
0
55
1
-1
0
0
0
0.42395277810001292
0
15
1
-1
0
0
0
0.079052200133503711
0
40
0
0
0.97181852409972325
6
7
-0.024924323156903454
0
258
1
-1
0
0
0
-0.0043150549186179964
0
245
1
-1
0
0
0
-0.41332976303228391
0
13
1
-1
0
0
0
-0.44155775747989207
0
7
"DecisionTree"
0
0
3
5
0
0
1
9
0
7
1.967192980242934
1
8
-3.5561831257524545e-17
0
320
0
0
-1.1955176634846896
2
5
-0.010602524177960653
0
311
0
1
0.78332942718926379
3
4
0.10971693553765771
0
64
1
-1
0
0
0
0.50123120257363007
0
14
1
-1
0
0
0
9.2940767585477643e-05
0
50
0
1
-0.49221609363477492
6
7
-0.041778416573910356
0
247
1
-1
0
0
0
0.016695627078034878
0
163
1
-1
0
0
0
-0.1552459060413755
0
84
1
-1
0
0
0
0.36637611326063968
0
9
"DecisionTree"
0
0
3
5
0
0
1
15
0
0
1.1798211676949104
1
8
-2.0990154059319365e-17
0
320
0
7
-1.0078565484960293
2
5
0.019120722916523197
0
286
0
5
-0.30663812595108264
3
4
-0.17007981729094193
0
31
1
-1
0
0
0
-0.070713597353815424
0
18
1
-1
0
0
0
-0.30766381412696325
0
13
0
4
0.70205759563287917
6
7
0.042121572902528756
0
255
1
-1
0
0
0
0.012331022263019863
0
215
1
-1
0
0
0
0.20224578258988907
0
40
0
1
-0.96651641365237828
9
12
-0.16083902218016588
0
34
0
5
-0.59226030201559987
10
11
-0.025339877699860278
0
22
1
-1
0
0
0
0.24665332110337959
0
5
1
-1
0
0
0
-0.10533787734787199
0
17
0
7
-0.37671954571525795
13
14
-0.40925412039405956
0
12
1
-1
0
0
0
-0.24819419451308264
0
5
1
-1
0
0
0
-0.52429692459475741
0
7
"DecisionTree"
0
0
3
5
0
0
1
9
0
0
1.3544406709600034
1
8
-3.5561831257524545e-17
0
320
0
1
-0.85599983423080006
2
5
0.007185771869186142
0
314
0
4
0.11102053293410562
3
4
0.12705138351466394
0
56
1
-1
0
0
0
0.2291203784820087
0
35
1
-1
0
0
0
-0.043063608097577255
0
21
0
1
-0.78001968587846604
6
7
-0.018831570193398189
0
258
1
-1
0
0
0
-0.18320288906905879
0
35
1
-1
0
0
0
0.0069666188678041514
0
223
1
-1
0
0
0
-0.3760553944874096
0
6
"DecisionTree"
0
0
3
5
0
0
1
9
0
7
1.967192980242934
1
8
-2.3071822230491536e-17
0
320
0
4
-0.14994139595910289
2
5
-0.0082825673283118875
0
311
0
5
-0.25037921248382922
3
4
-0.052817382846860182
0
177
1
-1
0
0
0
-0.0034799072222693708
0
134
1
-1
0
0
0
-0.20656672549093383
0
43
0
5
-0.019717667268090256
6
7
0.050543271080516816
0
134
1
-1
0
0
0
0.24527872868336881
0
33
1
-1
0
0
0
-0.013083165561999153
0
101
1
-1
0
0
0
0.28620871545611015
0
9
"DecisionTree"
0
0
3
5
0
0
1
15
0
2
0.069444487904913879
1
8
-3.0531133177191807e-17
0
320
0
2
-1.8218096507820993
2
5
-0.046950376057278739
0
163
0
1
-0.66950310645688771
3
4
-0.25381989419003692
0
10
1
-1
0
0
0
-0.11266472103698714
0
5
1
-1
0
0
0
-0.39497506734308663
0
5
0
7
-0.25296719222883224
6
7
-0.033429492519190016
0
153
1
-1
0
0
0
-0.097806603965551644
0
73
1
-1
0
0
0
0.02531462167561499
0
80
0
4
0.69252473978289897
9
12
0.048744657944818026
0
157
0
0
-1.4420393151530611
10
11
0.022442209469935557
0
147
1
-1
0
0
0
0.28732131069299199
0
11
1
-1
0
0
0
0.0010181645180707189
0
136
0
4
1.0178334456634739
13
14
0.43539065052559012
0
10
1
-1
0
0
0
0.71960491626203438
0
5
1
-1
0
0
0
0.15117638478914569
0
5
"DecisionTree"
0
0
3
5
0
0
1
13
0
4
-0.88873772433256981
1
6
-3.4694469519536142e-17
0
320
0
5
-0.87052554324209175
2
5
-0.14088650899028127
0
27
0
7
-0.220297644681548
3
4
-0.021882809253996195
0
20
1
-1
0
0
0
-0.12375946182958193
0
12
1
-1
0
0
0
0.13093216960938242
0
8
1
-1
0
0
0
-0.48089707966538153
0
7
0
5
-0.81902699937591361
7
10
0.012982715845520762
0
293
0
1
0.59222784193945333
8
9
0.44736217218900498
0
10
1
-1
0
0
0
0.75342890584246269
0
5
1
-1
0
0
0
0.1412954385355473
0
5
0
3
0.0082118361077513045
11
12
-0.0023663815517754841
0
283
1
-1
0
0
0
-0.040617581982413296
0
173
1
-1
0
0
0
0.057792324580045781
0
110
"DecisionTree"
0
0
3
5
0
0
1
9
0
1
2.1325526676276874
1
8
-4.0592529337857284e-17
0
320
0
0
-1.4086561748229669
2
5
0.0052516199058433898
0
315
0
1
0.93989458136983173
3
4
0.19552564706452821
0
19
1
-1
0
0
0
-0.15162290850854374
0
6
1
-1
0
0
0
0.35574805732902298
0
13
0
2
1.5666873476987995
6
7
-0.006961915621234366
0
296
1
-1
0
0
0
0.0052029482868218473
0
279
1
-1
0
0
0
-0.20660879975933336
0
17
1
-1
0
0
0
-0.33085205406813556
0
5
"DecisionTree"
0
0
3
5
0
0
1
15
0
0
1.1798211676949104
1
8
-5.0306980803327406e-17
0
320
0
1
-0.67410796393278749
2
5
0.014287971187111987
0
286
0
0
0.6585305917711709
3
4
0.078529000911750815
0
122
1
-1
0
0
0
0.31163966992996628
0
26
1
-1
0
0
0
0.015394861385984129
0
96
0
0
-0.11698543743557321
6
7
-0.033501087510485222
0
164
1
-1
0
0
0
0.019468363504914252
0
134
1
-1
0
0
0
-0.27009796871260267
0
30
0
1
-0.96651641365237828
9
12
-0.12018705175041315
0
34
0
2
-1.0731882208851566
10
11
-0.024874805577480782
0
22
1
-1
0
0
0
0.25303254323469132
0
5
1
-1
0
0
0
-0.10661226111047258
0
17
0
7
-0.37671954571525795
13
14
-0.2949261697341225
0
12
1
-1
0
0
0
-0.15930417331734006
0
5
1
-1
0
0
0
-0.39179902431753849
0
7
"DecisionTree"
0
0
3
5
0
0
1
15
0
5
0.022692898268762311
1
8
-3.4000580129145422e-17
0
320
0
6
0.026119161575573958
2
5
0.024770440308722056
0
221
0
4
0.064547860665452053
3
4
-0.0074575535575149053
0
203
1
-1
0
0
0
0.0019985084441081764
0
198
1
-1
0
0
0
-0.38191760882178932
0
5
0
7
-0.32550056730916244
6
7
0.38823059335572774
0
18
1
-1
0
0
0
-0.090835284150487111
0
7
1
-1
0
0
0
0.69309069722331895
0
11
0
4
0.58408850448937399
9
12
-0.055295629376036194
0
99
0
5
0.17675576899447165
10
11
-0.16352238998311705
0
41
1
-1
0
0
0
-0.055728214154840375
0
17
1
-1
0
0
0
-0.23987659786147972
0
24
0
2
0.10884561579422665
13
14
0.021209494501383
0
58
1
-1
0
0
0
-0.033032240616711478
0
45
1
-1
0
0
0
0.2089693468332485
0
13
"DecisionTree"
0
0
3
5
0
0
1
15
0
1
1.0158747297221657
1
8
-1.8388068845354155e-17
0
320
0
1
0.95140672505958035
2
5
0.016868913522915207
0
261
0
2
1.5666873476987995
3
4
0.0034926265784372967
0
246
1
-1
0
0
0
0.015253947643245891
0
234
1
-1
0
0
0
-0.22585313418533046
0
12
0
7
-0.36155250022288699
6
7
0.23624001941235309
0
15
1
-1
0
0
0
0.038447693861017485
0
8
1
-1
0
0
0
0.46228839147102235
0
7
0
0
-0.8462786569545
9
12
-0.074623498804760602
0
59
0
7
-0.59579610901302815
10
11
-0.13060456229901979
0
42
1
-1
0
0
0
-0.014057636111439025
0
17
1
-1
0
0
0
-0.20985647210657465
0
25
0
2
-1.191391604553095
13
14
0.063682658063409114
0
17
1
-1
0
0
0
-0.026641262638449688
0
7
1
-1
0
0
0
0.12690940255471028
0
10
"DecisionTree"
0
0
3
5
0
0
1
9
0
7
2.2663193305464571
1
8
6.5919492087118667e-18
0
320
0
6
1.1601957823017668
2
5
-0.0048244303037481675
0
314
0
4
1.0774137947258504
3
4
-0.017207585261957623
0
281
1
-1
0
0
0
-0.0082023579766178634
0
275
1
-1
0
0
0
-0.42994716917336345
0
6
0
6
1.4745675374171605
6
7
0.1006200104010052
0
33
1
-1
0
0
0
0.37685390502240634
0
11
1
-1
0
0
0
-0.037496936909695376
0
22
1
-1
0
0
0
0.252478519229488
0
6
"DecisionTree"
0
0
3
5
0
0
1
13
0
1
-0.70634196626408108
1
6
-1.6306400674181987e-17
0
320
0
0
0.62257951756953356
2
3
0.037697160860491213
0
141
1
-1
0
0
0
0.82869471810474826
0
6
0
1
-0.71785410995382959
4
5
0.0025417138718575702
0
135
1
-1
0
0
0
-0.012960309087142383
0
129
1
-1
0
0
0
0.33583520749035656
0
6
0
0
-0.43284130363567241
7
10
-0.02969441162753779
0
179
0
1
0.78332942718926379
8
9
0.021139563040449644
0
128
1
-1
0
0
0
0.23362714088241235
0
28
1
-1
0
0
0
-0.038356958755299903
0
100
0
1
0.4725015475660771
11
12
-0.15727772059817291
0
51
1
-1
0
0
0
-0.087578372961071821
0
43
1
-1
0
0
0
-0.53191171414759153
0
8
"DecisionTree"
0
0
3
5
0
0
1
15
0
3
0.47132341640283532
1
8
-1.6653345369377347e-17
0
320
0
4
0.75687151677026554
2
5
0.014100406328687838
0
268
0
5
-0.026209080360465646
3
4
0.0011770985653347761
0
258
1
-1
0
0
0
0.023312962975703986
0
207
1
-1
0
0
0
-0.088668468747340301
0
51
0
5
0.43295020570688714
6
7
0.34752174662319713
0
10
1
-1
0
0
0
0.57391901015557067
0
5
1
-1
0
0
0
0.12112448309082349
0
5
0
6
1.1134297360862537
9
12
-0.072671324924775876
0
52
0
5
1.0500672103553745
10
11
-0.22251367702814628
0
22
1
-1
0
0
0
-0.15033911737908884
0
16
1
-1
0
0
0
-0.41497916942563284
0
6
0
1
-1.1092669954052485
13
14
0.037213066617695786
0
30
1
-1
0
0
0
0.30442130837535203
0
5
1
-1
0
0
0
-0.01622858173383546
0
25
"DecisionTree"
0
0
3
5
0
0
1
13
0
4
-0.79936720073900525
1
6
-1.457167719820518e-17
0
320
0
1
-0.83297554685130604
2
3
-0.092174044931087551
0
35
1
-1
0
0
0
-0.3626225044596319
0
7
0
6
-1.053397071899187
4
5
-0.024561930048951457
0
28
1
-1
0
0
0
0.12238053261497782
0
12
1
-1
0
0
0
-0.13476877704689844
0
16
0
5
-0.75887323805323503
7
10
0.011319619552940557
0
285
0
7
-0.46855399284694188
8
9
0.37574777456764819
0
10
1
-1
0
0
0
0.099948922253743522
0
5
1
-1
0
0
0
0.65154662688155285
0
5
0
4
-0.40732850390856878
11
12
-0.0019323133566851744
0
275
1
-1
0
0
0
-0.05921466364525188
0
91
1
-1
0
0
0
0.02639754466646466
0
184
"DecisionTree"
0
0
3
5
0
0
1
9
0
1
2.1325526676276874
1
8
-1.214306433183765e-17
0
320
0
2
-1.8218096507820993
2
5
0.0039251357246837303
0
315
0
1
-0.66950310645688771
3
4
-0.16927242178101412
0
10
1
-1
0
0
0
-0.071184849811128298
0
5
1
-1
0
0
0
-0.26735999375089997
0
5
0
6
-0.373990344934927
6
7
0.0096037441674934904
0
305
1
-1
0
0
0
-0.025258083447511442
0
140
1
-1
0
0
0
0.039183476689315849
0
165
1
-1
0
0
0
-0.24728355065507582
0
5
"DecisionTree"
0
0
3
5
0
0
1
13
0
5
0.022692898268762311
1
8
-2.1163626406917045e-17
0
320
0
6
0.026119161575573958
2
5
0.021183655348930425
0
221
0
4
0.064547860665452053
3
4
-2.0912129918614369e-05
0
203
1
-1
0
0
0
0.0068563151199683382
0
198
1
-1
0
0
0
-0.27235911122544237
0
5
0
7
-0.345096926971872
6
7
0.26032405524928343
0
18
1
-1
0
0
0
-0.12859719897401162
0
6
1
-1
0
0
0
0.454784682360931
0
12
0
4
-0.15232460992159794
9
10
-0.047288765980945738
0
99
1
-1
0
0
0
-0.30319044669384759
0
6
0
2
1.3302805803629227
11
12
-0.030778980128500458
0
93
1
-1
0
0
0
-0.015650918813656541
0
88
1
-1
0
0
0
-0.2970328592697532
0
5
"DecisionTree"
0
0
3
5
0
0
1
15
0
1
-0.84909254801695289
1
8
-1.6306400674181987e-17
0
320
0
0
1.2286119112542746
2
5
0.063038478635999554
0
64
0
5
0.97866166633924523
3
4
0.14012454076515807
0
41
1
-1
0
0
0
0.18878678114086123
0
36
1
-1
0
0
0
-0.21024358993990461
0
5
0
2
-1.1519904766637823
6
7
-0.074375806029022162
0
23
1
-1
0
0
0
0.16390201170187507
0
5
1
-1
0
0
0
-0.14056408873204915
0
18
0
1
-0.78001968587846604
9
12
-0.015759619658999895
0
256
0
2
-0.6003746862134034
10
11
-0.12813788757949135
0
33
1
-1
0
0
0
0.1588893872148722
0
9
1
-1
0
0
0
-0.23577311562737768
0
24
0
1
-0.74318082607127267
13
14
0.00087034823954814473
0
223
1
-1
0
0
0
0.12979721901060479
0
29
1
-1
0
0
0
-0.018402225226228364
0
194
"DecisionTree"
0
0
3
5
0
0
1
15
0
2
0.069444487904913879
1
8
-1.3877787807814457e-17
0
320
0
0
-0.60232493915767549
2
5
-0.025590073575763997
0
163
0
1
0.70965170757487883
3
4
0.039217734034937481
0
56
1
-1
0
0
0
0.38590479639202019
0
6
1
-1
0
0
0
-0.0023847134479124542
0
50
0
1
-0.49221609363477492
6
7
-0.059508178493514294
0
107
1
-1
0
0
0
-0.01636969615527116
0
87
1
-1
0
0
0
-0.24716057666487182
0
20
0
0
-1.4497431167676944
9
12
0.026568038171016078
0
157
0
7
0.1649453108246767
10
11
0.22995504650579068
0
10
1
-1
0
0
0
0.17003215051131865
0
5
1
-1
0
0
0
0.28987794250026266
0
5
0
1
0.79253914214106169
13
14
0.012732187263888547
0
147
1
-1
0
0
0
0.057215717412533625
0
102
1
-1
0
0
0
-0.088097147739706921
0
45
"DecisionTree"
0
0
3
5
0
0
1
13
0
0
0.97181852409972325
1
6
-1.3877787807814457e-17
0
320
0
1
-0.94579455501083343
2
3
0.010753251988170587
0
274
1
-1
0
0
0
0.45736109243999917
0
5
0
0
0.91532397892572226
4
5
0.0024519910132295365
0
269
1
-1
0
0
0
-0.003111973389542869
0
262
1
-1
0
0
0
0.21070323008842534
0
7
0
1
-0.98723827229392325
7
10
-0.064051979233885711
0
46
0
7
0.33395720183346989
8
9
0.042144205017140834
0
27
1
-1
0
0
0
0.14012872139919805
0
20
1
-1
0
0
0
-0.2378115560744512
0
7
0
3
-0.24841826276574863
11
12
-0.21496234632744979
0
19
1
-1
0
0
0
-0.12113841381648734
0
10
1
-1
0
0
0
-0.3192111602285192
0
9
"DecisionTree"
0
0
3
5
0
0
1
9
0
0
-1.5139414635563357
1
2
-1.6653345369377347e-17
0
320
1
-1
0
0
0
-0.20674949236115597
0
5
0
0
-1.1492948537968724
3
6
0.0032817379739865891
0
315
0
1
0.73267599495437441
4
5
0.057349032098579791
0
67
1
-1
0
0
0
0.4350313768448118
0
6
1
-1
0
0
0
0.020199949008786505
0
61
0
1
-0.49221609363477492
7
8
-0.011325151970964009
0
248
1
-1
0
0
0
0.01543259545354665
0
171
1
-1
0
0
0
-0.070748201446175982
0
77
"DecisionTree"
0
0
3
5
0
0
1
15
0
5
0.2061835083465734
1
8
-2.671474153004283e-17
0
320
0
3
-0.0015998499154496282
2
5
0.013515468563437646
0
245
0
5
-0.40790417019213876
3
4
-0.0092862713881188361
0
197
1
-1
0
0
0
0.027034828359536529
0
120
1
-1
0
0
0
-0.06589058268316611
0
77
0
6
-0.10898274971368613
6
7
0.10709760961461738
0
48
1
-1
0
0
0
0.36423615132637222
0
8
1
-1
0
0
0
0.055669901272266398
0
40
0
4
0.559064757883176
9
12
-0.044150530640563082
0
75
0
0
0.67137026112889775
10
11
-0.15499554367651808
0
22
1
-1
0
0
0
-0.23642736095972811
0
14
1
-1
0
0
0
-0.012489863430900507
0
8
0
3
0.272691283799812
13
14
0.001860606846059748
0
53
1
-1
0
0
0
0.1811651663257586
0
8
1
-1
0
0
0
-0.030015759283664491
0
45
"DecisionTree"
0
0
3
5
0
0
1
13
0
4
-0.78745113092652996
1
8
-2.2377932840100812e-17
0
320
0
0
-0.02453981805993851
2
5
-0.067473078308458098
0
37
0
1
0.92377758020418499
3
4
0.054561943720011614
0
18
1
-1
0
0
0
0.26914162879798542
0
5
1
-1
0
0
0
-0.027968704386901418
0
13
0
4
-0.97572503396363941
6
7
-0.18308520444069254
0
19
1
-1
0
0
0
-0.07661308326955453
0
11
1
-1
0
0
0
-0.32948437105100725
0
8
0
5
-0.75887323805323503
9
10
0.0088215685420952056
0
283
1
-1
0
0
0
0.369190637586709
0
8
0
5
-0.66756069388715455
11
12
-0.0016618952846571965
0
275
1
-1
0
0
0
-0.13852342862812472
0
15
1
-1
0
0
0
0.0062339624082351618
0
260
"DecisionTree"
0
0
3
5
0
0
1
9
0
1
2.1325526676276874
1
8
-3.0704605524789484e-17
0
320
0
0
-1.2109252667139634
2
5
0.0028945495034258919
0
315
0
1
0.78332942718926379
3
4
0.058662029896963501
0
51
1
-1
0
0
0
0.59867359948663468
0
6
1
-1
0
0
0
-0.013339512714992657
0
45
0
2
1.5666873476987995
6
7
-0.0078787137544165942
0
264
1
-1
0
0
0
-0.00031662840524617554
0
254
1
-1
0
0
0
-0.19995568162334526
0
10
1
-1
0
0
0
-0.18235661871583325
0
5
"DecisionTree"
0
0
3
5
0
0
1
13
0
5
1.5680819751269308
1
8
-1.9428902930940238e-17
0
320
0
6
1.3329703419313015
2
5
0.0054990340191771328
0
302
0
4
1.0071089828322464
3
4
-0.0018481651308313385
0
288
1
-1
0
0
0
0.0041076744121983444
0
277
1
-1
0
0
0
-0.15182703362348779
0
11
0
6
1.5447166067404301
6
7
0.15664141653363708
0
14
1
-1
0
0
0
0.41846730219937589
0
5
1
-1
0
0
0
0.011182591163782167
0
9
0
4
1.6327026479871982
9
10
-0.092261570766194581
0
18
1
-1
0
0
0
-0.30137683518995417
0
6
0
1
-0.75699539849897035
11
12
0.012296061445685269
0
12
1
-1
0
0
0
0.15383339845768879
0
5
1
-1
0
0
0
-0.08880203642003151
0
7
"DecisionTree"
0
0
3
5
0
0
1
15
0
0
0.79719902083463023
1
8
-1.7867651802561114e-17
0
320
0
1
-0.85599983423080006
2
5
0.012810358037819681
0
242
0
2
0.58165915046598005
3
4
0.18451126166710463
0
15
1
-1
0
0
0
0.31924004938609674
0
8
1
-1
0
0
0
0.030535504273970799
0
7
0
1
-0.80304397325796162
6
7
0.0014644833486598782
0
227
1
-1
0
0
0
-0.21165364249413579
0
8
1
-1
0
0
0
0.0092496203657483015
0
219
0
0
0.85882943375172127
9
12
-0.039744956989132899
0
78
0
1
-0.83297554685130604
10
11
-0.24939057109982171
0
13
1
-1
0
0
0
-0.35491077758033523
0
7
1
-1
0
0
0
-0.12628366353922257
0
6
0
0
0.94100331764117595
13
14
0.0021841658330048579
0
65
1
-1
0
0
0
0.18362399271510002
0
15
1
-1
0
0
0
-0.052247782231623692
0
50
"DecisionTree"
0
0
3
5
0
0
1
15
0
5
-0.52258580149077072
1
8
-2.8102520310824274e-17
0
320
0
2
0.77866478991254384
2
5
0.037658948269392152
0
88
0
7
1.2575094728414942
3
4
-0.027119845623184535
0
55
1
-1
0
0
0
-0.053546478242224575
0
50
1
-1
0
0
0
0.23714648056721593
0
5
0
6
-0.56884887083289826
6
7
0.14562360475701999
0
33
1
-1
0
0
0
0.035727098696740539
0
27
1
-1
0
0
0
0.64015788202827739
0
6
0
5
-0.49575462737561904
9
12
-0.014284428653907418
0
232
0
7
-0.18435308908104392
10
11
-0.20995960283162476
0
14
1
-1
0
0
0
-0.06810550453594541
0
8
1
-1
0
0
0
-0.39909840055919732
0
6
0
5
-0.40790417019213876
13
14
-0.0017181330645127182
0
218
1
-1
0
0
0
0.11764623832043834
0
20
1
-1
0
0
0
-0.013775140275113841
0
198
"DecisionTree"
0
0
3
5
0
0
1
11
0
2
-1.8218096507820993
1
4
-1.3530843112619095e-17
0
320
0
7
0.32614550229669104
2
3
-0.11165642073170998
0
10
1
-1
0
0
0
-0.13917605154123414
0
5
1
-1
0
0
0
-0.084136789922185845
0
5
0
6
1.3394656261279003
5
8
0.003601820023603537
0
310
0
5
1.0608862321760002
6
7
-0.0025378884605000854
0
287
1
-1
0
0
0
0.0047569368769180779
0
273
1
-1
0
0
0
-0.14478698254015429
0
14
0
6
1.4745675374171605
9
10
0.080214704151331362
0
23
1
-1
0
0
0
0.40913956370866761
0
5
1
-1
0
0
0
-0.011153312392373152
0
18
"DecisionTree"
0
0
3
5
0
0
1
15
0
6
-0.373990344934927
1
8
-1.7694179454963431e-17
0
320
0
4
-0.62777579543936135
2
5
-0.021650636261553207
0
143
0
4
-0.67663168167051002
3
4
0.027037931554715785
0
75
1
-1
0
0
0
-0.0095927189009004203
0
63
1
-1
0
0
0
0.21934884644670075
0
12
0
0
0.71502513694517189
6
7
-0.075351262529496935
0
68
1
-1
0
0
0
-0.12933709091255105
0
47
1
-1
0
0
0
0.045474162899243317
0
21
0
3
-0.28810108179291682
9
12
0.017491756979672899
0
177
0
5
-0.51695991014404541
10
11
0.19944356755753331
0
17
1
-1
0
0
0
0.46626080210955256
0
5
1
-1
0
0
0
0.088269719827525336
0
12
0
0
0.74327240953217233
13
14
-0.0018406228942247666
0
160
1
-1
0
0
0
0.03333378560281744
0
108
1
-1
0
0
0
-0.074895163618850902
0
52
"DecisionTree"
0
0
3
5
0
0
1
13
0
5
-0.86403413014971631
1
6
-7.8062556418956319e-18
0
320
0
3
-0.81989446425040735
2
5
0.063212444067617862
0
28
0
1
-0.75699539849897035
3
4
-0.041214553777039351
0
21
1
-1
0
0
0
-0.21974140253707075
0
8
1
-1
0
0
0
0.068648122382980001
0
13
1
-1
0
0
0
0.37649343760158949
0
7
0
6
-0.78189419248134695
7
10
-0.0060614672393606165
0
292
0
7
0.46519912291701337
8
9
-0.16803881981322344
0
14
1
-1
0
0
0
-0.035764560107440307
0
9
1
-1
0
0
0
-0.40613248728363321
0
5
0
6
-0.69745549792555939
11
12
0.0020956656240713207
0
278
1
-1
0
0
0
0.11452963941500771
0
14
1
-1
0
0
0
-0.0038667420769631913
0
264
"DecisionTree"
0
0
3
5
0
0
1
9
0
1
1.9460559398537751
1
8
8.1532003370909937e-18
0
320
0
0
-1.3598654312636027
2
5
0.0031780083988677326
0
313
0
2
0.14824674368353943
3
4
0.085889631901222604
0
23
1
-1
0
0
0
-0.15675503857737272
0
5
1
-1
0
0
0
0.15329092925638799
0
18
0
2
1.5666873476987995
6
7
-0.0033818789823535198
0
290
1
-1
0
0
0
0.0049642002473036569
0
275
1
-1
0
0
0
-0.15639333152606838
0
15
1
-1
0
0
0
-0.14210237554937105
0
7
"DecisionTree"
0
0
3
5
0
0
1
13
0
1
-0.70634196626408108
1
6
-9.8879238130678007e-18
0
320
0
0
0.62257951756953356
2
3
0.021926394707144276
0
141
1
-1
0
0
0
0.48901851127249391
0
6
0
1
-0.71785410995382959
4
5
0.0011667450820176304
0
135
1
-1
0
0
0
-0.0090750152875097977
0
129
1
-1
0
0
0
0.22136459302685718
0
6
0
0
-0.039947421289208529
7
10
-0.017271629350320353
0
179
0
4
0.70205759563287917
8
9
0.0063549641240286132
0
143
1
-1
0
0
0
-0.0084774936789637767
0
126
1
-1
0
0
0
0.11628965136973696
0
17
0
2
-1.1519904766637823
11
12
-0.11112170898453989
0
36
1
-1
0
0
0
-0.30893863663650845
0
7
1
-1
0
0
0
-0.063372795413375038
0
29
"DecisionTree"
0
0
3
5
0
0
1
15
0
5
0.022692898268762311
1
8
-1.0755285551056204e-17
0
320
0
6
0.026119161575573958
2
5
0.01232101004702774
0
221
0
4
0.064547860665452053
3
4
-0.0014017195538169865
0
203
1
-1
0
0
0
0.003643816359442875
0
198
1
-1
0
0
0
-0.20120494171890774
0
5
0
7
-0.345096926971872
6
7
0.1670829049898877
0
18
1
-1
0
0
0
-0.058247105659390695
0
6
1
-1
0
0
0
0.27974791031452689
0
12
0
7
-0.34517745995678728
9
12
-0.027504476973668
0
99
0
0
0.6354191869272604
10
11
0.027460057962825957
0
43
1
-1
0
0
0
0.10507855268290393
0
20
1
-1
0
0
0
-0.040034285272024468
0
23
0
7
0.83014776622459641
13
14
-0.069709387728475888
0
56
1
-1
0
0
0
-0.12144066471153223
0
42
1
-1
0
0
0
0.085484443220693138
0
14
"DecisionTree"
0
0
3
5
0
0
1
15
0
1
-0.84909254801695289
1
8
-1.474514954580286e-17
0
320
0
6
-0.15704785276851904
2
5
0.041656606105633202
0
64
0
0
1.3005140596575493
3
4
0.10168402164786033
0
31
1
-1
0
0
0
0.16499513533568844
0
25
1
-1
0
0
0
-0.16211228538475675
0
6
0
0
0.74327240953217233
6
7
-0.014732784252216576
0
33
1
-1
0
0
0
0.17033212874471401
0
6
1
-1
0
0
0
-0.055858320473756704
0
27
0
1
-0.78001968587846604
9
12
-0.010414151526408297
0
256
0
2
-0.6003746862134034
10
11
-0.079153783563882016
0
33
1
-1
0
0
0
0.12744775209210582
0
9
1
-1
0
0
0
-0.15662935943487746
0
24
0
1
-0.74318082607127267
13
14
-0.00024191898274628809
0
223
1
-1
0
0
0
0.086355249595574307
0
29
1
-1
0
0
0
-0.013186856553732345
0
194
"DecisionTree"
0
0
3
5
0
0
1
15
0
1
-0.94579455501083343
1
8
-2.8102520310824274e-17
0
320
0
3
-0.2148404928196832
2
5
0.055907335537103572
0
34
0
0
1.2311798451258216
3
4
0.17766791300143228
0
15
1
-1
0
0
0
0.36753478224244507
0
7
1
-1
0
0
0
0.011534402415546166
0
8
0
5
-0.23436706018930326
6
7
-0.040219436145261189
0
19
1
-1
0
0
0
-0.31079741272875061
0
5
1
-1
0
0
0
0.056415555491699319
0
14
0
0
0.79719902083463023
9
12
-0.0066463266023130407
0
286
0
4
-0.39898725503983612
10
11
0.0037166731215109014
0
242
1
-1
0
0
0
-0.026672556575658472
0
108
1
-1
0
0
0
0.02820948511624443
0
134
0
3
-0.74031078872888867
13
14
-0.06364282508334472
0
44
1
-1
0
0
0
0.17894884898386001
0
5
1
-1
0
0
0
-0.094744321758627389
0
39
"DecisionTree"
0
0
3
5
0
0
1
9
0
1
1.9460559398537751
1
8
-4.5970172113385386e-18
0
320
0
5
-0.75887323805323503
2
5
0.0025475896391891815
0
313
0
4
-0.78745113092652996
3
4
0.053953431261446125
0
34
1
-1
0
0
0
-4.4165561199571712e-05
0
27
1
-1
0
0
0
0.26222987614879384
0
7
0
4
-0.77315184715155971
6
7
-0.0037169215262471442
0
279
1
-1
0
0
0
-0.15978836726469545
0
10
1
-1
0
0
0
0.0020849909547360655
0
269
1
-1
0
0
0
-0.11391365100945948
0
7
0
0
