MLCPP_ARCHIVE_V1
"LogisticRegression"
2
100
0.029999999999999999
600
1
30
0.42137406636526559
0.28365811971568922
0.41422496322364266
0.41984288869959613
0.18346230964828691
-0.0030296768770907982
0.5004251859783917
0.52257272868617199
0.0082911997963939672
-0.33475544832341586
0.46695963167399251
-0.15401171842140535
0.22337079613972396
0.51864342782736661
0.14186504172759573
-0.32045740721591437
-0.0040896823942696749
0.018872749969757217
-0.16129224510881926
-0.30759316826281607
0.74919002793899492
0.85681742660765792
0.67267040045431115
0.68284671155106869
0.42464819602353043
0.15576487491595001
0.43054037654944111
0.76890492613972605
0.53393336562987448
0.16842782617834889
1
-0.53078737186975333
