MLCPP_ARCHIVE_V1
"GradientBoostedTrees"
40
0.20000000000000001
2
3
1
1
2
0
80
"DecisionTree"
0
0
2
3
0
0
1
7
0
22
0.23189181216964833
1
4
1.0092936587501423e-16
0
319
0
27
0.51927545565216737
2
3
0.27488333167846313
0
221
1
-1
0
0
0
1.4196323056071511
0
205
1
-1
0
0
0
-1.8989296104224636
0
16
0
4
-1.1829297809411745
5
6
-0.61988996225449466
0
98
1
-1
0
0
0
-1.2732383281333444
0
3
1
-1
0
0
0
-2.703389830508482
0
95
"DecisionTree"
0
0
2
3
0
0
1
7
0
22
0.23189181216964833
1
4
-1.2703178808406964e-17
0
319
0
27
0.51927545565216737
2
3
-0.27488333167846313
0
221
1
-1
0
0
0
-1.4196323056071511
0
205
1
-1
0
0
0
1.8989296104224647
0
16
0
4
-1.1829297809411745
5
6
0.61988996225449466
0
98
1
-1
0
0
0
1.2732383281333448
0
3
1
-1
0
0
0
2.703389830508482
0
95
"DecisionTree"
0
0
2
3
0
0
1
7
0
22
-0.075919648217399868
1
4
0.011849373773612356
0
319
0
5
1.2076046157582352
2
3
0.22937708538761609
0
190
1
-1
0
0
0
1.3170451353531127
0
185
1
-1
0
0
0
-1.7969593856091
0
5
0
26
-0.072669465315241405
5
6
-0.3085402789911994
0
129
1
-1
0
0
0
-0.054269218713285716
0
19
1
-1
0
0
0
-1.575482298408714
0
110
"DecisionTree"
0
0
2
3
0
0
1
7
0
22
-0.075919648217399868
1
4
-0.011849373773612351
0
319
0
5
1.2076046157582352
2
3
-0.22937708538761609
0
190
1
-1
0
0
0
-1.3170451353531127
0
185
1
-1
0
0
0
1.7969593856090997
0
5
0
26
-0.072669465315241405
5
6
0.30854027899119946
0
129
1
-1
0
0
0
0.054269218713285855
0
19
1
-1
0
0
0
1.575482298408714
0
110
"DecisionTree"
0
0
2
3
0
0
1
7
0
23
-0.17921496151992938
1
4
0.010555300461007534
0
319
0
27
1.0321960832149075
2
3
0.15434454903448272
0
189
1
-1
0
0
0
1.1867755266506685
0
184
1
-1
0
0
0
-1.3958073819846852
0
5
0
1
-0.86938559499162915
5
6
-0.1984921455419679
0
130
1
-1
0
0
0
0.45347795456441309
0
17
1
-1
0
0
0
-1.2727172136756975
0
113
"DecisionTree"
0
0
2
3
0
0
1
7
0
23
-0.17921496151992938
1
4
-0.01055530046100752
0
319
0
27
1.0321960832149075
2
3
-0.15434454903448272
0
189
1
-1
0
0
0
-1.186775526650669
0
184
1
-1
0
0
0
1.3958073819846857
0
5
0
1
-0.86938559499162915
5
6
0.1984921455419679
0
130
1
-1
0
0
0
-0.45347795456441303
0
17
1
-1
0
0
0
1.2727172136756975
0
113
"DecisionTree"
0
0
2
3
0
0
1
7
0
23
0.091143208456105781
1
4
0.0083156278203943158
0
319
0
27
0.57306196522941533
2
3
0.086794331047590892
0
222
1
-1
0
0
0
0.95109599183991933
0
206
1
-1
0
0
0
-0.9096479790799965
0
16
0
29
-1.2232644029749951
5
6
-0.17129542492638636
0
97
1
-1
0
0
0
0.38625337968297629
0
3
1
-1
0
0
0
-1.2527427694322915
0
94
"DecisionTree"
0
0
2
3
0
0
1
7
0
23
0.091143208456105781
1
4
-0.0083156278203943609
0
319
0
27
0.57306196522941533
2
3
-0.086794331047590906
0
222
1
-1
0
0
0
-0.95109599183991933
0
206
1
-1
0
0
0
0.90964797907999662
0
16
0
29
-1.2232644029749951
5
6
0.17129542492638619
0
97
1
-1
0
0
0
-0.38625337968297641
0
3
1
-1
0
0
0
1.2527427694322901
0
94
"DecisionTree"
0
0
2
3
0
0
1
7
0
23
-0.25919997094402603
1
4
0.0048139513980745285
0
319
0
27
1.0321960832149075
2
3
0.07906513865296827
0
181
1
-1
0
0
0
1.1242626638636966
0
177
1
-1
0
0
0
-1.1544449650695952
0
4
0
27
-0.46026263035898629
5
6
-0.092573475363778579
0
138
1
-1
0
0
0
1.4812650337350992
0
9
1
-1
0
0
0
-0.94169652974073426
0
129
"DecisionTree"
0
0
2
3
0
0
1
7
0
23
-0.25919997094402603
1
4
-0.0048139513980745216
0
319
0
27
1.0321960832149075
2
3
-0.07906513865296827
0
181
1
-1
0
0
0
-1.1242626638636966
0
177
1
-1
0
0
0
1.1544449650695952
0
4
0
27
-0.46026263035898629
5
6
0.092573475363778579
0
138
1
-1
0
0
0
-1.4812650337350988
0
9
1
-1
0
0
0
0.94169652974073437
0
129
"DecisionTree"
0
0
2
3
0
0
1
7
0
27
-0.055226827803363729
1
4
0.004714275979120156
0
319
0
13
0.42318832700914888
2
3
0.05480389353072912
0
182
1
-1
0
0
0
1.0585971037893054
0
178
1
-1
0
0
0
-1.2636517639852132
0
4
0
17
-0.7542755451791936
5
6
-0.061828135658783638
0
137
1
-1
0
0
0
-2.4032276472074359
0
3
1
-1
0
0
0
-0.5742491674190463
0
134
"DecisionTree"
0
0
2
3
0
0
1
7
0
27
-0.055226827803363729
1
4
-0.0047142759791201248
0
319
0
13
0.42318832700914888
2
3
-0.054803893530729078
0
182
1
-1
0
0
0
-1.0585971037893049
0
178
1
-1
0
0
0
1.2636517639852132
0
4
0
17
-0.7542755451791936
5
6
0.061828135658783638
0
137
1
-1
0
0
0
2.4032276472074359
0
3
1
-1
0
0
0
0.5742491674190463
0
134
"DecisionTree"
0
0
2
3
0
0
1
7
0
23
0.091143208456105781
1
4
0.0042023996323915513
0
319
0
2
0.16045562390024634
2
3
0.035228473755083325
0
222
1
-1
0
0
0
0.44160898667726473
0
209
1
-1
0
0
0
1.4295039079917844
0
13
0
22
0.25865802611634814
5
6
-0.066805728772119974
0
97
1
-1
0
0
0
-1.2958577845439405
0
4
1
-1
0
0
0
-0.97993120992483496
0
93
"DecisionTree"
0
0
2
3
0
0
1
7
0
23
0.091143208456105781
1
4
-0.0042023996323915479
0
319
0
2
0.16045562390024634
2
3
-0.035228473755083763
0
222
1
-1
0
0
0
-0.44160898667726761
0
209
1
-1
0
0
0
-1.4295039079917844
0
13
0
22
0.25865802611634814
5
6
0.066805728772119988
0
97
1
-1
0
0
0
1.2958577845439403
0
4
1
-1
0
0
0
0.97993120992483496
0
93
"DecisionTree"
0
0
2
3
0
0
1
7
0
7
-0.10392918354863122
1
4
0.001916012617177482
0
319
0
25
0.54250557004218869
2
3
0.032309454280441713
0
186
1
-1
0
0
0
0.70312670396753907
0
177
1
-1
0
0
0
1.4353909731702479
0
9
0
21
-0.94620073319706344
5
6
-0.040589101287838839
0
133
1
-1
0
0
0
0.75139886720335347
0
17
1
-1
0
0
0
-0.94763533444466619
0
116
"DecisionTree"
0
0
2
3
0
0
1
7
0
7
-0.10392918354863122
1
4
-0.0019160126171774811
0
319
0
25
0.54250557004218869
2
3
-0.032309454280441983
0
186
1
-1
0
0
0
-0.70312670396754229
0
177
1
-1
0
0
0
-1.4353909731702477
0
9
0
21
-0.94620073319706344
5
6
0.040589101287838852
0
133
1
-1
0
0
0
-0.75139886720335325
0
17
1
-1
0
0
0
0.9476353344446663
0
116
"DecisionTree"
0
0
2
3
0
0
1
7
0
23
-0.25919997094402603
1
4
0.001136874396247505
0
319
0
16
3.0517118994168362
2
3
0.027753633275054559
0
181
1
-1
0
0
0
0.95910675678323254
0
178
1
-1
0
0
0
1.4359870974873481
0
3
0
3
-0.1441949642310455
5
6
-0.033773512249144468
0
138
1
-1
0
0
0
-1.4645370980955246
0
16
1
-1
0
0
0
-0.26949291073146625
0
122
"DecisionTree"
0
0
2
3
0
0
1
7
0
23
-0.25919997094402603
1
4
-0.0011368743962474877
0
319
0
16
3.0517118994168362
2
3
-0.027753633275054534
0
181
1
-1
0
0
0
-0.95910675678323321
0
178
1
-1
0
0
0
-1.4359870974873479
0
3
0
3
-0.1441949642310455
5
6
0.03377351224914453
0
138
1
-1
0
0
0
1.4645370980955241
0
16
1
-1
0
0
0
0.26949291073146681
0
122
"DecisionTree"
0
0
2
3
0
0
1
7
0
23
0.091143208456105781
1
4
0.0011384025762586486
0
319
0
2
0.11660650946651899
2
3
0.015324820447879988
0
222
1
-1
0
0
0
0.23424846633572599
0
206
1
-1
0
0
0
1.0903721447033945
0
16
0
24
-1.328222003038408
5
6
-0.031329481624771637
0
97
1
-1
0
0
0
0.96618666069576042
0
3
1
-1
0
0
0
-1.0682696859571179
0
94
"DecisionTree"
0
0
2
3
0
0
1
7
0
23
0.091143208456105781
1
4
-0.0011384025762586458
0
319
0
2
0.11660650946651899
2
3
-0.015324820447879998
0
222
1
-1
0
0
0
-0.23424846633572607
0
206
1
-1
0
0
0
-1.0903721447033949
0
16
0
24
-1.328222003038408
5
6
0.03132948162477165
0
97
1
-1
0
0
0
-0.96618666069576042
0
3
1
-1
0
0
0
1.0682696859571157
0
94
"DecisionTree"
0
0
2
3
0
0
1
7
0
27
-0.055226827803363729
1
4
0.00025490635268691743
0
319
0
29
-1.2785243300501594
2
3
0.01662664121754915
0
182
1
-1
0
0
0
1.2818786444936379
0
6
1
-1
0
0
0
0.78393856260347439
0
176
0
17
-0.7542755451791936
5
6
-0.02149440565756814
0
137
1
-1
0
0
0
-1.7133067005232114
0
3
1
-1
0
0
0
-0.36491149249317362
0
134
"DecisionTree"
0
0
2
3
0
0
1
7
0
27
-0.055226827803363729
1
4
-0.00025490635268697582
0
319
0
29
-1.2785243300501594
2
3
-0.016626641217549389
0
182
1
-1
0
0
0
-1.2818786444936379
0
6
1
-1
0
0
0
-0.78393856260348438
0
176
0
17
-0.7542755451791936
5
6
0.02149440565756813
0
137
1
-1
0
0
0
1.7133067005232119
0
3
1
-1
0
0
0
0.36491149249317295
0
134
"DecisionTree"
0
0
2
3
0
0
1
7
0
13
-0.23510500200243223
1
4
0.00040735781728641916
0
319
0
14
-1.1955843776703161
2
3
0.012820968869261415
0
201
1
-1
0
0
0
-1.2659578995905918
0
5
1
-1
0
0
0
0.63939187774134165
0
196
0
19
-1.0033354966825438
5
6
-0.020737861008535301
0
118
1
-1
0
0
0
1.1789512310205768
0
3
1
-1
0
0
0
-0.86579352603513449
0
115
"DecisionTree"
0
0
2
3
0
0
1
7
0
13
-0.23510500200243223
1
4
-0.00040735781728642502
0
319
0
14
-1.1955843776703161
2
3
-0.01282096886926141
0
201
1
-1
0
0
0
1.265957899590592
0
5
1
-1
0
0
0
-0.63939187774134143
0
196
0
19
-1.0033354966825438
5
6
0.020737861008535346
0
118
1
-1
0
0
0
-1.1789512310205768
0
3
1
-1
0
0
0
0.86579352603513648
0
115
"DecisionTree"
0
0
2
3
0
0
1
7
0
26
-0.072669465315241405
1
4
0.00013710296589562629
0
319
0
27
0.10301464240216257
2
3
0.011511083169100579
0
179
1
-1
0
0
0
0.53278462226368306
0
169
1
-1
0
0
0
1.0251680820497151
0
10
0
16
-0.49699603559539168
5
6
-0.014405343151059227
0
140
1
-1
0
0
0
-1.2951899437460777
0
4
1
-1
0
0
0
-0.36605076176340079
0
136
"DecisionTree"
0
0
2
3
0
0
1
7
0
26
-0.072669465315241405
1
4
-0.00013710296589562247
0
319
0
27
0.10301464240216257
2
3
-0.011511083169100581
0
179
1
-1
0
0
0
-0.53278462226368306
0
169
1
-1
0
0
0
-1.0251680820497158
0
10
0
16
-0.49699603559539168
5
6
0.014405343151059232
0
140
1
-1
0
0
0
1.2951899437460779
0
4
1
-1
0
0
0
0.36605076176340068
0
136
"DecisionTree"
0
0
2
3
0
0
1
7
0
23
-0.25919997094402603
1
4
0.00014344983275030128
0
319
0
27
1.0321960832149075
2
3
0.010148515032212568
0
181
1
-1
0
0
0
1.0832275209430771
0
177
1
-1
0
0
0
-1.0981663576240157
0
4
0
3
-0.1441949642310455
5
6
-0.012979135682486443
0
138
1
-1
0
0
0
-1.1023153148196774
0
16
1
-1
0
0
0
-0.15795367942744593
0
122
"DecisionTree"
0
0
2
3
0
0
1
7
0
23
-0.25919997094402603
1
4
-0.00014344983275026613
0
319
0
27
1.0321960832149075
2
3
-0.010148515032212558
0
181
1
-1
0
0
0
-1.0832275209430764
0
177
1
-1
0
0
0
1.0981663576240159
0
4
0
3
-0.1441949642310455
5
6
0.012979135682486502
0
138
1
-1
0
0
0
1.1023153148196778
0
16
1
-1
0
0
0
0.15795367942744801
0
122
"DecisionTree"
0
0
2
3
0
0
1
7
0
22
0.23189181216964833
1
4
0.00027535128889133085
0
319
0
2
0.16045562390024634
2
3
0.0070946015291152081
0
221
1
-1
0
0
0
0.1717524133399537
0
208
1
-1
0
0
0
0.95472732951336081
0
13
0
10
-0.47740382615934801
5
6
-0.015102753844674677
0
98
1
-1
0
0
0
-1.1273775885440185
0
4
1
-1
0
0
0
-0.85576629895699763
0
94
"DecisionTree"
0
0
2
3
0
0
1
7
0
22
0.23189181216964833
1
4
-0.00027535128889136283
0
319
0
2
0.16045562390024634
2
3
-0.0070946015291152124
0
221
1
-1
0
0
0
-0.17175241333995417
0
208
1
-1
0
0
0
-0.95472732951336081
0
13
0
10
-0.47740382615934801
5
6
0.01510275384467461
0
98
1
-1
0
0
0
1.1273775885440185
0
4
1
-1
0
0
0
0.85576629895699918
0
94
"DecisionTree"
0
0
2
3
0
0
1
7
0
21
0.59265447712307306
1
4
5.5069292899964066e-05
0
319
0
7
0.7895996882633145
2
3
0.0046952001849496459
0
234
1
-1
0
0
0
0.59051491562709002
0
196
1
-1
0
0
0
-1.0403277689065127
0
38
0
19
-1.0199179408002017
5
6
-0.012718938104036801
0
85
1
-1
0
0
0
-1.176300517212473
0
4
1
-1
0
0
0
-0.52433546609493298
0
81
"DecisionTree"
0
0
2
3
0
0
1
7
0
21
0.59265447712307306
1
4
-5.5069292900033577e-05
0
319
0
7
0.7895996882633145
2
3
-0.0046952001849496815
0
234
1
-1
0
0
0
-0.59051491562708947
0
196
1
-1
0
0
0
1.0403277689065125
0
38
0
19
-1.0199179408002017
5
6
0.012718938104036733
0
85
1
-1
0
0
0
1.1763005172124725
0
4
1
-1
0
0
0
0.52433546609492898
0
81
"DecisionTree"
0
0
2
3
0
0
1
7
0
7
-0.10392918354863122
1
4
-9.8245839201253823e-05
0
319
0
25
0.54250557004218869
2
3
0.005792991387875695
0
186
1
-1
0
0
0
0.40606863400866061
0
177
1
-1
0
0
0
1.1704646574199133
0
9
0
13
-0.70332962187931702
5
6
-0.0083371189537599765
0
133
1
-1
0
0
0
1.1512007544019709
0
4
1
-1
0
0
0
-0.59618360577688423
0
129
"DecisionTree"
0
0
2
3
0
0
1
7
0
7
-0.10392918354863122
1
4
9.8245839201298803e-05
0
319
0
25
0.54250557004218869
2
3
-0.0057929913878756126
0
186
1
-1
0
0
0
-0.40606863400865578
0
177
1
-1
0
0
0
-1.1704646574199133
0
9
0
13
-0.70332962187931702
5
6
0.0083371189537599887
0
133
1
-1
0
0
0
-1.1512007544019709
0
4
1
-1
0
0
0
0.59618360577688345
0
129
"DecisionTree"
0
0
2
3
0
0
1
7
0
21
-1.1170892303252484
1
4
3.522271845304476e-05
0
319
0
0
0.011208537237144229
2
3
0.013881990364419575
0
45
1
-1
0
0
0
1.0032221066165532
0
28
1
-1
0
0
0
0.85425655678570589
0
17
0
23
-0.25919997094402603
5
6
-0.0022388814569794147
0
274
1
-1
0
0
0
0.69127334091766823
0
153
1
-1
0
0
0
-0.59690049998064765
0
121
"DecisionTree"
0
0
2
3
0
0
1
7
0
21
-1.1170892303252484
1
4
-3.522271845303587e-05
0
319
0
0
0.011208537237144229
2
3
-0.013881990364419524
0
45
1
-1
0
0
0
-1.0032221066165532
0
28
1
-1
0
0
0
-0.85425655678570478
0
17
0
23
-0.25919997094402603
5
6
0.0022388814569794155
0
274
1
-1
0
0
0
-0.69127334091766612
0
153
1
-1
0
0
0
0.59690049998064543
0
121
"DecisionTree"
0
0
2
3
0
0
1
7
0
7
-0.14325542867443844
1
4
9.5779191806197016e-05
0
319
0
2
0.0035219511900633198
2
3
0.0043233940303666106
0
181
1
-1
0
0
0
0.43404767829728186
0
167
1
-1
0
0
0
0.73220880059867455
0
14
0
12
-0.72642936747017162
5
6
-0.0054491359225375341
0
138
1
-1
0
0
0
0.96437885439600435
0
9
1
-1
0
0
0
-0.54929889760314299
0
129
"DecisionTree"
0
0
2
3
0
0
1
7
0
7
-0.14325542867443844
1
4
-9.5779191806189345e-05
0
319
0
2
0.0035219511900633198
2
3
-0.0043233940303665907
0
181
1
-1
0
0
0
-0.43404767829727697
0
167
1
-1
0
0
0
-0.73220880059867499
0
14
0
12
-0.72642936747017162
5
6
0.0054491359225375211
0
138
1
-1
0
0
0
-0.9643788543960049
0
9
1
-1
0
0
0
0.54929889760314399
0
129
"DecisionTree"
0
0
2
3
0
0
1
7
0
14
-1.1955843776703161
1
4
0.00010046263494501372
0
319
0
1
-0.12272417070722846
2
3
-0.03956934366935614
0
6
1
-1
0
0
0
1.0034759757246545
0
3
1
-1
0
0
0
-1.1605816469350814
0
3
0
24
0.17285987179872361
5
6
0.00086090620627347035
0
313
1
-1
0
0
0
0.47591907341806433
0
171
1
-1
0
0
0
-0.49827360708103552
0
142
"DecisionTree"
0
0
2
3
0
0
1
7
0
14
-1.1955843776703161
1
4
-0.00010046263494500397
0
319
0
1
-0.12272417070722846
2
3
0.039569343669356091
0
6
1
-1
0
0
0
-1.0034759757246547
0
3
1
-1
0
0
0
1.1605816469350814
0
3
0
24
0.17285987179872361
5
6
-0.00086090620627345799
0
313
1
-1
0
0
0
-0.47591907341806355
0
171
1
-1
0
0
0
0.49827360708103585
0
142
"DecisionTree"
0
0
2
3
0
0
1
7
0
23
-0.002275747302203859
1
4
2.3194520488560629e-05
0
319
0
2
0.10296922507325432
2
3
0.0028460058621701924
0
215
1
-1
0
0
0
0.064260549852273377
0
200
1
-1
0
0
0
0.9197583735756738
0
15
0
15
-0.90386400320515481
5
6
-0.0058124250801032716
0
104
1
-1
0
0
0
-1.0808432868330051
0
3
1
-1
0
0
0
-0.60205119722374811
0
101
"DecisionTree"
0
0
2
3
0
0
1
7
0
23
-0.002275747302203859
1
4
-2.3194520488613325e-05
0
319
0
2
0.10296922507325432
2
3
-0.0028460058621702349
0
215
1
-1
0
0
0
-0.064260549852279303
0
200
1
-1
0
0
0
-0.91975837357567491
0
15
0
15
-0.90386400320515481
5
6
0.0058124250801032014
0
104
1
-1
0
0
0
1.0808432868330049
0
3
1
-1
0
0
0
0.60205119722374412
0
101
"DecisionTree"
0
0
2
3
0
0
1
7
0
21
0.59265447712307306
1
4
2.461520752623352e-05
0
319
0
28
3.0973247698009461
2
3
0.0021706762650844026
0
234
1
-1
0
0
0
0.37017773290435441
0
231
1
-1
0
0
0
-1.0447668557688399
0
3
0
19
-1.0199179408002017
5
6
-0.0058833646450456622
0
85
1
-1
0
0
0
-1.0637715029211474
0
4
1
-1
0
0
0
-0.45322543806223764
0
81
"DecisionTree"
0
0
2
3
0
0
1
7
0
21
0.59265447712307306
1
4
-2.4615207526251894e-05
0
319
0
28
3.0973247698009461
2
3
-0.0021706762650844096
0
234
1
-1
0
0
0
-0.37017773290435513
0
231
1
-1
0
0
0
1.0447668557688397
0
3
0
19
-1.0199179408002017
5
6
0.0058833646450456318
0
85
1
-1
0
0
0
1.063771502921147
0
4
1
-1
0
0
0
0.45322543806223403
0
81
"DecisionTree"
0
0
2
3
0
0
1
7
0
7
-0.14325542867443844
1
4
-3.9619087958239814e-05
0
319
0
2
0.0035219511900633198
2
3
0.0028170003955970864
0
181
1
-1
0
0
0
0.50939741759475643
0
167
1
-1
0
0
0
0.66631855193030265
0
14
0
29
-0.79169785054895281
5
6
-0.0037863446424764597
0
138
1
-1
0
0
0
-0.95817228195482695
0
14
1
-1
0
0
0
-0.1690262109695998
0
124
"DecisionTree"
0
0
2
3
0
0
1
7
0
7
-0.14325542867443844
1
4
3.9619087958236338e-05
0
319
0
2
0.0035219511900633198
2
3
-0.0028170003955970704
0
181
1
-1
0
0
0
-0.50939741759475454
0
167
1
-1
0
0
0
-0.66631855193030165
0
14
0
29
-0.79169785054895281
5
6
0.0037863446424764259
0
138
1
-1
0
0
0
0.95817228195482695
0
14
1
-1
0
0
0
0.16902621096959708
0
124
"DecisionTree"
0
0
2
3
0
0
1
7
0
18
-0.6506574112585406
1
4
-3.9880995816548373e-05
0
319
0
14
-1.1955843776703161
2
3
-0.0056089906293654741
0
75
1
-1
0
0
0
-1.0573265336662321
0
3
1
-1
0
0
0
-0.48937257407972046
0
72
0
6
0.3566778716790141
5
6
0.0016719354899054572
0
244
1
-1
0
0
0
0.70732797765499367
0
170
1
-1
0
0
0
-0.49684881645374823
0
74
"DecisionTree"
0
0
2
3
0
0
1
7
0
18
-0.6506574112585406
1
4
3.9880995816572869e-05
0
319
0
14
-1.1955843776703161
2
3
0.0056089906293654923
0
75
1
-1
0
0
0
1.0573265336662294
0
3
1
-1
0
0
0
0.48937257407972418
0
72
0
6
0.3566778716790141
5
6
-0.0016719354899054329
0
244
1
-1
0
0
0
-0.70732797765499289
0
170
1
-1
0
0
0
0.49684881645374968
0
74
"DecisionTree"
0
0
2
3
0
0
1
5
0
16
3.6332597964256763
1
4
-5.7666060118988272e-06
0
319
0
27
-0.055226827803363729
2
3
-0.0003864396059315645
0
315
1
-1
0
0
0
0.5492571258375798
0
181
1
-1
0
0
0
-0.37162779050182698
0
134
1
-1
0
0
0
1.0086832359971742
0
4
"DecisionTree"
0
0
2
3
0
0
1
5
0
16
3.6332597964256763
1
4
5.7666060118953671e-06
0
319
0
27
-0.055226827803363729
2
3
0.00038643960593156212
0
315
1
-1
0
0
0
-0.54925712583757902
0
181
1
-1
0
0
0
0.37162779050182637
0
134
1
-1
0
0
0
-1.0086832359971751
0
4
"DecisionTree"
0
0
2
3
0
0
1
7
0
13
-0.23510500200243223
1
4
2.9425812778594232e-05
0
319
0
2
0.11681631384179979
2
3
0.0019117063903191654
0
201
1
-1
0
0
0
0.21893364430483603
0
186
1
-1
0
0
0
0.70704684027065767
0
15
0
19
-1.0033354966825438
5
6
-0.0031768317811676325
0
118
1
-1
0
0
0
1.0383164189195686
0
3
1
-1
0
0
0
-0.68552463878080661
0
115
"DecisionTree"
0
0
2
3
0
0
1
7
0
13
-0.23510500200243223
1
4
-2.9425812778590254e-05
0
319
0
2
0.11681631384179979
2
3
-0.0019117063903191654
0
201
1
-1
0
0
0
-0.21893364430483636
0
186
1
-1
0
0
0
-0.70704684027065634
0
15
0
19
-1.0033354966825438
5
6
0.0031768317811676429
0
118
1
-1
0
0
0
-1.0383164189195688
0
3
1
-1
0
0
0
0.68552463878080527
0
115
"DecisionTree"
0
0
2
3
0
0
1
7
0
21
-1.1170892303252484
1
4
1.7992587776298821e-05
0
319
0
0
0.011208537237144229
2
3
0.0056914085335058925
0
45
1
-1
0
0
0
1.0017235843246488
0
28
1
-1
0
0
0
0.82546326353129296
0
17
0
23
-0.31143327544086707
5
6
-0.00091377280477053285
0
274
1
-1
0
0
0
0.71228850481010653
0
147
1
-1
0
0
0
-0.59664661948917586
0
127
"DecisionTree"
0
0
2
3
0
0
1
7
0
21
-1.1170892303252484
1
4
-1.7992587776285793e-05
0
319
0
0
0.011208537237144229
2
3
-0.005691408533505863
0
45
1
-1
0
0
0
-1.001723584324649
0
28
1
-1
0
0
0
-0.82546326353129251
0
17
0
23
-0.31143327544086707
5
6
0.00091377280477054218
0
274
1
-1
0
0
0
-0.71228850481010375
0
147
1
-1
0
0
0
0.59664661948917508
0
127
"DecisionTree"
0
0
2
3
0
0
1
7
0
25
2.5629605568570097
1
4
4.0801869845885002e-05
0
319
0
20
0.04556604172792246
2
3
0.00035269203123303096
0
311
1
-1
0
0
0
0.43707933432298141
0
205
1
-1
0
0
0
-0.47578713924270083
0
106
0
0
0.56422899664408821
5
6
-0.012083928154079437
0
8
1
-1
0
0
0
-1.0235208543847045
0
4
1
-1
0
0
0
-1.0057308651066172
0
4
"DecisionTree"
0
0
2
3
0
0
1
7
0
25
2.5629605568570097
1
4
-4.0801869845863739e-05
0
319
0
20
0.04556604172792246
2
3
-0.00035269203123300928
0
311
1
-1
0
0
0
-0.43707933432297508
0
205
1
-1
0
0
0
0.47578713924269822
0
106
0
0
0.56422899664408821
5
6
0.01208392815407941
0
8
1
-1
0
0
0
1.0235208543847047
0
4
1
-1
0
0
0
1.0057308651066168
0
4
"DecisionTree"
0
0
2
3
0
0
1
5
0
18
4.0963894481541949
1
4
6.4256134397967743e-06
0
319
0
14
-1.1726623238345999
2
3
0.00018569870185407419
0
316
1
-1
0
0
0
-0.99021989417872591
0
7
1
-1
0
0
0
0.11914329019821866
0
309
1
-1
0
0
0
-1.037358377320051
0
3
"DecisionTree"
0
0
2
3
0
0
1
5
0
18
4.0963894481541949
1
4
-6.4256134397833141e-06
0
319
0
14
-1.1726623238345999
2
3
-0.00018569870185406085
0
316
1
-1
0
0
0
0.99021989417873113
0
7
1
-1
0
0
0
-0.11914329019821508
0
309
1
-1
0
0
0
1.0373583773200512
0
3
"DecisionTree"
0
0
2
3
0
0
1
7
0
7
0.0018989179527105424
1
4
-2.3286621557383989e-05
0
319
0
25
0.54250557004218869
2
3
0.0012316798141891823
0
192
1
-1
0
0
0
0.25376580462182674
0
183
1
-1
0
0
0
1.0406169744094593
0
9
0
7
0.099626596869998862
5
6
-0.0019205587133947115
0
127
1
-1
0
0
0
-0.98212275950249284
0
5
1
-1
0
0
0
-0.15971248110874436
0
122
"DecisionTree"
0
0
2
3
0
0
1
7
0
7
0.0018989179527105424
1
4
2.3286621557404294e-05
0
319
0
25
0.54250557004218869
2
3
-0.0012316798141891519
0
192
1
-1
0
0
0
-0.25376580462181619
0
183
1
-1
0
0
0
-1.0406169744094593
0
9
0
7
0.099626596869998862
5
6
0.0019205587133947165
0
127
1
-1
0
0
0
0.98212275950249217
0
5
1
-1
0
0
0
0.15971248110874578
0
122
"DecisionTree"
0
0
2
3
0
0
1
7
0
21
-1.1170892303252484
1
4
-1.417986535262797e-05
0
319
0
0
0.011208537237144229
2
3
0.0037905529577872961
0
45
1
-1
0
0
0
1.0010109836962102
0
28
1
-1
0
0
0
0.73053241601820729
0
17
0
23
-0.25919997094402603
5
6
-0.00063904474506538901
0
274
1
-1
0
0
0
0.54525340876882844
0
153
1
-1
0
0
0
-0.50685458752773915
0
121
"DecisionTree"
0
0
2
3
0
0
1
7
0
21
-1.1170892303252484
1
4
1.417986535261065e-05
0
319
0
0
0.011208537237144229
2
3
-0.0037905529577872644
0
45
1
-1
0
0
0
-1.00101098369621
0
28
1
-1
0
0
0
-0.73053241601820851
0
17
0
23
-0.25919997094402603
5
6
0.00063904474506536386
0
274
1
-1
0
0
0
-0.54525340876884043
0
153
1
-1
0
0
0
0.50685458752773982
0
121
"DecisionTree"
0
0
2
3
0
0
1
5
0
18
4.0963894481541949
1
4
3.8349886588179753e-06
0
319
0
29
-1.3184193017922297
2
3
0.00014275908994087753
0
316
1
-1
0
0
0
1.0237808532304122
0
5
1
-1
0
0
0
-0.011735337322748672
0
311
1
-1
0
0
0
-1.0289220409223983
0
3
"DecisionTree"
0
0
2
3
0
0
1
5
0
18
4.0963894481541949
1
4
-3.8349886588303115e-06
0
319
0
29
-1.3184193017922297
2
3
-0.00014275908994088968
0
316
1
-1
0
0
0
-1.0237808532304122
0
5
1
-1
0
0
0
0.011735337322744741
0
311
1
-1
0
0
0
1.0289220409223985
0
3
"DecisionTree"
0
0
2
3
0
0
1
5
0
25
3.4660259712105796
1
4
4.0843265324643216e-06
0
319
0
23
0.13586410875289345
2
3
0.00014941714739798384
0
315
1
-1
0
0
0
0.29225753071191923
0
221
1
-1
0
0
0
-0.7127741882894516
0
94
1
-1
0
0
0
-1.018839869372151
0
4
"DecisionTree"
0
0
2
3
0
0
1
5
0
25
3.4660259712105796
1
4
-4.0843265324608199e-06
0
319
0
23
0.13586410875289345
2
3
-0.00014941714739798048
0
315
1
-1
0
0
0
-0.2922575307119159
0
221
1
-1
0
0
0
0.71277418828944972
0
94
1
-1
0
0
0
1.0188398693721508
0
4
"DecisionTree"
0
0
2
3
0
0
1
5
0
29
-1.3184193017922297
1
2
-2.1913248973155567e-05
0
319
1
-1
0
0
0
1.0102509458090225
0
5
0
14
-1.1955843776703161
3
4
-0.00017743742978415002
0
314
1
-1
0
0
0
-0.94566101142508618
0
6
1
-1
0
0
0
-0.01061870398715023
0
308
"DecisionTree"
0
0
2
3
0
0
1
5
0
29
-1.3184193017922297
1
2
2.1913248973151891e-05
0
319
1
-1
0
0
0
-1.0102509458090208
0
5
0
14
-1.1955843776703161
3
4
0.00017743742978414514
0
314
1
-1
0
0
0
0.94566101142507697
0
6
1
-1
0
0
0
0.010618703987148889
0
308
"DecisionTree"
0
0
2
3
0
0
1
7
0
24
0.21800519134269691
1
4
-1.1847905707890643e-05
0
319
0
25
0.27862486874907971
2
3
0.00099810854186787906
0
183
1
-1
0
0
0
0.10989056261606038
0
154
1
-1
0
0
0
0.94727382965491291
0
29
0
23
-0.31770834247855873
5
6
-0.0013708334197252872
0
136
1
-1
0
0
0
0.33080260070065326
0
58
1
-1
0
0
0
-0.88616005257292763
0
78
"DecisionTree"
0
0
2
3
0
0
1
7
0
24
0.21800519134269691
1
4
1.1847905707879147e-05
0
319
0
25
0.27862486874907971
2
3
-0.00099810854186789338
0
183
1
-1
0
0
0
-0.10989056261606654
0
154
1
-1
0
0
0
-0.94727382965491624
0
29
0
23
-0.31770834247855873
5
6
0.0013708334197252803
0
136
1
-1
0
0
0
-0.33080260070065753
0
58
1
-1
0
0
0
0.88616005257292685
0
78
"DecisionTree"
0
0
2
3
0
0
1
5
0
18
4.0963894481541949
1
4
-1.7800941284049897e-05
0
319
0
21
0.59265447712307306
2
3
8.8874137790375155e-05
0
316
1
-1
0
0
0
0.30277188281985062
0
232
1
-1
0
0
0
-0.50891722879918333
0
84
1
-1
0
0
0
-1.0257037353534484
0
3
"DecisionTree"
0
0
2
3
0
0
1
5
0
18
4.0963894481541949
1
4
1.7800941284052641e-05
0
319
0
21
0.59265447712307306
2
3
-8.8874137790372702e-05
0
316
1
-1
0
0
0
-0.30277188281984563
0
232
1
-1
0
0
0
0.50891722879917511
0
84
1
-1
0
0
0
1.0257037353534482
0
3
"DecisionTree"
0
0
2
3
0
0
1
7
0
7
0.0018989179527105424
1
4
-2.1857062910768603e-05
0
319
0
17
-0.14392554821302106
2
3
0.00071889422677013563
0
192
1
-1
0
0
0
-0.14200448909184826
0
140
1
-1
0
0
0
1.0191484610489594
0
52
0
7
0.099626596869998862
5
6
-0.0011417330284126071
0
127
1
-1
0
0
0
-0.93690930465738431
0
5
1
-1
0
0
0
-0.19668518378689617
0
122
"DecisionTree"
0
0
2
3
0
0
1
7
0
7
0.0018989179527105424
1
4
2.1857062910780048e-05
0
319
0
17
-0.14392554821302106
2
3
-0.00071889422677012902
0
192
1
-1
0
0
0
0.14200448909185523
0
140
1
-1
0
0
0
-1.0191484610489596
0
52
0
7
0.099626596869998862
5
6
0.0011417330284126267
0
127
1
-1
0
0
0
0.93690930465738653
0
5
1
-1
0
0
0
0.19668518378690142
0
122
"DecisionTree"
0
0
2
3
0
0
1
5
0
11
-1.560758336413302
1
2
7.7702339042389123e-06
0
319
1
-1
0
0
0
1.0208691111723698
0
3
0
26
-0.043637831845614289
3
4
-7.9371681536957996e-05
0
316
1
-1
0
0
0
0.39157510685910196
0
182
1
-1
0
0
0
-0.3829631074178434
0
134
"DecisionTree"
0
0
2
3
0
0
1
5
0
11
-1.560758336413302
1
2
-7.7702339042345179e-06
0
319
1
-1
0
0
0
-1.0208691111723698
0
3
0
26
-0.043637831845614289
3
4
7.9371681536962048e-05
0
316
1
-1
0
0
0
-0.39157510685910335
0
182
1
-1
0
0
0
0.38296310741784562
0
134
"DecisionTree"
0
0
2
3
0
0
1
7
0
23
0.13586410875289345
1
4
1.013263024442181e-05
0
319
0
3
-0.0043931351332489781
2
3
0.00056106628567902019
0
224
1
-1
0
0
0
0.0095235563353417273
0
205
1
-1
0
0
0
0.87283545915345839
0
19
0
27
-0.027164301067408192
5
6
-0.001288910936254
0
95
1
-1
0
0
0
-0.68249477331045072
0
8
1
-1
0
0
0
-1.0041088100625222
0
87
"DecisionTree"
0
0
2
3
0
0
1
7
0
23
0.13586410875289345
1
4
-1.0132630244417055e-05
0
319
0
3
-0.0043931351332489781
2
3
-0.00056106628567902822
0
224
1
-1
0
0
0
-0.0095235563353477503
0
205
1
-1
0
0
0
-0.87283545915345784
0
19
0
27
-0.027164301067408192
5
6
0.0012889109362540325
0
95
1
-1
0
0
0
0.68249477331045005
0
8
1
-1
0
0
0
1.004108810062522
0
87
"DecisionTree"
0
0
2
3
0
0
1
7
0
27
0.90591471290310821
1
4
6.7039724525944334e-06
0
319
0
5
0.74336174730895976
2
3
0.0003742694225323909
0
248
1
-1
0
0
0
0.044785199885749874
0
235
1
-1
0
0
0
0.93594487513999725
0
13
0
20
0.012425213384997569
5
6
-0.0012771866137416227
0
71
1
-1
0
0
0
-0.858643137573052
0
9
1
-1
0
0
0
-1.0032826983489924
0
62
"DecisionTree"
0
0
2
3
0
0
1
7
0
27
0.90591471290310821
1
4
-6.7039724525928453e-06
0
319
0
5
0.74336174730895976
2
3
-0.00037426942253239388
0
248
1
-1
0
0
0
-0.044785199885751907
0
235
1
-1
0
0
0
-0.9359448751399928
0
13
0
20
0.012425213384997569
5
6
0.0012771866137416422
0
71
1
-1
0
0
0
0.85864313757305233
0
9
1
-1
0
0
0
1.0032826983489929
0
62
2
-0.46188619472576886
-0.99450647831917982
1
