MLCPP_ARCHIVE_V1
"DecisionTree"
0
0
3
5
0
0
1
13
0
7
0.38871963157583611
1
8
0
0
320
0
7
-0.58028008725269109
2
5
-0.35584574776723182
0
230
0
1
-0.17217849905979193
3
4
-0.75037375097840786
0
102
1
-1
0
0
0
-0.46752869941849939
0
50
1
-1
0
0
0
-1.02234014670909
0
52
0
0
-1.1801100602554198
6
7
-0.041456245208326158
0
128
1
-1
0
0
0
0.75165272095517954
0
21
1
-1
0
0
0
-0.19711314510957501
0
107
0
7
1.967192980242934
9
12
0.90938357762737088
0
90
0
2
-0.16696227943096278
10
11
0.75432620225647229
0
81
1
-1
0
0
0
0.41623647090186139
0
40
1
-1
0
0
0
1.0841698426024338
0
41
1
-1
0
0
0
2.3048999559654626
0
9
