MLCPP_ARCHIVE_V1
6
200
42
9.9999999999999995e-07
-1183.8705028891932
6
4
1.2765509132255797
-0.48528143699163173
1.7700925590865149
1.7940196419237076
4
0.23363513128529589
-1.552391962946535
0.79252809823442094
0.51811136386224066
4
-0.57033424164218138
1.0211334638132585
-0.47230882935995411
-0.13299400377498133
4
-0.76158199644166813
0.25016036821834359
-0.93194184932477064
-0.96979530281958171
4
0.73973994564058487
-0.99454295865962028
1.1890857265615207
1.303034235676394
4
1.3118853613672246
1.0394749667057772
-0.046863769026477792
-0.33068375115825255
6
4
0.27757324496106855
0.090268952205465533
0.079846468125748304
0.088314836018688017
4
0.11746699546264945
0.053018010872858304
0.060079071203681091
0.1124360671515769
4
0.25651149383269034
0.2911555814760956
0.14495435238954144
0.16427385306271705
4
0.67627933810759466
0.18639662975094246
0.1635652089052726
0.12330919035161628
4
0.10516987368726712
0.073050425582340484
0.069974502644744932
0.1696481313641969
4
0.076757316956836019
0.15547850397133256
0.1410934675397385
0.17911442410505093
6
0.085003705860727696
0.14751001974473149
0.1966266203021087
0.3415491633658565
0.12504438050679695
0.10426611021977872
