MLCPP_ARCHIVE_V1
"WeightedLogistic_V1"
2
0.10000000000000001
2000
0.001
-5.0275350187607284
30
-0.19872329888801882
0.17943148009079588
-0.16790045022877392
0.085514541589834139
0.26743846492179602
-0.34614180928286037
0.62610098631795297
0.42862381470995198
-0.14302711079117983
-0.32816850649144214
0.35053600248034095
-0.2826696039336018
0.19561734058187705
0.88017339139418083
0.49508102001804327
-0.12010976356621964
-0.23371188517952529
-0.18193495075780533
0.029447171309086601
-0.27763218498908515
0.38261609164900545
0.82326147596160959
0.53401657426548654
0.81071231903798324
0.94634246248187237
0.14008533892128433
0.43467529537499872
0.37095076649437819
0.49887411521476227
0.050617560671409441
