MLCPP_ARCHIVE_V1
30
12.34
17.84
78.939999999999998
466.10000000000002
0.092460000000000001
0.076980000000000007
0.040059999999999998
0.025409999999999999
0.17349999999999999
0.0613
0.27100000000000002
1.1399999999999999
1.9590000000000001
20.210000000000001
0.0065469999999999999
0.017639999999999999
0.019539999999999998
0.0093930000000000003
0.01924
0.0029610000000000001
13.57
23.309999999999999
88.120000000000005
559.5
0.1275
0.17879999999999999
0.15140000000000001
0.079259999999999997
0.2722
0.07757
30
12.515174757281549
18.403462783171509
80.680550161812278
496.37831715210365
0.093855695792880278
0.085970809061488684
0.055803960194174725
0.030925741100323634
0.17637216828478958
0.06281909385113274
0.30829805825242707
1.2532682847896432
2.1778207119741122
24.516223300970854
0.0073214983818770266
0.023293378640776713
0.028665115210356008
0.010711255663430421
0.020787504854368942
0.0037465559870550158
13.909656957928819
24.311779935275069
90.876990291262175
613.08284789643983
0.12765724919093846
0.20170508090614869
0.19291252750809065
0.084542038834951497
0.27516957928802582
0.080432653721682859
30
2.1989951401532988
4.1933406115960654
14.874531936991197
187.98703068193666
0.01333616920190696
0.038587012776436176
0.054264464564314829
0.022939983332148462
0.026034162311713641
0.0068382987121053422
0.14939027447013412
0.60299678534511292
1.0851384443721959
16.66505115053096
0.0032967480030521665
0.018252347398148967
0.034985938217904758
0.0063192935276565184
0.0074670029853556212
0.0029957880458949238
2.697751060049558
5.7832931797853258
18.939624624297348
263.24969909714503
0.020685876094072689
0.11799667989848124
0.16593525691932848
0.045249983504638012
0.047313786042349093
0.014893727185047258
