MLCPP_ARCHIVE_V1
0.69999999999999996
12
344
0
0
0
0
0
-1
0
0
0
0
0
0
0
-1
-1
0
0
0
0
-1
0
0
0
0
0
0
0
0
-1
0
0
0
0
0
0
-1
0
0
0
0
0
0
0
0
0
0
0
0
0
-1
0
0
0
0
0
0
0
0
0
0
0
-1
0
0
0
0
0
0
0
0
0
0
0
0
0
0
0
0
0
0
0
0
0
0
0
-1
0
0
0
0
0
0
0
0
0
0
0
0
-1
0
0
0
0
0
0
0
0
0
0
0
0
0
0
0
-1
0
0
-1
0
0
0
0
0
0
0
0
0
0
0
-1
0
0
0
0
0
0
0
0
0
0
0
0
-1
0
0
0
0
0
0
0
0
0
0
0
0
0
0
0
-1
0
0
0
0
0
0
0
0
0
0
-1
0
-1
0
0
0
0
0
0
0
0
0
-1
0
-1
0
0
0
0
0
-1
-1
-1
0
0
0
0
0
0
0
-1
-1
0
0
0
0
0
0
0
0
0
0
-1
0
0
0
-1
-1
0
0
0
1
1
1
1
1
1
1
1
1
1
1
1
1
1
1
1
1
1
1
1
1
1
1
1
1
1
1
1
1
1
1
1
1
-1
1
1
1
-1
1
1
1
1
1
1
1
1
1
1
1
1
1
1
1
1
1
1
1
1
1
1
1
1
1
1
1
1
1
1
1
1
1
1
1
1
1
1
1
1
1
1
1
1
1
1
1
1
1
1
1
1
1
1
1
1
1
1
1
1
1
1
1
-1
1
1
1
1
1
1
1
1
1
1
1
1
1
-1
1
1
1
0
1
1
1
1
344
4
-0.88762182965737935
0.78728938525384684
-1.4205408977935208
-0.56462526037602423
4
-0.81403660025573177
0.12611414941249216
-1.0634854624282049
-0.50201046683335748
4
-0.66686614145243683
0.43127195057004103
-0.42078567877063644
-1.1907731958026921
4
0.096580613589659817
0.075254515886235232
-0.27796350462451008
-0.18893649912002353
4
-1.3291332060672656
1.0924471864113956
-0.56360785291676274
-0.94031402163202504
4
-0.85082921495655628
1.7536224222527503
-0.77784111413595225
-0.68985484746135783
4
-0.92441444435820375
0.32955268351752537
-1.4205408977935208
-0.72116224423269126
4
-0.86922552230696715
1.2450260869901701
-0.42078567877063644
0.59374842016331131
4
-1.8074371971779764
0.48213158409629975
-0.56360785291676274
-0.90900662486069161
4
-0.35412891649543327
1.5501838881477172
-0.77784111413595225
0.061522675050643641
4
-1.1267738252127353
-0.02646475116628046
-1.0634854624282049
-1.1281584022600253
4
-1.1267738252127353
0.075254515886235232
-1.4919519848665839
-0.62724005391869109
4
-0.51969568264914046
0.22783341646500965
-1.3491298107204575
-1.253387989345359
4
-0.97960336640943901
2.0587802234102974
-0.70643002706288904
-0.50201046683335748
4
-1.7154556604259168
2.0079205898840407
-0.20655241755144696
0.24936705567864401
4
-1.3475295134176779
0.32955268351752537
-1.1348965495012682
-0.62724005391869109
4
-0.96120705905902681
0.93986828583262128
-0.42078567877063644
-0.94031402163202504
4
-0.26214737974337354
1.8044820557790073
-0.27796350462451008
0.37459664276397758
4
-1.7522482751267412
0.63471048467507241
-1.2063076365743313
-1.096851005488692
4
0.3817233775210444
2.2113591239890718
-0.49219676584369959
-0.001092118492023152
4
-1.1267738252127353
0.58385085114881541
-1.9204185073049629
-1.0029288151746918
4
-1.1451701325631463
0.78728938525384684
-1.4919519848665839
-0.75246964100402458
4
-1.4763036648705621
1.041587552885137
-0.84925220120901546
-0.50201046683335748
4
-1.0531885958110865
0.48213158409629975
-1.1348965495012682
-0.31416608620535708
4
-0.94281075170861595
0.024394882359976479
-1.4919519848665839
-0.50201046683335748
4
-1.5866815089730339
0.8890086523063625
-0.99207437535514176
-0.50201046683335748
4
-0.61167721940120023
0.73642975172758984
-1.2777187236473944
-0.81508443454669144
4
-0.63007352675161243
0.38041231704378226
-0.99207437535514176
-1.253387989345359
4
-1.1083775178623232
0.73642975172758984
-2.0632406814510893
-1.3160027828880256
4
-0.63007352675161243
0.8890086523063625
-1.4919519848665839
-0.31416608620535708
4
-0.81403660025573177
-0.22990328527131362
-1.6347741590127103
-1.1907731958026921
4
-1.237151669315206
0.48213158409629975
-1.6347741590127103
-0.37678087974802388
4
-0.81403660025573177
0.32955268351752537
-0.92066328828207855
-1.1281584022600253
4
-0.55648829734996486
0.8890086523063625
-1.2063076365743313
-0.37678087974802388
4
-1.3843221281185023
-0.077324384692539203
-0.42078567877063644
-1.096851005488692
4
-0.86922552230696715
2.0079205898840407
-0.34937459169757329
-0.063706912034689936
4
-0.94281075170861595
1.4484646210952015
-0.77784111413595225
-0.31416608620535708
4
-0.31733630179460887
0.68557011820133118
-1.4919519848665839
-0.81508443454669144
4
-1.1635664399135583
1.0924471864113956
-1.4205408977935208
-1.1281584022600253
4
-0.7588476782044965
0.99072791935888005
-1.2063076365743313
0.56244102339197799
4
-1.36592582076809
0.43127195057004103
-1.3491298107204575
-1.3160027828880256
4
-0.57488460470037706
0.63471048467507241
-0.42078567877063644
-0.37678087974802388
4
-1.4579073575201498
0.68557011820133118
-1.0634854624282049
-1.3786175764306925
4
0.032193537863217762
1.2958857205164271
-0.34937459169757329
0.24936705567864401
4
-1.2739442840160304
-0.12818401821879796
-1.1348965495012682
-1.5038471635160262
4
-0.79564029290531957
0.83814901878010561
-0.77784111413595225
0.49982622984931119
4
-0.51969568264914046
0.93986828583262128
-1.3491298107204575
-0.97162141840335836
4
-1.1819627472639707
0.8890086523063625
-1.563363071939647
-1.5351545602873595
4
-1.4579073575201498
0.38041231704378226
-0.77784111413595225
-0.94031402163202504
4
-0.298939994444198
2.0587802234102974
-0.70643002706288904
-0.063706912034689936
4
-0.79564029290531957
0.27869304999126659
-1.0634854624282049
-0.87769922808935819
4
-0.7036587561532599
0.8890086523063625
-0.92066328828207855
0.12413746859331043
4
-1.6418704310242691
0.38041231704378226
-0.77784111413595225
-0.94031402163202504
4
-0.35412891649543327
1.1941664534639114
-0.063730243405320616
-0.18893649912002353
4
-1.7338519677763289
0.48213158409629975
-0.99207437535514176
-1.6290767506013597
4
-0.46450676059790519
0.73642975172758984
-0.70643002706288904
-0.62724005391869109
4
-0.90601813700779155
0.17697378293875091
-1.0634854624282049
-0.81508443454669144
4
-0.61167721940120023
0.83814901878010561
-0.56360785291676274
-0.50201046683335748
4
-1.36592582076809
-0.28076291879757059
-1.4205408977935208
-1.6916915441440266
4
-1.1635664399135583
0.99072791935888005
-0.49219676584369959
-0.56462526037602423
4
-1.5130962795713851
-0.12818401821879796
-1.1348965495012682
-1.3160027828880256
4
-0.48290306794831739
2.0079205898840407
-0.42078567877063644
0.24936705567864401
4
-1.1635664399135583
-0.077324384692539203
-1.1348965495012682
-0.75246964100402458
4
-0.51969568264914046
0.53299121762255675
-0.63501893998982595
-0.18893649912002353
4
-1.3843221281185023
-0.02646475116628046
-1.2063076365743313
-1.6916915441440266
4
-0.42771414589708079
0.43127195057004103
-0.63501893998982595
-0.31416608620535708
4
-1.5498888942722095
-0.48420145290260375
-0.42078567877063644
-1.0655436087173586
4
-0.51969568264914046
0.99072791935888005
-0.92066328828207855
-0.12632170557735672
4
-1.4763036648705621
-0.28076291879757059
-0.77784111413595225
-1.4412323699733594
4
-0.39092153119625767
1.1433068199376526
-0.20655241755144696
0.31198184922131078
4
-1.9178150412804482
0.93986828583262128
-0.77784111413595225
-0.75246964100402458
4
-0.77724398555490737
0.63471048467507241
-0.77784111413595225
-0.37678087974802388
4
-0.79564029290531957
0.024394882359976479
-0.34937459169757329
-0.81508443454669144
4
0.34493076282022
0.8890086523063625
-0.27796350462451008
-0.063706912034689936
4
-1.5498888942722095
0.17697378293875091
-0.77784111413595225
-0.62724005391869109
4
-0.20695845769213828
0.68557011820133118
-0.42078567877063644
0.061522675050643641
4
-0.55648829734996486
-0.1790436517450549
-0.70643002706288904
-0.62724005391869109
4
-1.237151669315206
1.1433068199376526
-1.2063076365743313
-0.37678087974802388
4
-1.4211147428193254
-0.53506108642886074
-0.99207437535514176
-0.81508443454669144
4
-0.33573260914502107
0.99072791935888005
-0.42078567877063644
-0.25155129266269033
4
-1.7154556604259168
0.024394882359976479
-0.84925220120901546
-1.253387989345359
4
-0.18856215034172608
0.22783341646500965
-0.34937459169757329
0.62505581693464474
4
-1.3291332060672656
0.83814901878010561
-0.99207437535514176
-0.50201046683335748
4
-1.623474123673857
1.1433068199376526
-0.56360785291676274
-0.001092118492023152
4
-1.2187553619647951
0.32955268351752537
-0.70643002706288904
-1.0655436087173586
4
-0.48290306794831739
1.601043521673976
-0.49219676584369959
-0.81508443454669144
4
-1.4027184354689144
1.1941664534639114
-0.77784111413595225
-0.50201046683335748
4
-1.2923405913664425
0.73642975172758984
-0.84925220120901546
-0.87769922808935819
4
-1.0347922884606757
1.041587552885137
-0.84925220120901546
-0.31416608620535708
4
-0.92441444435820375
0.83814901878010561
-0.77784111413595225
-0.75246964100402458
4
-1.5130962795713851
0.43127195057004103
0.079091930740805699
-0.81508443454669144
4
-0.51969568264914046
0.48213158409629975
0.29332519195999518
0.12413746859331043
4
-1.8258335045283887
-0.02646475116628046
-1.1348965495012682
-1.0029288151746918
4
-0.79564029290531957
0.48213158409629975
-1.0634854624282049
0.31198184922131078
4
-1.4211147428193254
0.075254515886235232
-0.99207437535514176
-1.1281584022600253
4
-0.57488460470037706
0.8890086523063625
0.50755845317918469
0.12413746859331043
4
-1.0715849031614988
0.73642975172758984
-0.77784111413595225
-0.62724005391869109
4
-0.66686614145243683
0.68557011820133118
-0.34937459169757329
0.1867522621359772
4
-1.9914002706820959
-0.53506108642886074
-1.6347741590127103
-1.6290767506013597
4
-0.13337322829048945
0.68557011820133118
-0.63501893998982595
-0.12632170557735672
4
-1.6418704310242691
0.38041231704378226
-0.63501893998982595
-0.59593265714735766
4
-0.53809198999955266
1.4484646210952015
0.15050301781386888
0.65636321370597817
4
-1.1451701325631463
-0.58592071995511941
-1.2777187236473944
-1.4099249732020258
4
-1.1267738252127353
1.4484646210952015
-0.77784111413595225
0.061522675050643641
4
-1.1083775178623232
0.73642975172758984
-0.56360785291676274
-1.5977693538300264
4
-0.77724398555490737
0.8890086523063625
-1.2063076365743313
-0.81508443454669144
4
-0.97960336640943901
0.024394882359976479
-0.13514133047838378
-0.56462526037602423
4
-1.0531885958110865
1.4484646210952015
-0.77784111413595225
-0.37678087974802388
4
-1.0715849031614988
-0.077324384692539203
-1.4205408977935208
-1.2846953861166923
4
-0.13337322829048945
0.93986828583262128
-0.27796350462451008
0.71897800724864491
4
-1.0715849031614988
-0.33162255232382931
-0.20655241755144696
-0.47070307006202405
4
0.30813814811939688
1.601043521673976
-0.70643002706288904
0.49982622984931119
4
-0.77724398555490737
0.27869304999126659
-0.56360785291676274
-1.253387989345359
4
-0.31733630179460887
1.1941664534639114
-0.27796350462451008
0.092830071821977028
4
-0.79564029290531957
1.8044820557790073
-0.70643002706288904
-0.37678087974802388
4
-0.22535476504254917
0.58385085114881541
-0.34937459169757329
-0.15762910234869013
4
-0.97960336640943901
-0.077324384692539203
-0.92066328828207855
-1.6290767506013597
4
-1.2187553619647951
1.7027627887264916
-0.13514133047838378
-0.53331786360469091
4
-1.5130962795713851
-0.077324384692539203
-0.84925220120901546
-1.0655436087173586
4
-0.51969568264914046
0.73642975172758984
-0.84925220120901546
-1.096851005488692
4
-1.4211147428193254
0.024394882359976479
-0.99207437535514176
-1.3160027828880256
4
-1.1451701325631463
1.3467453540426859
-0.20655241755144696
-0.87769922808935819
4
-0.6852624488028477
-0.077324384692539203
-1.7775963331588365
-0.94031402163202504
4
-0.46450676059790519
0.68557011820133118
0.079091930740805699
-0.40808827651935731
4
-1.6050778163234447
-0.63678035348137729
-1.0634854624282049
-1.4412323699733594
4
-0.61167721940120023
0.93986828583262128
-0.13514133047838378
-0.25155129266269033
4
-0.94281075170861595
0.22783341646500965
-0.70643002706288904
-1.1594657990313588
4
-0.44611045324749299
0.58385085114881541
-0.42078567877063644
0.12413746859331043
4
-0.90601813700779155
-0.02646475116628046
-0.70643002706288904
-1.4412323699733594
4
0.032193537863217762
0.43127195057004103
0.65038062732531099
-0.25155129266269033
4
-0.99799967375985121
0.38041231704378226
-0.77784111413595225
-1.096851005488692
4
-0.15176953564090165
1.041587552885137
-0.27796350462451008
-0.87769922808935819
4
-1.3107368987168548
0.68557011820133118
-0.56360785291676274
-0.87769922808935819
4
-1.1819627472639707
0.68557011820133118
-0.13514133047838378
0.34328924599264421
4
-1.0715849031614988
0.22783341646500965
-0.99207437535514176
-0.97162141840335836
4
-0.51969568264914046
0.17697378293875091
-0.77784111413595225
-0.37678087974802388
4
-1.5314925869217972
0.17697378293875091
-0.70643002706288904
-1.2846953861166923
4
-0.6852624488028477
1.4993242546214602
-0.063730243405320616
-0.2828586894340237
4
-1.2739442840160304
-0.33162255232382931
-1.1348965495012682
-1.0029288151746918
4
-0.77724398555490737
0.38041231704378226
-0.56360785291676274
0.061522675050643641
4
-0.6852624488028477
-0.02646475116628046
-0.56360785291676274
-1.0029288151746918
4
-0.61167721940120023
0.024394882359976479
-0.99207437535514176
-0.90900662486069161
4
-2.175363344186215
-0.8402188875864095
-0.92066328828207855
-1.4412323699733594
4
-0.59328091205078803
-0.077324384692539203
-0.77784111413595225
-0.59593265714735766
4
-1.2187553619647951
-0.1790436517450549
-0.63501893998982595
-1.5038471635160262
4
-0.90601813700779155
0.78728938525384684
-1.1348965495012682
-0.68985484746135783
4
-0.86922552230696715
0.73642975172758984
-0.77784111413595225
0.061522675050643641
4
-1.3475295134176779
0.63471048467507241
-1.2063076365743313
-0.90900662486069161
4
-1.4579073575201498
0.32955268351752537
-0.42078567877063644
-0.94031402163202504
4
-1.1267738252127353
0.48213158409629975
-0.56360785291676274
-0.56462526037602423
4
-1.4579073575201498
-0.02646475116628046
-0.99207437535514176
-0.62724005391869109
4
-0.44611045324749299
0.68557011820133118
0.0076808436677425424
-0.25155129266269033
4
0.47370491427310413
0.38041231704378226
-0.63501893998982595
-0.87769922808935819
4
1.117575671537522
1.1941664534639114
-0.34937459169757329
-0.37678087974802388
4
1.3567276670928767
1.041587552885137
-0.56360785291676274
-0.68985484746135783
4
0.27134553341857248
0.78728938525384684
-0.92066328828207855
-0.84639183131802487
4
1.6142759699986451
1.3467453540426859
-0.27796350462451008
-0.59593265714735766
4
0.23455291871774939
0.32955268351752537
-0.20655241755144696
-0.31416608620535708
4
0.4001196848714566
0.53299121762255675
-1.6347741590127103
-1.1907731958026921
4
1.3567276670928767
0.53299121762255675
-0.27796350462451008
-0.56462526037602423
4
0.3817233775210444
0.8890086523063625
-0.42078567877063644
-0.063706912034689936
4
1.3567276670928767
1.3976049875689427
-0.20655241755144696
-0.62724005391869109
4
0.49210122162351633
0.32955268351752537
-0.56360785291676274
-0.50201046683335748
4
1.4303128964945255
1.601043521673976
-0.49219676584369959
-0.53331786360469091
4
0.56568645102516379
0.075254515886235232
-1.1348965495012682
-0.62724005391869109
4
1.4855018185457609
0.48213158409629975
0.0076808436677425424
-0.18893649912002353
4
0.3633270701706322
-0.02646475116628046
-0.77784111413595225
-0.78377703777535801
4
1.2095572082895818
1.2450260869901701
0.0076808436677425424
-0.18893649912002353
4
1.1727645935887574
1.4484646210952015
-0.27796350462451008
-1.1281584022600253
4
2.5892802595704776
0.32955268351752537
-1.4205408977935208
-0.62724005391869109
4
0.45530860692269187
0.73642975172758984
-0.77784111413595225
-0.94031402163202504
4
0.97040521273422709
0.53299121762255675
-0.42078567877063644
0.24936705567864401
4
-0.28054368709378574
0.075254515886235232
-1.4205408977935208
-0.75246964100402458
4
0.84163106128134291
0.17697378293875091
-0.70643002706288904
-1.0029288151746918
4
-0.13337322829048945
-0.28076291879757059
-0.99207437535514176
-1.6290767506013597
4
1.2279535156399939
1.1433068199376526
-0.56360785291676274
-0.50201046683335748
4
0.51049752897392853
0.38041231704378226
-0.42078567877063644
-1.1281584022600253
4
1.4855018185457609
0.93986828583262128
-0.27796350462451008
-0.063706912034689936
4
1.2095572082895818
0.63471048467507241
-0.063730243405320616
-1.0029288151746918
4
1.0255941347854622
0.93986828583262128
-0.063730243405320616
-0.50201046683335748
4
0.45530860692269187
0.32955268351752537
-0.70643002706288904
-0.62724005391869109
4
1.6326722773490558
1.4484646210952015
0.29332519195999518
0.43721143630664439
4
-0.55648829734996486
-0.28076291879757059
-0.99207437535514176
-1.253387989345359
4
1.8902205802548242
1.8553416893052661
0.0076808436677425424
0.12413746859331043
4
-0.26214737974337354
-0.22990328527131362
-0.99207437535514176
-1.0655436087173586
4
1.3015387450416416
0.83814901878010561
0.15050301781386888
-0.12632170557735672
4
1.0623867494862869
0.73642975172758984
-0.42078567877063644
-0.75246964100402458
4
0.65766798777722346
-0.1790436517450549
-0.13514133047838378
-0.37678087974802388
4
0.67606429512763577
0.58385085114881541
-0.42078567877063644
-0.43939567329069068
4
1.4855018185457609
1.8044820557790073
0.65038062732531099
0.75028540401997834
4
0.54729014367475159
-0.28076291879757059
-0.63501893998982595
-1.8795359247720269
4
1.76144642880194
1.3976049875689427
0.29332519195999518
0.37459664276397758
4
0.93361259803340269
1.1941664534639114
0.65038062732531099
-0.31416608620535708
4
0.4185159922218688
0.17697378293875091
-0.99207437535514176
-0.68985484746135783
4
1.2831424376912293
0.99072791935888005
-0.34937459169757329
-0.81508443454669144
4
0.28974184076898468
-0.077324384692539203
-0.34937459169757329
-0.87769922808935819
4
1.2831424376912293
0.38041231704378226
-0.34937459169757329
-0.65854745069002441
4
1.2647461303408172
0.68557011820133118
0.0076808436677425424
0.31198184922131078
4
1.1359719788879343
0.38041231704378226
-0.77784111413595225
-1.0029288151746918
4
0.93361259803340269
1.2450260869901701
0.79320280147143729
0.12413746859331043
4
1.3935202817937011
0.78728938525384684
-0.99207437535514176
-1.1907731958026921
4
1.0807830568366976
0.075254515886235232
-0.20655241755144696
-0.65854745069002441
4
0.76804583187969544
-0.38248218585008809
-0.13514133047838378
-1.096851005488692
4
1.375123974443289
0.93986828583262128
0.0076808436677425424
-0.31416608620535708
4
0.32653445546980908
0.075254515886235232
-0.56360785291676274
-0.75246964100402458
4
1.2463498229904062
1.2958857205164271
0.15050301781386888
-0.18893649912002353
4
-0.26214737974337354
0.075254515886235232
-0.99207437535514176
-1.0655436087173586
4
1.5222944332465853
0.83814901878010561
-0.27796350462451008
-0.94031402163202504
4
0.23455291871774939
-0.28076291879757059
-0.70643002706288904
-1.1907731958026921
4
0.98880152008463795
1.3976049875689427
0.15050301781386888
-0.18893649912002353
4
1.1543682862383464
0.83814901878010561
0.079091930740805699
-0.50201046683335748
4
0.30813814811939688
1.1433068199376526
-0.49219676584369959
-0.84639183131802487
4
1.4671055111953486
1.1941664534639114
0.36473627903305833
-0.31416608620535708
4
0.52889383632433939
-0.33162255232382931
-0.84925220120901546
-0.68985484746135783
4
0.32653445546980908
-0.077324384692539203
-0.42078567877063644
-0.68985484746135783
4
2.1845614978614143
1.3467453540426859
0.43614736610612154
-0.25155129266269033
4
-0.078184306239254153
0.48213158409629975
0.079091930740805699
-1.0029288151746918
4
1.0439904421358746
0.53299121762255675
-0.56360785291676274
-0.53331786360469091
4
1.2647461303408172
0.93986828583262128
0.65038062732531099
-0.12632170557735672
4
1.1543682862383464
0.78728938525384684
-0.20655241755144696
-0.53331786360469091
4
0.4001196848714566
-2.0099904586903445
0.7217917143983742
0.37459664276397758
4
1.117575671537522
-0.43334181937634503
2.0786023687865742
1.8773516877879806
4
0.87842367598216731
-1.552253756954022
0.65038062732531099
0.31198184922131078
4
1.117575671537522
-0.99279778816518394
1.2216693239098164
1.8773516877879806
4
0.67606429512763577
-1.3488152228489898
1.0074360626906269
1.5016629265319799
4
0.47370491427310413
-1.85741155811157
0.65038062732531099
0.43721143630664439
4
0.27134553341857248
-1.2979555893227319
0.7217917143983742
0.75028540401997834
4
0.51049752897392853
-0.94193815463892527
1.2930804109828795
1.2512037523613126
4
-0.11497692094007855
-1.9082711916378279
0.57896954025224789
0.24936705567864401
4
0.52889383632433939
-0.89107852111266739
1.0074360626906269
1.1885889588186458
4
-0.55648829734996486
-1.7556922910590544
0.9360249756175637
0.56244102339197799
4
0.93361259803340269
-0.53506108642886074
1.07884714976369
1.6895073071599802
4
0.28974184076898468
-1.7556922910590544
0.9360249756175637
0.56244102339197799
4
0.82323475393093071
-1.2979555893227319
0.8646138885445005
2.0651960684159807
4
0.34493076282022
-1.2979555893227319
0.65038062732531099
-0.001092118492023152
4
0.98880152008463795
-0.73849962053389384
1.1502582368367531
2.0651960684159807
4
-0.35412891649543327
-1.85741155811157
0.65038062732531099
-0.063706912034689936
4
0.97040521273422709
-0.99279778816518394
1.4359025851290057
2.6287292102999822
4
0.4185159922218688
-1.3488152228489898
0.57896954025224789
0.75028540401997834
4
0.87842367598216731
-1.0436574216914418
1.507313672202069
1.439048132989313
4
1.1543682862383464
-1.4505344899015056
1.2216693239098164
1.8773516877879806
4
0.21615661136733719
-1.3488152228489898
1.0074360626906269
1.0007445781906454
4
0.47370491427310413
-1.3488152228489898
0.8646138885445005
0.24936705567864401
4
0.43691229957227967
-0.68763998700763518
1.0074360626906269
1.0633593717333123
4
-0.18856215034172608
-2.0608500922166022
1.0074360626906269
1.0007445781906454
4
0.4001196848714566
-1.0436574216914418
1.0074360626906269
1.1259741652759792
4
0.10577876726486526
-1.4505344899015056
1.07884714976369
-0.12632170557735672
4
0.71285690982845884
-1.0945170552176997
1.0074360626906269
1.8147368942453137
4
0.78644213923010764
-1.4505344899015056
0.65038062732531099
0.49982622984931119
4
1.117575671537522
-0.94193815463892527
1.3644914980559426
1.6895073071599802
4
0.62087537307639906
-0.94193815463892527
1.507313672202069
1.3138185459039795
4
-0.20695845769213828
-1.5013941234277641
0.57896954025224789
0.62505581693464474
4
0.21615661136733719
-1.3488152228489898
0.43614736610612154
1.0633593717333123
4
2.8836211771770688
-0.077324384692539203
2.0786023687865742
2.3156552425866481
4
0.95200890538381489
-1.1962363222702153
1.3644914980559426
1.1885889588186458
4
0.82323475393093071
-0.43334181937634503
1.3644914980559426
1.5016629265319799
4
-0.24375107239296137
-1.7556922910590544
0.8646138885445005
0.93812978464797869
4
0.087382459914453064
0.075254515886235232
1.2930804109828795
1.3138185459039795
4
0.013797230512805557
-1.8065519245853121
0.50755845317918469
0.1867522621359772
4
0.87842367598216731
-0.73849962053389384
0.50755845317918469
1.439048132989313
4
-0.22535476504254917
-1.7556922910590544
0.50755845317918469
-0.31416608620535708
4
1.0439904421358746
-0.58592071995511941
1.7215469334212585
1.8773516877879806
4
0.25294922606816028
-1.7556922910590544
0.65038062732531099
0.12413746859331043
4
1.0439904421358746
-1.0945170552176997
1.07884714976369
0.68767061047731148
4
1.2095572082895818
-0.63678035348137729
1.507313672202069
1.6895073071599802
4
-0.059787998888841946
-1.6539730240065378
1.1502582368367531
0.87551499110531195
4
0.28974184076898468
-1.6539730240065378
0.65038062732531099
-0.001092118492023152
4
1.2095572082895818
-0.63678035348137729
1.7215469334212585
1.5016629265319799
4
0.17936399666651276
-1.9591308251640858
0.8646138885445005
1.1259741652759792
4
0.23455291871774939
-0.68763998700763518
1.0074360626906269
1.3764333394466461
4
0.49210122162351633
-1.5013941234277641
0.65038062732531099
0.81290019756264509
4
0.84163106128134291
-1.552253756954022
1.3644914980559426
1.3764333394466461
4
0.21615661136733719
-1.3996748563752477
0.65038062732531099
0.24936705567864401
4
1.1359719788879343
-1.0945170552176997
1.7215469334212585
1.0007445781906454
4
0.47370491427310413
-1.3996748563752477
1.1502582368367531
0.87551499110531195
4
0.19776030401692499
-0.89107852111266739
1.3644914980559426
1.0633593717333123
4
-0.022995384188018848
-1.6539730240065378
0.50755845317918469
0.12413746859331043
4
0.28974184076898468
-1.0945170552176997
1.3644914980559426
1.0007445781906454
4
-0.13337322829048945
-1.3488152228489898
0.50755845317918469
0.31198184922131078
4
1.1911609009391695
-0.94193815463892527
1.6501358463481952
1.6895073071599802
4
0.25294922606816028
-1.7048326575327957
0.50755845317918469
-0.001092118492023152
4
0.4185159922218688
-1.1453766887439576
1.4359025851290057
1.3764333394466461
4
0.32653445546980908
-1.6539730240065378
0.9360249756175637
0.24936705567864401
4
1.908616887605235
-0.73849962053389384
2.1500134558596375
1.8147368942453137
4
0.34493076282022
-1.5013941234277641
1.2930804109828795
0.62505581693464474
4
1.0807830568366976
-0.1790436517450549
2.0786023687865742
1.8773516877879806
4
0.4185159922218688
-1.3996748563752477
0.9360249756175637
0.56244102339197799
4
1.0255941347854622
-0.48420145290260375
2.0071912817135109
2.0025812748733141
4
-0.078184306239254153
-1.5013941234277641
1.3644914980559426
0.62505581693464474
4
1.2463498229904062
-1.0945170552176997
1.5787247592751321
1.6895073071599802
4
0.69446060247804797
-1.0945170552176997
1.07884714976369
0.68767061047731148
4
0.45530860692269187
-0.78935925406015173
1.4359025851290057
1.0007445781906454
4
0.78644213923010764
-0.78935925406015173
1.4359025851290057
1.1259741652759792
4
0.47370491427310413
-1.1962363222702153
1.1502582368367531
1.2512037523613126
4
0.45530860692269187
-1.0945170552176997
1.07884714976369
0.62505581693464474
4
0.86002736863175511
-0.58592071995511941
2.0786023687865742
2.0025812748733141
4
0.65766798777722346
-1.5013941234277641
0.57896954025224789
0.49982622984931119
4
1.3199350523920537
-0.43334181937634503
1.3644914980559426
2.2530404490439815
4
0.23455291871774939
-1.7048326575327957
1.0074360626906269
0.68767061047731148
4
0.23455291871774939
-0.38248218585008809
1.5787247592751321
2.1904256555013144
4
0.95200890538381489
-1.3488152228489898
0.79320280147143729
0.53113362662064456
4
1.5774833552978207
-0.78935925406015173
1.4359025851290057
1.5642777200746465
4
0.63927168042681126
-1.2979555893227319
0.79320280147143729
0.65636321370597817
4
1.117575671537522
-0.63678035348137729
1.6501358463481952
1.439048132989313
4
0.17936399666651276
-1.7048326575327957
0.79320280147143729
0.68767061047731148
4
1.2647461303408172
0.075254515886235232
1.935780194640448
1.7521221007026471
4
-0.096580613589666353
-1.3996748563752477
1.2216693239098164
0.49982622984931119
4
1.3567276670928767
-1.5013941234277641
1.2216693239098164
1.3764333394466461
4
0.65766798777722346
-1.6031133904802799
0.79320280147143729
0.84420759433397852
4
1.503898125896173
-0.077324384692539203
2.0786023687865742
1.6895073071599802
4
0.65766798777722346
-1.0945170552176997
1.2216693239098164
0.93812978464797869
4
1.5222944332465853
-0.02646475116628046
1.935780194640448
1.5016629265319799
4
0.28974184076898468
-1.3488152228489898
0.79320280147143729
0.68767061047731148
4
1.0255941347854622
-0.53506108642886074
1.6501358463481952
1.8147368942453137
4
0.10577876726486526
-1.247095955796474
0.9360249756175637
0.81290019756264509
4
1.2647461303408172
-0.73849962053389384
1.7929580204943216
1.2512037523613126
4
1.0071978274350502
-0.68763998700763518
1.07884714976369
0.90682238787664526
4
0.54729014367475159
-1.2979555893227319
1.507313672202069
0.84420759433397852
4
0.82323475393093071
-1.3996748563752477
0.15050301781386888
0.53113362662064456
4
1.3199350523920537
-0.33162255232382931
1.7215469334212585
1.3138185459039795
4
0.84163106128134291
-1.0945170552176997
1.2930804109828795
0.81290019756264509
4
2.2029578052118262
-0.077324384692539203
1.935780194640448
1.7521221007026471
4
0.60247906572598819
-0.8402188875864095
1.0074360626906269
0.96943718141931212
4
0.95200890538381489
-1.0945170552176997
1.935780194640448
1.6268925136173134
4
0.62087537307639906
-1.7048326575327957
1.07884714976369
0.65636321370597817
4
0.52889383632433939
-0.53506108642886074
1.0074360626906269
1.6268925136173134
4
-0.40931783854666859
-1.247095955796474
0.65038062732531099
0.62505581693464474
4
1.7430501214515277
-0.68763998700763518
1.2930804109828795
1.6268925136173134
4
-0.11497692094007855
-1.6031133904802799
0.50755845317918469
0.46851883307797776
4
0.76804583187969544
-1.0436574216914418
0.57896954025224789
1.6268925136173134
4
1.2095572082895818
-0.99279778816518394
1.07884714976369
1.0007445781906454
4
1.0807830568366976
-0.63678035348137729
2.0071912817135109
2.1904256555013144
4
-0.078184306239254153
-0.99279778816518394
0.8646138885445005
0.56244102339197799
4
1.3935202817937011
-0.43334181937634503
2.0786023687865742
1.6268925136173134
4
0.4185159922218688
-1.552253756954022
1.1502582368367531
0.21805965890731061
4
2.0557873464085312
-0.58592071995511941
2.0786023687865742
2.0651960684159807
4
0.10577876726486526
-0.73849962053389384
1.1502582368367531
0.84420759433397852
4
0.89681998333257829
-0.48420145290260375
1.507313672202069
2.2530404490439815
4
0.60247906572598819
-1.7556922910590544
0.9360249756175637
0.90682238787664526
4
0.096580613589659817
0.075254515886235232
-0.27796350462451008
-0.18893649912002353
4
0.52889383632433939
-1.4505344899015056
1.0074360626906269
0.81290019756264509
4
1.1911609009391695
-0.73849962053389384
1.507313672202069
1.9399664813306474
4
0.23455291871774939
-1.1962363222702153
0.79320280147143729
1.2512037523613126
4
1.0991793641871099
-0.53506108642886074
0.8646138885445005
1.5016629265319799
344
1
1
1
0
1
0
1
0
1
0
1
1
1
0
0
1
1
0
1
0
0
1
1
1
0
1
1
1
0
0
0
0
1
1
1
0
0
0
0
0
1
1
1
1
1
0
0
0
1
0
1
1
1
0
0
1
1
1
0
1
1
0
1
1
1
1
0
1
1
1
0
1
1
0
1
1
1
1
0
1
1
0
1
0
1
0
1
1
1
1
0
0
1
0
1
0
1
1
0
1
1
0
1
0
0
1
0
0
1
0
0
0
1
1
0
1
1
0
1
1
1
0
0
0
0
1
1
1
1
0
1
0
1
0
1
1
1
0
1
1
1
1
0
1
1
1
1
1
1
1
1
1
1
1
1
0
1
1
0
1
0
1
1
0
0
0
1
1
0
0
0
0
0
1
0
1
0
1
0
1
1
0
1
0
0
1
1
0
1
0
0
0
0
1
1
1
1
0
0
0
0
0
0
1
1
1
1
1
0
0
1
0
0
0
1
0
0
1
0
1
1
1
1
1
1
1
1
1
1
1
0
1
1
0
1
1
0
0
1
1
0
1
1
1
0
1
0
1
1
1
1
1
1
0
1
1
1
0
1
0
0
1
1
1
1
1
1
1
0
1
1
1
1
1
1
1
1
1
1
1
1
1
1
0
1
0
1
1
1
1
1
1
1
1
1
0
1
0
1
0
1
1
1
1
1
0
1
0
1
0
1
0
1
1
1
1
1
1
0
1
1
0
1
1
1
0
0
0
1
0
1
0
1
1
1
0
1
1
1
0
1
1
1
0
