MLCPP_ARCHIVE_V1
"GaussianNB"
1.0000000000000001e-09
2
2
0.63009404388714729
0.36990595611285265
2
30
-0.57026025915718659
-0.28601436892587662
-0.58036780042838909
-0.56237006512627252
-0.27813440266860595
-0.46347810797559941
-0.54550662074793987
-0.6065027490166307
-0.24704157812113833
-0.0069370855566421663
-0.5034938948583404
-0.0024672043854848599
-0.48758311166179302
-0.51719102217155555
0.050179417749032888
-0.24185892742834836
-0.21719011114553283
-0.31917439464139097
-0.019825740006665718
-0.11967464582613346
-0.61009474428439125
-0.33553678317288549
-0.61459969128799785
-0.58186135892394386
-0.31254440076672235
-0.45814620535077855
-0.50864811998980552
-0.62014759663695085
-0.32321750006538363
-0.25986011191842334
30
0.97137552619149348
0.4871939674076361
0.98859260920429437
0.95793544991848356
0.47377131302025599
0.78948389578894096
0.92921043025708172
1.0331106148503628
0.42080811188430611
0.011816560990539111
0.85764638022480044
0.0042026108600198399
0.83054411393237682
0.88097792759731164
-0.085475109894540727
0.41198003739913253
0.36995942661230802
0.54367841799084204
0.033770963909655942
0.20385257466994236
1.0392291830607034
0.57154994421822114
1.0469028639736289
0.99113672155688537
0.53238495384841089
0.78040158708056107
0.86642603489788828
1.0563531095256518
0.55056540265374287
0.44264307199663905
2
30
0.25206503869945096
0.89240735859311615
0.23463633445883753
0.14658913286413494
0.84103238855447582
0.35999908557682181
0.28105757909368584
0.15828716393919998
0.76014526516333625
0.78313472318124711
0.16653494211368378
1.0673427051931841
0.16631960475145019
0.049999873125927109
0.87199117891654432
0.77650934257619986
1.0918741528262093
0.7164141274268091
0.56244296879552214
0.97963188073577734
0.16114217338997361
0.82188313312771133
0.15437520174269534
0.077907540489721205
0.76662134544015759
0.3263866277026885
0.48137971507369592
0.28629268361150717
0.39662119332168516
0.55556412041481706
30
0.77651753747579078
0.80656977690243881
0.75265002212988474
0.9973368474600911
0.91455245723057144
1.1009777278404103
0.85431674572451521
0.73986311739630439
1.1275295517497583
1.3691845062186403
1.2523388764878531
0.88526109288040589
1.3253199012328039
1.3864645740041612
1.2064538410943
1.1113231145901081
0.62628099876807142
1.0139428419895964
1.7435201875709414
0.96874299305071587
0.71487633617603796
0.78495709393420154
0.70099690087776567
1.011626760518703
0.94770715407643202
1.1808615078806077
0.6920124742323549
0.44474505332222553
1.546714690276056
1.4460893928862963
2
0
1
