MLCPP_ARCHIVE_V1
30
13.34
18.91
86.489999999999995
546.39999999999998
0.096100000000000005
0.089950000000000002
0.05892
0.033340000000000002
0.1799
0.061940000000000002
0.3276
1.1419999999999999
2.2810000000000001
24.600000000000001
0.0061739999999999998
0.020830000000000001
0.025749999999999999
0.01076
0.018530000000000001
0.00313
14.970000000000001
25.579999999999998
97.590000000000003
684.60000000000002
0.1323
0.20569999999999999
0.22409999999999999
0.099930000000000005
0.28189999999999998
0.080750000000000002
30
14.1012884012539
19.302131661442008
91.811065830720963
651.53949843260159
0.096443260188087757
0.10470993730407531
0.089293927899686584
0.048677329153605009
0.18203354231974928
0.06287909090909094
0.40420062695924763
1.2111601880877745
2.8545548589341689
39.999294670846382
0.0069139498432601899
0.02550384012539187
0.032315231974921609
0.011662018808777434
0.020604134796238256
0.0037344648902821291
16.320012539184948
25.774263322884011
107.55275862068959
886.38746081504746
0.13232103448275853
0.25631445141065845
0.27661899059561135
0.11454238557993734
0.29190219435736686
0.084499968652037599
30
3.4537601050931706
4.0915465840864993
23.831724163537803
339.05135795356432
0.013706020804707446
0.052450994199086019
0.078939778259224255
0.038269608379478043
0.027468174294093824
0.0067753751151492098
0.24622891673266892
0.51984997879448747
1.809611392105712
37.065543466217839
0.0030102014633822901
0.017391266904811086
0.028441337480665962
0.0060588187406920794
0.0086053500649567235
0.0022011230516454949
4.8278817398406373
5.8225100970584496
33.624479046315258
565.73100792018863
0.022150690483560501
0.15840491477840246
0.21011563150181717
0.064142477865107295
0.063069849034651751
0.018548703450255971
