MLCPP_ARCHIVE_V1
"LinearTextClassifier_V1"
0.0001
-2.22186377847519
500
3000
-3.3721139674871812
2.0988822915072447
-0.78713651741550728
1.281400732893905
-0.047356097258408482
-0.97592392358079327
-0.46765637904270291
-0.21158770961720072
0.18430876079387443
-1.5668469156356557
-1.3967658064563107
1.1380911774949078
-1.0138850282260139
2.0436603962813691
-0.02864996883667759
0.47799606554257207
-1.0715076208418295
-0.29178998623229802
3.2950040177678677
1.3165540913773988
0.63665928838116326
-0.25025618407219125
-0.71076191065322392
-0.75694768286803005
1.7604099791367531
0.20824023429413249
-0.84198807906575068
-0.60406597070868639
-0.62126028737867756
-0.73309819192362546
1.3856134088322523
-0.21367755146062373
0.2436987958845252
-0.0058798985497994635
-0.40275345580729993
-0.56531312657052446
-0.18868451752878365
-0.38815660882606956
-0.12906283650605327
0.39893927491224312
0.73210087735648144
-0.58563313730004063
1.0891661495580116
-0.83380061543815676
1.4662360053752739
0.90451292571788344
-0.20605571290468314
-0.69005469066605452
-0.54653218435655215
-0.16173828026206605
-0.28784825850856055
-0.93693417237178955
0.30621112329886802
-0.55140993296176899
-0.86129934787207629
-0.58410478066453042
-0.86150145068072892
-0.71642155757844606
-0.46613081523816918
-0.6764403220678783
-0.31267982123978799
2.5955136174658922
-0.79225256370591246
-0.5528778730461672
-0.3011444698106675
0.55788620194078531
-0.57169906105165846
-0.42264281270211068
-0.29225731402084493
-0.093526809304632932
0.66621786646939596
-0.69134189519998512
-0.65256916296149137
-0.38191289577569393
0.33565096390863536
1.7388356378407475
-0.15773261124608728
-0.30306942129490178
-0.56180334784299046
-0.35597174962560041
-0.34910770942969266
-0.46004550964138791
-0.16457457073757503
-0.26538746656954043
0.24845120784646318
-0.34132988621698163
-0.14337672325860815
1.6543092187377055
-0.62019157078566378
2.1383519477227431
0.010643563959177172
-0.2609095509202029
-0.30663543763405465
1.015756747163377
0.76485369027088446
1.6507853966078754
0.02920022796296956
1.1373106539281608
-0.28209120734287613
-0.33483710524175903
-0.41361680348043162
-0.40348785939484416
0.50520367615525719
1.8516631247373452
-0.41159286922125815
-0.28654775778243469
-0.59616250566021889
-0.035555170862095094
-0.39409997063872643
-0.48210917045852975
-0.29663598795122181
-0.23357460709476754
-0.35815546328710302
0.3728929797199389
0.76401923072286115
1.9080783183791505
-0.1691349422475811
-0.61862122915077655
-0.2349192948778992
0.23978987789626854
-0.49836180189707163
0.64919006877655372
-0.52384589084611433
-0.42237178379178858
-0.29746339107197595
-0.38469928666664593
0.21960705709197276
-0.24886773347694272
0.30504760646059492
0.76510282650574457
-0.45745945164299223
-0.42446198489522197
-0.087952086020527037
1.8418054086109101
-0.13272365427666608
-0.15174508804023837
-0.4622944601740156
-0.063152911705199252
-0.17284825600774684
-0.2522012877886996
-0.40906841657187754
-0.37308469714374742
0.1808273171985133
-0.13901727420371685
-0.11325717483767551
0.72468004181866041
-0.29342035880285849
-0.30998225530922335
-0.32415642678771717
-0.17674318372882669
-0.016244137418969167
1.2702275995078143
0.54563165646880496
-0.21519361855277813
0.77868578236356201
-0.19139801700544409
-0.21033992349567054
-0.32339055551170004
1.6012652979583579
0.52509169680302581
-0.15089630155220349
-0.13836227182112737
-0.3645067363871628
0.024390167617795441
0.097461869706037124
-0.16978051926983581
-0.071164931895636385
-0.16044370409766717
-0.33305896197930485
-0.28572056510732496
-0.34214249449281675
-0.34439442352273336
-0.25084926875734354
-0.017439925296160265
-0.28568380258744469
-0.31105551980419366
1.5583732016403222
-0.30310366057648452
-0.32416941464285998
-0.25085045607320577
-0.31228181114021791
-0.16841012013718956
0.035084597483588935
1.4392092257416402
-0.14955598395923705
-0.16902469645033694
-0.34182863941873243
-0.050877545462092229
-0.089503870732653992
-0.083537857049827954
1.2478792850569635
-0.018457143535667929
1.2038880271747918
-0.23939276537079446
-0.065013617240234634
-0.20326320050118502
-0.13637939869613255
0.1953394006006075
-0.23627205564189066
-0.23101312961620279
1.3436824210832468
-0.26133109628585016
-0.16428613483537244
1.1229402017226642
0.92302599139940034
-0.027464487677124443
-0.27110576976745188
-0.19963743514073945
-0.21834090539066756
-0.031026987299960739
1.0792657245140582
-0.13333318213376785
0.44191874111580415
-0.203662910592358
-0.26712191261917217
0.63915926330120443
0.13064028084712576
-0.21712252022658923
-0.11138646988522319
0.017984618703905733
-0.16099016191507792
-0.10045727293230562
-0.20134394809381512
1.0699724864053199
-0.22935409831697059
-0.18811302947461045
-0.23199755512866088
0.88654805428204342
-0.10321676152924146
-0.2232793128214578
-0.22726808041768565
-0.179650695366427
-0.27969242228619595
-0.16830116781856003
-0.15303779854588972
-0.27763176846096166
-0.17041751045972892
0.22832327008162398
-0.22471246403815393
-0.17802179545930671
0.29068991156914459
-0.12603879467667911
-0.14680036847309536
-0.23367041089246812
0.95126769516723786
-0.27464350945832011
-0.19291709949784192
0.012493673497983131
-0.20098050445468008
0.066314552238065344
-0.08966087813350547
1.1905177344229589
0.90253258843873707
-0.21802891115853798
-0.24280412510281096
1.1106377093336115
-0.21543208887158874
-0.31169561808193574
1.0574290351038476
0.25879764935529259
0.027099583022399124
-0.04723852914995888
-0.23209766755131314
-0.20610695958068709
-0.22521520769555844
-0.017667951915319807
-0.14379817393707725
-0.108238823879278
-0.02106733123239219
-0.29507639910902805
-0.20687323027654247
-0.10745156358498292
-0.11827194960045032
-0.11696013014373284
-0.10684208782509412
-0.21164683093805339
-0.096422439785217431
-0.12846500872109462
0.6041443264398334
0.70672680479599415
-0.028319845967191361
-0.21771546898925362
0.5027125337088838
0.8141428741916058
0.054720464100712185
0.15826539860394478
-0.22642001348737825
-0.17555254208069851
-0.20075355305886131
0.68306617759899202
0.57951499187367839
0.12720022946867102
-0.11254977854453113
-0.093037706190037983
-0.17720636637867701
0.067949498873587977
0.12172525884309669
-0.16325374272384274
0.8267843447470048
0.8821058079624895
-0.24882887040069021
0.026132176656238178
0.21064563012926463
-0.18037164604571107
-0.27054157005872143
-0.026974220289898775
0.67430184016235906
-0.18892436672531707
-0.059180296138147591
0.62747366709224739
-0.17428381718669955
-0.098921117741483086
-0.10599093473064167
0.27168374282240076
-0.09343639105290498
0.98140111190230428
0.49240126755802954
-0.19110313820840069
0.037772517066462424
-0.11053729338684082
-0.19661597893861515
0.066565840634569898
-0.048108257587103055
0.28331719915736742
-0.19001335631651023
0.086936111390313833
-0.21618183206746605
-0.16388015847451529
0.65229261589865117
-0.18065539654979421
0.7573176400178957
-0.16354181091688769
-0.24154387702283797
0.34185201122079906
-0.18103166125845815
-0.081573584912734143
-0.020217196384799529
0.31581033791943686
0.70241278122629813
-0.084018672703520758
-0.11383034464113072
-0.13097482215570172
0.72173729816263155
-0.14551983409885744
-0.11977468127640677
-0.15004386660316377
0.52290664914771923
-0.1775340810633898
-0.18396126525596726
-0.11490628438054963
0.063540739900387236
-0.13662756287354563
0.011900250459256998
0.60622543557409658
0.26675378687976808
0.70286943832181548
-0.14038369040842782
-0.14697362391576246
0.37935516074491915
0.77654074214950453
-0.080577051261165947
-0.17538895417818634
0.36577551819117093
-0.24321343176269244
-0.18529693623154675
-0.1238548247718828
0.0015999466389205847
-0.13739959357402706
0.50443368551553447
0.72739011665278142
0.74738083244882247
-0.20208293219611057
-0.08063646013922407
-0.073725972056155956
-0.14086520283115264
-0.14976002646007661
-0.04873023107476717
-0.038586046052116865
0.058225908172138324
-0.10760956124676968
-0.2308885525634907
-0.060503549160790565
-0.16864153757486075
-0.12960039601953627
0.64203333324149747
0.23726100676516912
-0.18973474373952087
-0.16000559722796373
0.19318345589543953
-0.14211598786597898
-0.091786008106047839
-0.12879857090569949
0.3878737958073713
-0.1670099213252545
-0.098431076618210364
0.62760690839391464
0.56458575641549069
0.58745016520119142
0.56158466218438419
0.53364937433036663
-0.25501488106048487
0.38852996359530961
-0.25853734467634526
-0.16869954730236589
-0.10066704162816142
0.82374729093306609
-0.10533769697438332
-0.19507331630299529
0.38134767320758417
0.63576743886188203
-0.1339436215093899
-0.059538433499454327
0.59404266719921095
0.52845071572181679
0.60485952149743027
-0.16709189177644146
-0.06557215791021144
-0.14306180926700135
-0.090025745566963189
-0.045623072238093081
0.094350742347742406
-0.089187467198985571
0.041813573925677958
-0.21159188500928364
-0.099251286982695017
-0.080295092081840144
-0.0032618225934415318
0.0056120015278716536
-0.10746765917255971
-0.13217390134948162
0.10636923675320847
-0.11678413231721398
-0.15019038405200677
-0.12376238425818893
-0.13436088927465617
-0.030370792959398936
0.64931935883676917
0.057052376083934868
-0.0057900408574240222
-0.15221360032586601
-0.1425637881903605
-0.12097946993610083
0.026549144045758571
0.1487605806641667
-0.17581794937275708
-0.043068561800366723
-0.12962816737859512
-0.093958026744181342
-0.17427347605459126
-0.088832055292040482
-0.045906674405095792
-0.15022824091297332
-0.11689707187571181
0.44793625179253549
-0.099510470073503485
0.1750725539301759
-0.1627610863286641
0.31172781111747727
-0.12105025983900126
-0.04379691030745772
0.37499614064335574
0.73363746730700141
-0.12133140088376623
-0.10771167177988761
-0.037045947537934644
0.61392503937014209
-0.10279215847833686
-0.019181949351401377
-0.083669125710988224
-0.0085674818335612912
-0.075147522613032577
-0.15014001710474245
-0.098619034820091947
-0.11297546458570024
-0.1508004634383309
-0.12832560938518117
-0.13499726087492955
-0.14833943218669304
0.5678097703992836
0.0081885279641697624
-0.13719973434759808
-0.130372403444834
-0.10312307475735978
-0.12711332458290467
0.066379609070984572
0.45644419058122676
-0.12663942409955514
-0.033147472092501247
0.33486768207353718
-0.030567125085422402
-0.077421170827417368
-0.060421692450260404
0.18784592067668532
0.016469370676203323
0.0063568207541273517
-0.18083506159182069
0.45935675557856165
-0.10992161391476561
0.44748025366047051
-0.094307293790895225
0.26396167321748665
-0.12176109463166378
-0.13070878360919205
-0.15990054280081314
-0.078485814327920081
-0.11581203742678893
-0.11151276167338137
0.66691724859734591
-0.12749556953717434
0.1444352994358418
0.44820885746137235
0.45866932432878393
0.37414748361899175
-0.064232474257192501
-0.057698181882682421
-0.075132321990634479
0.36712398093486504
0.31180030256777347
0.01769230345741411
-0.11293077017905864
-0.10210034207269925
-0.062105216596899562
0.56774325730064734
0.56393114164013947
-0.078352360462155254
-0.096330098377704509
0.4539991525426863
-0.044532427024398365
0.030491731921135648
-0.11620429056770193
0.49258299427708263
-0.1204269495624098
5.2159698620736443e-06
-0.14235343539317061
-0.10420600478820324
-0.1138268381887325
-0.080623910793547415
-0.086659267948982474
-0.094589641331487589
0.62311479415130078
-0.13499602812490136
0.71562201176907336
-0.11045501958734985
0.50186624649999856
0.40903536395559953
0.42648290507746173
0.41557216398323688
0.041588191580503184
0.41024103024600417
0.60758984294116369
-0.12989096980361123
0.10292171070021072
-0.068101014306516716
-0.029788477889549577
0.12412388177663983
-0.10227002328983022
-0.14061761874218376
0.17089937499232741
0.045314063294299781
-0.11376120644216231
-0.0968932798643731
-0.011824070801037607
-0.10080832859938692
-0.11803364965561267
0.12479773407828156
-0.014932064874317351
-0.02430862198202019
0.24523439329904295
0.12823413382200904
0.29349541222655873
-0.1148460978557328
0.41991987556385746
0.063244988221525494
0.58960815082108431
-0.096463290031844187
-0.084168522630226617
-0.13265979404469866
0.55015891298517805
-0.11227587326755757
-0.094853619190492788
-0.079846783423378892
-0.025675769509808641
0.45899866916785026
-0.073820638810479178
0.086989553355163993
0.43232722959676628
0.43524628804240106
-0.0619898562790763
0.30306600920581145
-0.085311731890623355
-0.080826607481197243
0.38244475681522461
0.4765900759178423
-0.10882060421950744
0.24450055263920081
-0.1299142193366416
0.087553878722221604
0.47645985568544807
0.51387322077325814
-0.091140823293660633
-0.028603659874690445
-0.11477959202097647
0.17912064151775781
-0.12550391561363911
-0.11924090980920783
0.22138288181462024
0.51387322077325814
-0.11432618842511004
-0.078335297706689136
-0.1268350922590645
-0.065376502234759382
-0.09445598961434172
-0.065998183224871942
0.17318538740130718
-0.10341425783135567
-0.016193911321471514
-0.10466287828737728
-0.10228516450396902
-0.1029052211138943
-0.080483860703375626
0.13442436259451807
-0.088468849237869338
0.3577257055973953
-0.093485411200408361
0.019052564250698647
0.30820849113995236
-0.088059357287955206
0.39700792212465469
-0.030120093375627471
0.41266811454109931
0.061687551009034843
0.057362807049171911
-0.13040260189136077
0.02948338223507772
0.11354234594295415
0.31669330205536955
-0.083513477372286829
0.55706713610532033
-0.09996450677990408
-0.04730897554000188
0.28313866255724623
-0.08919175683476889
-0.12421005184694291
-0.024508971066102263
-0.06984855304330459
-0.068986334438710536
-0.088982722394458424
0.18948698364403241
0.032552259476893546
-0.095538321571298976
-0.057025253249269131
-0.090368992378825189
0.27111979132136976
0.36048732949632212
-0.12121099810204365
-0.020408695516825757
0.066436478997703038
-0.071034300893096453
-0.10786855180629007
0.041073286628324802
-0.071411145577548504
-0.089254932205745222
-0.091341416157943806
-0.093570003598121024
-0.0041776404822694048
0.23902988055849803
-0.096369315044794429
-0.11560709671617829
0.34748668201952793
0.50465480888674397
-0.065313892229905732
0.021131265338056631
-0.061929564503622893
0.14721104493145087
-0.072662377642457879
0.14081068427946966
-0.07098741819025306
-0.077005374758709125
0.46449813916220795
-0.066705091445484935
0.13253949715359944
0.0086174628240884409
0.084037891960065836
-0.098565372565331016
-0.076152813087911511
0.37796849647184572
-0.068348012208465425
-0.086042172806878869
-0.069588150777190702
-0.083262446872306009
-0.078307160744665344
0.37644080065221447
-0.092106567381022908
0.26049124468221585
-0.074977611362517224
0.051544052991267374
0.12194841032540681
0.34354227906888107
-0.074791351156363303
-0.074664071847379027
-0.11900845570346831
0.0070927467383229527
-0.077272411445462055
-0.099317553541492784
0.40488303756347727
0.44361664987473204
0.40109991052333882
-0.053111497280837583
-0.057693678876374027
0.075710124664124592
0.26255189758455155
0.35439773352172077
0.21905859970904618
0.41097030562591186
0.17939390258328225
-0.025805497521138813
0.13879759310947234
-0.070249934728571078
0.25395364901278406
0.321844349109359
0.49732284930715098
-0.06347539722369562
-0.068106097428819123
0.33067134948215654
-0.082973316417991341
0.16371079766707711
0.062575657305763283
-0.098490059098648081
-0.057130161511332267
-0.08662080001336378
-0.083816323297358455
-0.10452228889423691
-0.071752702039218436
0.012893196599087034
-0.068513482100144643
-0.080671655617528815
-0.075240464180522632
-0.0080092478442446539
-0.07208993722336586
0.070318187928225029
0.19078270309665191
-0.086550129924925612
0.1443647589282997
-0.059760795035521314
-0.092816143966308315
-0.12353655362777297
0.35237097497585246
-0.093489534351965026
-0.067888686413027477
-0.037109991279277846
0.24493844415426627
0.39447077171262718
-0.068600320203785939
0.42745577011655084
-0.049381469388348129
-0.040537655692354312
-0.090432310187132769
-0.011604233856040808
-0.061069157678457713
-0.075667333466834255
0.10997886897035861
-0.022266388472342101
-0.08785501005023269
0.39292543333283403
0.30242655555447889
0.33159405627667821
0.095352251546596004
-0.00070739762416203186
0.34848061758844212
0.26105193808973748
-0.070179420532766171
-0.077120892998212995
0.22651651060778724
0.017182674979626208
0.26549048038598538
0.29321537528122393
-0.05104069945857917
-0.10438628687799646
-0.025790445450437134
0.11162070603298085
-0.050829933155426769
-0.014484084704101303
0.049881704194666011
-0.06400372879879597
-0.088496907451172141
-0.030271630812734245
0.021326162485322854
-0.029850409258467218
0.29996869437408713
0.066673375462125803
-0.050071051527553888
-0.075215633373524035
0.30035814878658201
0.31797351011538594
-0.07917398096041052
0.109014679836595
-0.071750838161732278
-0.064400337716186196
0.20997734407510854
-0.011657602829184587
0.33264853612266643
-0.071599028499436557
0.36950558866537986
-0.06207982799141596
-0.099234245412702635
0.26352355655094384
-0.097420674563250875
0.38313966032814917
-0.10332638978126715
0.38053414295199622
0.33174049800043848
-0.071604017666415554
-0.077590948926525183
0.20934550664282831
-0.069807795711205795
0.33159405627667821
0.32503457403593755
-0.071789406831898189
-0.087353517330305316
0.22560943844457532
-0.074227674248934172
0.057088391666472282
0.38237901058208179
-0.012807318442157389
0.27732137759844833
0.15612100992000355
0.3308412979849405
-0.042096325090960555
0.23070393749645707
-0.072053764517696101
0.37212411199332107
-0.088198003822885743
0.2570101343009899
0.11772336298238138
0.22527293212262567
-0.07169312644132321
0.0080334548285671496
0.061170924358873342
-0.069360528973988922
0.093805561719304972
0.26790001103992983
-0.0092502196476692555
0.26214357018717477
0.056915224020230887
0.05340464509973282
-0.048861647245566603
0.035468161522116827
-0.070105626874542221
-0.050153733028037974
-0.095267267422007557
-0.06459694880962627
-0.0035498031927387579
-0.085272782974035358
-0.055578273792909284
-0.0081831754888354157
-0.050568496015344522
0.18048514748256356
-0.049732873848987766
-0.041728611576780761
-0.080189963393423255
-0.023303720467813156
-0.077678829650750236
0.27516217958312256
-0.064261480552990011
-0.070937152972259665
0.057375992527683543
-0.050857350426272631
0.12912279117984016
-0.069561196537474695
-0.056858692433660443
0.062552598302524381
-0.079972867099649195
0.061894163294586281
-0.027037555291571563
-0.065859484846913841
0.036568605180341593
-0.041306454861216181
-0.046434233586311748
-0.071999450500842027
-0.049527056656006554
0.0081289833846666364
-0.084762174811981672
0.17671413968546645
-0.076860650546849249
-0.045350013538986593
0.2236490642666106
-0.064324188280763528
0.023652912005206573
-0.073320839124791246
-0.070465634148460257
0.34853128178242571
-0.070376935666386087
-0.072777300036856271
0.17912259778705825
-0.050993186076991007
-0.063141302937869154
-0.055490588499620755
-0.049249812206923579
-0.061666908538860338
0.14942201078902051
-0.042093567282017186
0.17699988967953031
-0.056531248019049074
-0.05723043596750324
0.18751338001329598
0.1404847639864335
-0.054420373152606477
0.16095885657679132
-0.063109505363672241
0.40732416722351616
0.30738059997409156
-0.048237491997031562
-0.048673697925073076
0.035735548742047117
-0.0080160220653425936
-0.049965227682316982
-0.0072477534516288567
-0.056945939417031105
-0.028080417253431092
-0.071693258904807086
-0.063438375176048362
-0.05481426860941737
0.3727870089524925
-0.053960508992265656
-0.085857645304983521
-0.076560172545058591
0.14925049697374873
-0.083699567035776884
-0.039311892770588538
-0.052592727643958052
-0.045681726235446682
0.31378403483053219
-0.050913803887465289
-0.07296397026963411
-0.089437018746171562
-0.053783413432638698
-0.064366936715974613
-0.055150119661551818
-0.067785185763214267
-0.056165144250482579
0.32197725978415359
0.08826426383999264
-0.069995779962536295
-0.035278409438492711
-0.00014726919752375408
-0.043149813452955058
-0.054962522873706565
-0.074883682439489729
-0.0034058546215110204
-0.026859014485967104
0.37013577228272415
0.023199832485585478
-0.07986861507067243
-0.054183347596838217
0.26180571375360717
-0.060582938640423863
0.21902268657170559
-0.070609978210628754
-0.039516422425179179
-0.050767986336970154
0.028060937561465091
-0.044794357149567331
0.02065097737205502
0.20104150629188888
-0.064888359896416559
-0.08013177472697644
-0.058938854063559858
0.23982101104671
-0.077239469616208326
-0.040681058701790951
0.041305472952320496
0.13575280087305563
-0.072530558285757801
-0.062327919201391441
-0.014746438038478575
-0.0036336986359931803
-0.048236083156441269
0.16367809943280234
-0.052630703858477637
0.049752981727219155
0.22319634463989393
-0.050248928350332948
-0.0093713254642517202
0.21828388933913942
-0.061063088312675616
-0.064173280890717999
-0.052930307142253628
-0.055286333267138561
0.18772866447335979
0.35082416577516268
0.063101888988438909
-0.046594581734557522
-0.066244988214005873
-0.044244515057667314
-0.049650008039740533
-0.056736195507208265
-0.083549839404072151
-0.090858134056178874
0.25032582061929415
0.24285884322442247
0.2444984632963024
0.24480115174926018
0.24699514195073852
0.32229741281210128
0.25425998051152421
0.35852408149704018
0.21485736807249056
-0.045615069382400508
0.27988006031567431
-0.058790193281075348
-0.064134304792988928
0.18264382452505254
0.029880813792511649
-0.056905516149803465
-0.047245084456447643
-0.057649873946206499
-0.046470727438245846
-0.047732719582516556
-0.051806101607396661
0.25759538384939812
0.033549840687058845
-0.06974192718843121
0.18622077072873022
0.0091043758367285298
0.095306451706563419
0.23791378896732976
-0.05138442971185217
0.0012495614420400957
-0.056827782904278701
-0.050669310970563292
-0.056624898091611774
-0.045615993489084052
-0.047552599595527725
-0.066789178921402986
0.21219233878032223
0.2048753716057734
0.19084954180326139
-0.058476562161569823
-0.057619553300973757
-0.051139185597890068
0.26381754189440598
-0.055359413733942903
-0.038423991287481009
-0.043936423222138421
-0.05561387493517813
-0.069753635277517531
0.2386934347703854
0.2224774639893225
-0.059415155605128507
-0.039896530602932599
-0.059223968504680022
-0.063239385951525784
-0.089895198308374266
-0.048673149354721751
-0.051156080924010361
-0.076479138401419719
0.0019789425913677942
-0.011714166631805103
-0.037545518390006138
-0.070791773752983914
-0.047281106885616209
-0.057902434744838478
0.096959238369431641
-0.045272993947131759
0.0090621954943123813
-0.054936302578360643
-0.040849558148662334
0.24530195446859585
-0.051600183766697658
0.0038447749253962857
0.090391925042064045
-0.079293719078126074
-0.036719942553440153
-0.079953477634001763
-0.059238990980090701
0.12332060301974519
0.17759579427580655
0.0055806891394087335
0.24380820300267791
-0.077382742945960648
-0.038442011054448562
-0.038561996356379011
-0.0095715206391215734
0.099325506613608797
-0.068311026132376565
-0.056825275821505504
0.1273223809335996
-0.035648818070803105
-0.079987533236385092
0.033953197833998125
-0.046277260733733824
0.015604699490501181
0.21539856393881363
-0.043818206662170109
-0.04208386163189172
0.21212220662840933
-0.04134072717939391
-0.058571152534711776
0.22602976567028196
0.24587484447745614
0.063094626463351566
-0.044616697755102776
-0.058650018477144829
0.29085390485825785
0.18201564419335195
0.13902939509241569
0.18615886083569494
0.050220950922055127
-0.04746037555296042
0.24641769058078369
-0.082185151837241247
-0.035514987463886517
0.24603867375862493
0.12836329140733746
-0.070160476860630219
-0.045631708133957623
-0.047459962846953987
-0.046929200393262434
-0.037650159789719292
0.20299619609533678
0.12041902146641406
-0.035790318076714581
-0.035946879936675377
-0.04467707526233352
-0.010285980104952719
-0.054920182580441554
-0.05371553822744464
-0.040693268268680111
-0.0049351334124887796
-0.039274513872031513
-0.043776046339001423
0.23491226793703762
0.16160906795596497
-0.045880764740978401
0.15764216736237657
-0.05015545153536953
-0.069991185219311094
0.20721624165053878
-0.046076357539433142
0.21567464805397496
0.066873475429166926
-0.054056361695191915
-0.045732860847660241
0.021989560125623309
0.12196521831898566
-0.032847264707461125
-0.040002256419436451
0.0068254870536772379
0.17121650214924353
-0.0057466310670412496
-0.037954156544495986
-0.00066529849058573299
-0.036724089274947885
-0.055509071192479588
-0.033806394336361872
-0.058560776552959479
-0.041678261183755907
-0.049273770052989913
-0.040253094806178412
0.15700605263925743
0.22974220094250755
-0.03782770408517698
-0.072908903429514352
0.11102005536371655
-0.03622474852808865
0.056494100306798863
0.12353707226243055
0.01619201028286528
-0.0066654403817468493
-0.064258806608426838
-0.047737709685974752
-0.064689067508714379
-0.075378900331246945
0.21928717090150768
0.24393023048227885
0.20516342211650229
-0.060476740091795107
0.19800389189756068
0.13579838648051815
0.12532076312118526
-0.051203176805413121
0.051599295273227194
-0.057716498527595188
0.18936387765075016
-0.040245020030183196
-0.043217082454465816
0.060497828241937043
-0.04945406650676893
0.23740438560641047
0.05432134866878699
0.14729476144286355
0.2822580725049163
0.27890200207328314
-0.062712458053263379
-0.057111977978444084
-0.052727390741980164
-0.046162912039935645
0.0052509703075046665
-0.039787318744137053
-0.037885598703660019
-0.033836032079682284
-0.049923419198161532
0.058016220690249962
-0.047474104699649938
-0.044368296835958027
-0.059418509961049422
-0.038873843736861861
-0.051259245404043065
0.20631934141314354
0.23309144202130541
-0.0034485655434804544
0.22640775633755816
-0.059588437460699875
0.21972126844310763
0.063267424926660362
0.051445608378773149
0.23291265690326399
-0.075848676283413019
-0.061240237001006517
-0.067074597367417221
-0.059613919970613653
-0.045475059938437028
-0.044812325073728461
-0.048666094554294305
-0.035938608978133078
-0.045052291368716899
-0.065684190947080362
0.24393023048227885
-0.040162607239698001
0.06182124870759844
-0.057915085063076938
0.06815136432654223
-0.056465231573645726
-0.042828943785709943
-0.038055272679882089
-0.049331499343174171
-0.041256858574735968
0.19054468762758922
0.21640871428793995
0.21640352899101239
0.19649643275096837
0.10279160923092828
0.16449571505853808
0.16445441790852339
0.18766175576800109
0.21372103011296728
0.16879940852214972
0.18235541071427791
-0.037925908937124934
-0.034978547110623266
0.12237660256306765
0.057933503987424154
-0.036186616769323068
-0.045667401447602937
-0.025191004878281957
-0.02732397457463908
-0.029927019921455814
-0.040591701013980297
0.014262378657673182
-0.030632341331026023
-0.040945038337833382
-0.058761079582664931
-0.034782602585179422
-0.038251958700202406
-0.024861609815288361
-0.01736745831170659
-0.035636913696354008
-0.024838541618538223
-0.019535644864830327
-0.069646624006964059
-0.047156552420769347
0.014205508496865017
0.030954356640789243
0.008937847585115781
0.17547854988458816
-0.038098596679189148
-0.043339943988676924
0.037589664012982714
-0.0138478673890494
-0.037247716586431966
-0.025555325134377888
-0.046076318072248997
0.031892138619570722
-0.045253258350039689
0.075543927754487247
0.17120395377753339
-0.031333191666726691
-0.035979413111974633
0.047230048452316049
-0.03142749677220881
0.053048932998980371
-0.016620747113254088
0.16368788781044066
0.025574576570040468
-0.035641872081079093
0.093113327819678945
-0.029670297760362143
-0.040207267943119317
-0.029511320953658549
0.21297830217577679
-0.050300824397832823
-0.045305348620307544
-0.040440632523666489
-0.029973551833094931
-0.028309489036399051
-0.045050635456235492
0.022605839869178843
-0.051178964094860571
0.18122723620522915
0.16682889626821859
-0.046376358386901156
-0.026529169946565737
-0.028547285195911657
0.033088187484531441
-0.04062645462232059
-0.064186025643213407
-0.064059819624839587
-0.029855239511927534
-0.0579112079726554
-0.0384024256330283
0.087793353940294652
-0.043213524635483537
0.039998835516675962
-0.045161546086903592
0.14331076315055807
0.1185904498569159
-0.048592896669229689
0.079925822251822987
0.15059497168809413
-0.043216852337339504
-0.035567415573274697
-0.03541604904205059
-0.060591204418084563
-0.034081388997150283
0.19093578597700794
-0.041292690320257418
-0.035574759538425864
-0.030619546461144041
-0.038467190661373024
0.027530527886865889
0.024073306318115984
-0.030168956787306741
-0.012768420362821319
-0.03692109073637849
0.0047935975064619142
-0.043259902510732848
0.17551057043346302
0.013500657886295
-0.042606238356768487
0.026137837216454136
-0.045930131445542456
-0.041285538652634082
0.06445790400338354
-0.037396177236849848
-0.041562695362110956
-0.035123561410185834
0.11223466961317757
0.04802661813714211
-0.031427378664920097
0.11801681208967962
-0.046521946444854405
0.023200917683816998
-0.033012560538590141
-0.049075914466577095
-0.052010348728592115
0.021863842025736081
0.15406910589926351
0.18776503380051135
0.15106667338737367
0.075095894222467305
0.011966313972295807
-0.024551045583716385
0.17725927051319917
-0.055861254533234012
0.17120395377753339
-0.03813772562803542
-0.048692002489621806
-0.028400811845008752
-0.04108402179198193
-0.042477179569301547
-0.049242673214446232
-0.033305199147099486
0.14798951373694816
0.19257078761768481
-0.06619921815011473
-0.038569295786857971
-0.044639859321828755
-0.065504960451040081
-0.029961716110643976
0.028470767203156264
-0.056124375491546419
0.065328925884372446
0.049075612551449939
-0.033203400331947699
-0.030782256699233082
-0.046279494491746863
-0.063244369306913323
-0.046011799426173186
-0.043382673798749043
-0.034993301120682094
-0.041357285408880402
-0.069311154035297862
-0.042303018925040903
0.19054468762758922
-0.019587155481174033
-0.033252322554068084
-0.0333692704175498
0.025007076782140054
0.14449519029096314
0.0067228335295783301
0.016132649344815616
0.11310254096402034
0.2385858565575944
0.10619930999930241
-0.036336942379583501
0.15010207307048368
0.30817220909459775
-0.032278041274066104
-0.05538271981114945
-0.044019481801655935
-0.038462801882024521
-0.050228138039438673
-0.025597779629011899
-0.0069975831930626665
-0.010330929881721492
-0.027596994447671493
-0.037261424786085046
-0.036011282774253403
-0.039216265367657203
0.15462892424635452
0.11547663240185171
0.18009661119379611
0.18726920273041747
0.11855250814579119
-0.037791511810814429
0.10424899827560831
-0.029881422872271114
-0.019542438544379464
0.059770264155703481
0.023390645762990419
0.020885886058827244
-0.036007970288381715
-0.056727478845170973
-0.055417136170758552
-0.061830167315409933
-0.036578933046154886
-0.033640227890876846
0.0091781150764050079
-0.04686842217308939
-0.03726601628694217
0.19054468762758922
-0.032683534686360427
-0.036620957752177948
0.38199237381497791
-0.049930826244135709
-0.048288625008454197
0.017559757047528591
-0.0034318079452555304
0.0431569840612539
-0.038565254402162671
-0.043398204392356934
-0.057880991507954921
-0.045125215001455249
-0.045058332608392364
0.1818977287893957
-0.036277391485210322
-0.057332924124190672
-0.042782718534272068
0.15277952008852377
0.12748342282313438
0.19254792846589452
0.12963959920402296
0.12316917857107645
0.19693553354118154
0.14045205655009591
0.15467124106934799
0.12499475083023411
0.10378054266194357
-0.032210741100370165
0.21206793533210672
-0.030204826133928643
0.15429357768593477
0.16582415765022662
0.13419206839056624
0.20912243293193997
-0.0375724486006229
0.15178953954989569
-0.040516702578156642
-0.034863567133142204
-0.02536913012313332
0.25982894115917204
-0.018864737986289331
-0.031092523041449847
-0.028475075076556437
-0.035578205899906339
-0.021904847016227229
-0.046367290895543485
-0.029035233810313959
-0.028207778839995246
-0.03362387804564565
0.020751198502868856
-0.026871981164616338
-0.036272535979950019
-0.038546752479785173
0.043278130799950507
-0.025172310711560036
-0.025434088675328499
-0.030733485387290656
-0.022390077654241673
-0.01278485772001965
-0.01775705861433749
0.015974612448985039
0.12777109224555197
-0.027876164419796706
-0.03290547738329036
0.15429357768593477
-0.035994257317616594
0.091618899706272766
0.062228733498698112
-0.031910938640861738
-0.019411389026303013
0.0017858119965554861
0.14241243175262752
0.18388252206142316
0.098237638948976358
-0.041417662092876825
0.13427881055655419
0.065777259059857748
0.13177395621736376
-0.040011965036422459
0.050228399581395432
-0.043017924682457416
-0.039443655431257052
0.031090846133002784
0.078001439822145871
0.037752148734141143
-0.039570480670972123
-0.031492010135759821
-0.048615316748631308
0.029626063871744698
-0.026924437482625251
0.1401904554582063
-0.030908905644308704
0.067932347170761534
-0.04691489706616124
-0.021581401203915128
-0.036550503993990222
-0.039397025646918188
-0.043983640836961088
0.076741235977057468
-0.027015882195285827
-0.057242094865636625
-0.036569331031116634
-0.0380298989214563
0.13690788346553287
0.011644716701070614
-0.026942684130520835
-0.030681263966693274
-0.041564838196394061
-0.01721182966595506
-0.037245209196109609
-0.043131316497173035
0.1216918658554302
-0.025292085066613887
-0.029866995571652188
-0.015989726392088861
-0.038838546121250699
-0.025531613432344689
-0.029889239211747316
0.10903023600127384
0.1366373923294108
-0.044672821327591261
-0.033444907457796907
-0.027775875865891336
-0.056188261345844148
-0.021824844083499328
0.13074525838826431
-0.020278572503689526
0.037234709546664246
-0.030369717148495286
-0.029889851750610957
-0.028997040270506289
-0.042337397832251926
0.15429357768593477
-0.02912017993066723
-0.037491446867145645
-0.021984213787995067
-0.033144853932754917
-0.034340974319456562
-0.0348956011424984
0.0098569694504934639
-0.033103817726062808
0.036899368194855196
-0.026254893817532491
0.01495047129092685
-0.03780675264785506
-0.033937755943360612
0.1434133205384209
-0.025567206785345419
-0.015684903509029343
-0.025581797265286144
-0.021875478810434577
0.10120051733512248
-0.023122200509794702
-0.017745464548722747
-0.023938946673236181
-0.03701775720069183
-0.041923859357899149
-0.029324365808410188
-0.022001169492305839
-0.024756111262541996
-0.003282330688292927
-0.028586080154639475
0.055224080144957888
-0.015834358026903934
0.10757396758980532
0.091163041293094271
-0.037770692163606859
-0.045099946899160082
-0.026430484534240236
-0.024997330174184471
-0.021299774260433533
-0.046701260406405778
0.012256754349812599
0.026486502502106626
-0.037195450935241015
0.074683359381934017
-0.03681762290842517
0.026148305124777518
-0.033995638121584147
-0.031700836195293014
0.069694428920049289
-0.025104816452796979
-0.042140829652587794
0.15130281609180415
-0.035906439790222601
-0.043234594069304667
0.11795620792131239
-0.071668993211819659
0.015337203679185169
-0.028928033993924802
-0.029268408410807332
-0.029347839675227562
-0.034718239627535924
0.10487525206939249
0.024390225501396089
-0.033588356343093068
-0.026447359763434767
-0.041830795273157785
-0.037824383064789018
-0.024884670997420769
0.058366070416092243
0.064281287356212399
-0.030890959307400205
-0.025045084428353737
-0.04318287423436077
-0.021529801780090164
0.13453278553559003
-0.05835871697666873
-0.025285772246364045
-0.029306797387373396
-0.02652719656683555
-0.03695050682264267
-0.021496460201800273
-0.028148347476046935
0.012885662983063128
0.15860816078885126
-0.025964230541564347
0.14128484744441636
-0.024394288383474141
0.13427881055655419
0.13664498771346242
-0.024500121285768638
-0.030967551105861676
0.19641304984348426
-0.032575268163382333
-0.043627583854928861
-0.03179684356549059
-0.021634353104265376
-0.016074438230309455
-0.043359001577502707
-0.04652803477615565
-0.030923366754579788
-0.053180638030831166
-0.034021768692257301
-0.027939739839465266
-0.020002670128256825
0.018402835189048148
-0.048103808669853663
0.00070383949409330126
0.089423256212532082
-0.028263374365330999
-0.04903211175603308
0.15646236854919668
0.014178051409391755
-0.042235400577524604
-0.032698905384609324
0.11985565246689826
-0.052746876660676102
0.14751521280229987
-0.030328845365289986
0.15994894435855048
0.0080092419080674167
0.1360827045937083
-0.032777084914746686
0.024271451365349559
-0.031230238805642768
-0.028842149520948549
-0.036626977998403171
-0.033669186746683295
-0.022362752390688318
-0.033147543715932086
-0.033993099007202411
0.01617695189644873
0.031087069209925926
-0.036129160505531104
-0.040264999521172878
0.01227854774893276
-0.01897214812682823
-0.019124476415996298
-0.039838557248169655
0.12133168049086095
0.15210114691647444
0.10872275800585061
0.099262096743555475
0.11979418406200514
0.11799685505627905
0.098466646360794746
0.10847014953816678
0.12510027541597601
0.1072168080921283
0.094927784368818005
0.10499041812915716
0.11979418406200514
0.10499041812915716
-0.021744488742908782
0.12141196616785255
0.11847991928099573
0.11506165303380474
0.12696086712400712
0.032865566335458445
0.087411632231543732
0.11514443925646912
0.11799685505627905
0.12440784244122038
0.089419660461504305
-0.020254820559898017
0.10847014953816678
0.11979418406200514
0.15260666028044284
0.13517126118682973
0.11061175758382186
0.12039504073240871
0.12584136562891007
0.19053853737170581
0.11553847959727313
0.13465834663503076
0.13150187822273066
0.10847014953816678
0.16248639093576384
0.089419660461504305
0.11799685505627905
-0.022434458285234587
-0.019989441562482991
-0.031471116903480159
-0.025414494210696581
0.10143640861336177
-0.012292485417574574
-0.02298121726508022
-0.010739385859871792
0.18933905875770091
-0.024349765978478169
0.029538294357784586
-0.029281891681581726
-0.021318120128325433
-0.017745399261273935
0.026354960646102012
0.098469662180375936
-0.022521805651594329
-0.012608019865303291
-0.040232554027692928
-0.046686345781722767
-0.034571958328867725
-0.015482963513165159
-0.020301257961946439
-0.025366518762790172
-0.019568534375938099
-0.043078318523832287
-0.016347006742174798
-0.032611136486124868
-0.043813059732242213
-0.046123252057268853
0.043736132277107362
-0.030645617952930786
-0.018539868259864801
-0.014363708623696436
0.050555099015872761
-0.037336615425192503
-0.017085965931123374
-0.019968175991061092
0.029138488179476139
0.14716653793403225
-0.02989384415756707
-0.02781792687840277
-0.014459613132351778
-0.020965378609232616
-0.019418180669584083
-0.028078152929827713
0.021261321204650626
-0.0459962633587803
-0.019451076372653527
-0.017941954138690361
-0.026729064376538308
-0.039918090057528659
-0.023562946751186888
0.053222759525855853
-0.019147887785085475
-0.034323021129076731
-0.026353262429641183
-0.036049532125158969
-0.036024149429404101
0.034141185167533131
-0.022800006603841762
0.018928563666823696
0.066060539519698022
-0.046621073591245128
-0.032518515831830422
-0.019078914011909809
-0.019205171717139573
-0.029649221629615381
-0.029815039339572545
0.049326489787904625
-0.025432189732918116
0.055727574274358378
0.047594387210755033
0.079989384804594013
0.04878078278326179
-0.036534180775701627
0.023949503628015324
-0.023619420638625398
-0.029327903558981107
-0.018379865561263063
0.035847425580056429
-0.025007897875244288
-0.010757019001311107
-0.019897057944412232
0.09980878887411343
0.2359937101125581
-0.024609042508692808
-0.030355954432871247
0.0078420733356521031
-0.022151403817988146
-0.011691106070483395
-0.036551588250210106
0.069356041129967128
0.113748543227007
0.11979418406200514
0.028526172167523796
0.11979418406200514
-0.023679810867479868
-0.031856202900586578
0.062860068807558678
-0.016351064832338037
0.11835055094912075
-0.026844704672172183
-0.018638821582977926
-0.02285290509981578
-0.026694049130231354
-0.02819247705693196
-0.025680423899541276
0.1190430949890513
-0.020898081130124226
-0.023865585383219437
-0.03015925410032223
-0.020990869698606189
-0.022148696132702067
-0.020685344573732885
-0.02185427710696752
-0.034393068125325596
-0.023676205528164473
-0.024056978039832765
-0.0057775225203270325
-0.032712868801712008
-0.015332793459384118
0.094414990551655517
-0.018592255792500047
-0.026797275464645061
-0.029979632169211498
-0.015888756962049153
-0.030505451682258461
-0.020100776609128096
0.16796029769826656
0.14456858196974426
-0.040595234542084177
-0.021854499337917024
-0.017786366302082066
-0.021821121777918017
-0.017301613204734265
0.033733684671869851
-0.01913741289078396
-0.012073902203521595
-0.015499229074431808
-0.019328523143281512
-0.045682344044473147
-0.019033609554918628
-0.033200583921630722
-0.016979378694375071
0.093156349768356669
0.10397449078100691
-0.026406698605698664
0.039633583490921942
-0.031458521340550348
0.10979983850227848
0.1621040866220535
-0.023668594357884605
-0.036709008209551475
0.064524154362575456
-0.026825907530076482
-0.023077800319424743
-0.011683480952472389
0.14571651035254879
0.1029896243406165
-0.03607303232213304
-0.015623822329983621
-0.012916889290811171
-0.018240794402691458
-0.034226882568856351
-0.032155551641846199
0.020280581686623042
-0.040781740752295993
-0.020315120075007815
-0.019454139923387705
-0.020698631951061391
0.10607839262468588
0.072896215022964839
0.032766185540986308
-0.034247021518482634
-0.020493328132793975
-0.025598110301964253
-0.011042879152989909
0.094834352683655171
-0.020964529978469384
0.028754766739745204
-0.033259403901184321
-0.037411452162389197
-0.036386376165467846
-0.027456778988989131
-0.034281097668483543
0.043076099558351462
-0.030757495238698047
0.088125793245703771
-0.020406451216937915
0.11261408453927219
-0.033534444851132578
-0.025774013984212057
0.089016561109791947
-0.037403235805851205
0.13517126118682973
-0.026618464215325575
-0.022288062080848509
0.061285987698480524
-0.019293727680110759
-0.014738456341612385
-0.032760910185025964
0.019031617343341464
0.15355484951442208
-0.022850479720968819
0.1190430949890513
-0.021965410703335943
-0.036747609778215548
-0.025101951264981232
-0.030155781624618547
-0.019474504272137181
0.085689073201822993
-0.030633506768601007
-0.029318893921902105
-0.035992123756912763
0.026908067867584925
-0.027842024305262919
0.034907561264934585
-0.039207700140092311
-0.016761613580078431
-0.015945610584034754
-0.021898723920802689
0.10974241365318649
-0.014072652221784243
-0.024891091628568809
-0.020092654916186625
-0.044415147581730798
0.07959119340419761
-0.014423014710734733
-0.017714298759709125
-0.029344907577227172
-0.029219987029227231
0.085384368739959068
0.040420008264698506
0.17114747586303367
-0.020467467689448505
-0.018247374651847122
0.028217695744454863
-0.019240227654128254
-0.020633061059910193
0.05847940500840669
0.064311205339428315
0.12440784244122038
-0.038685977031726389
-0.021479522320265676
-0.035336655235252278
-0.03514593169649359
-0.015496452929548888
-0.035338031089036818
-0.02902142088641339
-0.024033391120223707
0.079372327688468677
0.1072168080921283
-0.024723514944702926
0.074217632922474464
-0.012940840901077657
-0.020323107712136398
0.021956399650336991
0.16031810432853089
-0.018660762980731611
-0.023903558209166443
0.1221926847270178
-0.0217014267342053
-0.026715317102668452
-0.018834371402019344
-0.0097282791066520546
-0.019043116206640689
0.11847991928099573
0.025789307309305801
0.10847014953816678
-0.048711677863430745
-0.015496452929548888
-0.015496452929548888
-0.014295840936124135
-0.055890931893559752
0.0068637633849538476
0.06019540005020263
-0.04199334916591526
0.047842784222927648
0.1190430949890513
0.046837315103733679
0.082475221658311046
-0.03363040738881639
-0.031613883071308087
0.064296220801612861
-0.038275564394956871
-0.031233490561838329
0.11090432908963004
0.07902142668749039
0.056540508146504617
-0.022828803819535927
-0.014824019832868577
-0.013529567366281204
0.11101210316903588
0.03525788424493069
-0.021420501522200444
0.068757594724952922
-0.034145963245777886
-0.025031104103944012
-0.021718331934323567
0.034657072614938486
-0.019628066609391429
0.019475550799217155
0.1072168080921283
0.076812047994303287
0.12309084898407226
-0.028439641865071266
0.13522684342533692
-0.029148600817611291
-0.024324238871954056
-0.019143036464388252
-0.023974401817490186
-0.025510534910324657
-0.038453154312981325
-0.013662097952296986
0.1314662881304276
0.081716794310872823
0.082430790620155334
-0.017077831558022043
-0.03080884992076266
-0.02876659948987682
0.014875630543834591
-0.038817245818313841
-0.013212269395449873
0.060475438274289209
-0.022068488759769772
0.11933890607099089
0.14007115412378013
0.018796196046574121
0.1085472422034993
0.12282382920297287
-0.024245106348619434
-0.037645477575803145
-0.021838965844967365
-0.016774561693349094
0.075551076189854793
0.1190430949890513
-0.026715946786926195
0.04315664817924255
-0.028334903803868664
-0.024623880769798937
0.044569114975400649
0.019748738342498438
-0.023133612462923857
0.14684218277057157
-0.038639803042110128
-0.0313583001411782
-0.026089147902818761
-0.018833389122487637
0.088949675254408236
-0.026209115472868125
-0.020787214231631056
-0.033855022442638966
0.025928979817735717
-0.028110261325229226
0.016793713667913216
-0.037642208666919717
-0.015918332601212143
-0.019233429286393648
0.030088652940574001
-0.032642631668694633
0.063580905272116239
-0.019673839632639092
-0.016371886540285895
-0.025059384550753742
-0.018172523803196977
-0.021291616660007513
0.112107024802688
-0.018312898854342601
-0.034251428351736515
-0.023887232476791882
-0.033200968130226959
-0.030078269989649891
0.020272793218112858
0.062969568324098321
0.15094564189027038
-0.028547489432198862
0.089419660461504305
0.13150187822273066
-0.020092593840609439
-0.016342318004928788
0.024281526565606972
-0.025348497461854771
-0.02989384415756707
-0.037992087356615363
-0.017553518874033228
-0.028523256099485778
0.065633855494044949
0.02800171307417422
-0.02477640207086328
-0.022663410073168775
-0.028710014237275004
-0.028993777041067769
0.17114747586303367
-0.039688524113070139
-0.031458521340550348
-0.033369297563004073
-0.03685611464734187
0.1072168080921283
-0.027036895898619843
0.016844700096773
0.084704179979626829
-0.030233242216996813
-0.034678734878187463
0.14007115412378013
0.130770331770001
0.070398104762385047
-0.023103709782078093
-0.023163249653395921
-0.042299601020621254
0.094980937598631715
-0.016527111795450414
-0.027614233319847865
-0.038536704862679884
0.10560629819251534
-0.018050851932064179
-0.018593364217496411
0.039255390759826252
0.10499041812915716
0.10575978311444809
0.098339669095868387
-0.02047090299951701
-0.011511752969671911
-0.01710931100350388
0.16248639093576384
0.15348951662675933
-0.010812786966437728
0.022042706894285332
-0.039969521221228661
0.066061711083308397
0.10023213218655297
-0.022239614923666069
0.1072168080921283
0.040385282683792621
-0.025898380332749989
-0.027176108519180613
-0.026500874535041855
-0.030402309416974794
0.10996757847213567
-0.026584371119129264
-0.027353111783187379
0.12039504073240871
0.098098599016384028
-0.013947414609686236
0.024110498435170078
-0.018154666535373065
-0.035171586330689876
-0.017429141793986701
0.025766606351527464
-0.022615707248958995
-0.018199138680852427
0.1190430949890513
0.1190430949890513
-0.034388855385366658
0.056691541019212387
-0.016861146216952224
0.11819216252056515
-0.018303032815772603
0.11061175758382186
0.082475221658311046
-0.024588039249034986
-0.023546464678304527
0.028032783027802793
0.13075331980315158
-0.03042138284179657
0.12559639392314303
0.038954772109723854
0.073826348672021785
0.01952391100942287
-0.021521784740910061
-0.022102817172135653
0.022265883876937696
-0.051791730150573145
0.11847991928099573
-0.019474504272137181
-0.02040550364028712
-0.012516916244061474
-0.016563049256953725
-0.022134199611194418
0.067928686353946957
-0.020440475023893883
0.07736389134474625
0.068191480572702634
0.07543331173652533
0.090453499665229253
0.091900691896529232
0.080647822633326635
0.064447203683470955
0.07436999514904849
0.069146197607469095
0.075303650041652112
0.061717152660811625
0.071576044277050055
0.067492409622833746
0.067426241138508022
0.10151520644642981
0.083369715610152467
0.11614925212002448
0.068211003653041904
0.090726222591831052
0.093544235582348229
0.078750311163462386
0.070956687261915549
0.068318546624982393
0.08076713611493419
0.090840206966293496
0.08330093136570986
0.08425834795192455
0.10826249697755876
0.075016025992304697
0.083788199381141321
0.071330645952039543
0.081803663309406416
0.069409577730934285
0.059197947217681283
0.084747067529251069
0.10276969000220525
0.075729387383424093
0.090453499665229253
-0.012223469668802943
0.086149382374155925
0.093544235582348229
0.090350544421697113
0.090453499665229253
0.10329579873272746
0.087286812737258052
0.068191480572702634
-0.023240310752428155
0.087286812737258052
0.096951696326234765
0.081363752996693295
0.10592410571298981
0.014965945027153184
0.085190458926069926
0.094564030079251418
-0.016451369916261064
-0.010436040638610871
-0.02755158777737227
-0.022180995211526888
0.059959769718839186
0.036167401307034025
-0.01860590395542042
-0.012051616442767745
0.1074460607954647
0.067352993683425316
0.06699968219883462
0.091723240221789126
0.10799922335324873
0.081018545517934235
0.078580651695744297
0.069164611046714869
0.030282995297798123
0.07543331173652533
0.077306131242340814
0.072243355201386694
0.078672846872754831
-0.024514518282282707
0.081539253507230264
0.091900691896529232
0.080422488208759205
-0.015385199885631534
-0.0096162260067930681
0.063025557173435165
0.069146197607469095
0.091911052086365547
0.068889958639051702
0.087361934917788667
0.12876532314435446
-0.024626962196333011
0.067497228255405328
0.086944091990911909
0.090726222591831052
-0.01700226465257219
-0.026917457947969427
0.074324306950668551
0.083868477243844372
0.077306131242340814
-0.014838169752273771
0.034643952544262946
-0.023706529251532462
0.069706610803737218
-0.02039215420769265
0.077983038185208936
0.078750311163462386
0.091911052086365547
0.081852195256125401
0.074679349866402747
0.071979797980589941
0.14315208855410011
0.071576044277050055
0.083000065032739392
0.11218846919180531
0.073385860228568217
0.068211003653041904
0.06738978183305773
0.2729789646891127
0.064447203683470955
0.081056917463870559
-0.011880525438988248
0.038635912591804079
-0.02144973178853047
0.021726759841641973
-0.011235860548947934
-0.026649544455582173
-0.027136374144768348
-0.0094502200989066802
-0.020034446838326378
0.079857507278356832
-0.024411976343251842
-0.025745947108518893
-0.024893620946670761
-0.014502952459127482
-0.012790572521554638
-0.011703461581466391
-0.0094626211055975056
0.10329579873272746
-0.016652233947534859
-0.012173525905344314
0.093544235582348229
-0.011284794078912952
-0.014769910015102212
-0.038731150309957302
-0.011343980063770494
-0.023033907985663165
-0.020368742679324668
0.12568939615308816
0.067492409622833746
0.048822654396736491
-0.036458473073472511
-0.0089738344432407149
-0.009020243228708839
0.094566094619580654
-0.012469828645505188
0.055887081602627099
0.034220072067459986
-0.024879898986612789
-0.012157996672014584
-0.021836843256874697
-0.017730537079704276
0.090946435201441189
-0.016448187522069876
-0.015193459007386369
-0.025425263827185008
-0.018057939472419675
-0.020032274791379104
-0.011000503731295838
0.025235817333578665
0.15653600648744267
-0.010618233087206006
-0.021390971534606878
0.19239897256063726
-0.021793577086748471
-0.019248282166175367
-0.020163468560592788
-0.031415987969786452
0.12749020994196994
-0.023835001774214166
-0.012950097447729556
-0.018593267884028819
-0.017270616146427588
-0.022683121367480279
-0.015277005507112432
-0.012862263309554006
-0.024928621174868569
-0.016074533257495652
-0.014381100655168644
-0.017339722364627989
-0.015926155152636772
-0.012871692595343931
-0.033295557340117486
-0.011656378995105618
-0.011654730638469295
-0.0070044095729573609
0.097219506705438066
-0.020388228014241679
-0.022438967774118575
-0.010093383751507408
-0.022234417027292164
0.061398365916630324
-0.017670633963913312
-0.021162732766135298
0.038195997373010653
0.18948939097151254
-0.024158350173159496
0.034722903375783751
-0.022539144821515134
-0.015288149486177582
-0.023181828231607172
-0.014641380995253302
-0.019209237693952715
-0.0094772134479077785
-0.033830622437241088
-0.021055386915309001
-0.010299851516508708
-0.012102597255850965
-0.023300600223289222
-0.013398407052628229
-0.012867822552735412
0.042841240316815458
-0.027806927833020537
-0.018435583994274609
0.071330645952039543
0.13237173442653283
0.068211003653041904
0.068799470692614981
-0.01893682412227252
0.064300468642157022
-0.009255649682123784
-0.027861142791383672
-0.01458380981970985
-0.026133174353731563
-0.017070993155504723
-0.027112557575601898
-0.022784354884934643
-0.021002847483797823
-0.017835999063952744
-0.02176829300279436
-0.013384419439918152
0.011613418549120831
-0.015712993371416763
-0.021622736649772111
-0.019897602100350926
-0.021418541600564438
-0.0051956828297659192
-0.014466886717972414
-0.026798685206255373
0.088951686048475948
0.068330419896151962
0.090453499665229253
-0.025929331914540721
-0.051858663829081442
-0.022088319842843061
-0.02201790478082746
-0.012068053229993218
0.070017122203755194
-0.010126459928116076
-0.01287545544992787
-0.019763675312598507
0.059218166251421449
-0.036440668050830884
-0.0088058584868867546
-0.0097696259888989823
-0.017215970948572298
-0.012430762586550518
-0.011036585968670742
0.064447203683470955
-0.026850975097930829
-0.015814705207270883
-0.036197922577204299
0.10339471892317197
0.084843517494706283
-0.012298960144630167
-0.0092693709957117048
0.04125087432274805
-0.014100889565152049
0.20247722886850128
0.082096872967990814
0.030765420042973446
-0.020112569255931786
-0.011058318141092224
-0.011152635023521273
-0.013445431557268338
-0.011416077890701324
-0.014727346776684002
-0.015391760343747118
-0.012746330500107326
-0.023098641346130513
-0.016626656776545887
0.074507960044910115
-0.0091189308949350557
0.08980818484346316
-0.020214364451961009
-0.01668107835899767
-0.015867873165652614
-0.01730122079373814
-0.017110489106943842
-0.016127565526967511
-0.012041769945929346
-0.021788330455444125
-0.018696070860918793
-0.021574467021254071
0.034512685838323669
0.081363752996693295
-0.0080939423234695305
-0.029102113267224956
0.042687410339725465
-0.0082201046223995197
-0.015021309895221128
0.027487209461548031
0.095079387735644116
-0.015877924994106628
-0.017858991394098488
-0.013914624705664364
-0.014062664314730888
-0.0083104889639777479
-0.025817063526592118
-0.010534122209688709
-0.018517956603153182
-0.022154816546693684
-0.016576260086823894
-0.01128041323476665
-0.016333999981987025
0.11836567829147017
-0.018173439647449708
-0.0094502200989066802
-0.022800149467320893
-0.0089398134977685499
0.044030844845722374
-0.027911933182862742
-0.022239277976563325
-0.007131648827708695
0.090453499665229253
-0.016011010331988221
-0.01758628466192887
0.082085975633017852
-0.017828829799367483
0.075729387383424093
-0.029480417215675812
-0.013511348143306316
0.11052482667833981
-0.022309081435069735
-0.024570480210571295
-0.016469535725920675
-0.022623868430319747
-0.013965371205117379
-0.011781530634538158
-0.027701093272493496
-0.0076146210283315804
0.08086325388023996
0.061513252182357585
-0.016854460379198809
-0.01013375472416036
-0.024316069147964005
-0.022481579060637892
-0.0083041349150936201
-0.014149681381261259
-0.013588273707919015
0.044965821170630832
-0.027477493019094773
-0.030141090070514857
-0.020841101680468488
0.039832884815386299
-0.020276450434725434
-0.014650022134227071
-0.011604631534595473
-0.019663979507927379
-0.017046205596155904
0.044727211798610035
0.09007968951134232
-0.01697959357959208
-0.021558896799076299
-0.012395146653123891
-0.0061804317045857354
-0.012543113586106663
-0.021562828601368423
-0.013009180494687207
-0.029720669021291845
-0.023498434025421209
0.027492357785677414
-0.014844672551164078
0.051287517844880684
-0.0088177871411574699
0.034646978057999933
-0.017541801185499029
-0.01530049864530054
-0.018781125947772773
0.07736389134474625
-0.021971660276973726
-0.0059289180401893085
-0.045892286657480422
0.027518123399809465
-0.021717165935059294
-0.009252934980240211
-0.023503589751501304
-0.018499525636858544
-0.017231549130570529
-0.02288834519812483
-0.03196023825785424
-0.026224180299990168
-0.016056910452840207
0.017375532141639907
-0.014233501213974008
-0.014561797595626716
0.036130804002326641
-0.015384833560434958
0.10053018210970621
0.11488269045645456
0.021462745872880225
-0.013366028398265874
-0.017656922778268802
-0.015026426492718202
-0.011225027800944034
-0.010039974376627507
-0.031647071214363602
-0.013210559557116202
-0.016393390816606082
-0.016104924735644528
0.013502618987620724
0.10339471892317197
-0.013452634308429781
-0.015032856692847889
0.05977731220103788
0.034615783625682385
-0.013169663915928194
-0.015586581026217183
0.042590220409952424
-0.018018880539048703
-0.0061801001566707528
-0.026138487766625272
0.091858309632144627
0.050647897603207495
0.079008051237419552
-0.014890462225742208
0.086639086685554742
-0.0074061772807227635
-0.035619836358430801
-0.018926164475341924
-0.011965746066333768
-0.016302686268858863
-0.014089466454706746
-0.020874563729283015
-0.019465618502674423
-0.017732027642591196
-0.01147851826838913
0.11181252214731015
-0.012674374965988331
-0.011960422593665112
-0.026102844042667842
0.03713096297567571
-0.024495606932124051
-0.009916410061096604
-0.014587647691126793
-0.030983998333203779
-0.018241096518752328
0.060069354473739241
-0.015685755591646391
-0.013889295065009626
-0.017970581596556956
0.031690450149571746
-0.012007582053782696
-0.014329443841536267
-0.015447811945524987
-0.0084042638015925462
-0.018652477672257962
0.079139850314732363
0.10826249697755876
-0.018989457249307687
-0.013495944365438139
-0.026715299502903588
-0.023677714850313301
-0.037027701482333045
-0.028876891223719302
-0.012746679467126225
0.109814400708206
-0.015924372953668605
-0.019291109150200155
-0.024248957778574179
-0.018135773252329433
-0.020359412790287964
-0.040663038896587581
-0.020939356061002667
0.10806470845654957
-0.020648397287595079
-0.017046205596155904
0.064447203683470955
-0.029594071904351961
-0.010542157189436404
-0.012414205173361344
-0.015611127779379366
-0.020274475948063243
-0.024544147207463403
-0.012737593950471379
-0.010668896903729583
0.10339471892317197
-0.0097696259888989823
-0.014890115347384169
0.079008051237419552
-0.0085633565527351296
-0.013769141320430537
-0.0072222907556949061
-0.01683898638516056
-0.019885819960508814
-0.013190899275407638
-0.018513704638348845
-0.018843453342463935
-0.024236291637671853
0.18913218923916131
-0.0073584205918319342
-0.032457114047426384
-0.01445214522249455
-0.021128769104432992
0.10151520644642981
-0.0052945102351297313
-0.018801400165806809
0.036253357561542542
-0.018520933330083908
-0.013084044100456159
-0.023537292488360201
-0.028104743936311662
0.050327304460334885
0.023117223130136078
-0.015194555493957543
0.073384536315682897
-0.013864263652188461
-0.022811418079944312
0.10936956052571238
-0.032912885186879445
-0.013181750080477034
-0.013730068616599769
-0.0088532359004502969
-0.017190093882853783
-0.020725876954193412
0.077895512242396006
-0.019286543587610287
-0.022275776592453458
-0.016930121138026184
-0.024684693416713994
-0.0072660354301436365
-0.014673505650010434
0.069697859220660421
0.031157313898063539
-0.01379638728914071
-0.0052945102351297313
-0.015958378254043993
-0.014260896463278487
-0.011118974519588775
-0.028466503115925489
-0.029254861330689396
-0.018003413334674045
0.031907202892164317
-0.012737593950471379
-0.012094482393219037
-0.010064761016103022
-0.01451499111385964
0.029465967452950503
0.05962551207520736
-0.013876620390505362
-0.014874275114255691
-0.017338263566597359
-0.012368238450983504
-0.024174198727611444
-0.011019011034221876
-0.018758499791655892
-0.014736002815018225
-0.011403892739092985
-0.019331496028931545
-0.0093482657564459108
-0.017749129441845375
-0.016124480013840908
-0.018626859378543161
-0.017747629018834758
-0.016489580608223468
0.014965945027153184
-0.015449175599335528
-0.030652094756056205
-0.010370577078626682
-0.016788995504744834
-0.011065140363976636
-0.012102720530054671
-0.012650296284221516
-0.027062652553475564
-0.0064520593714601547
-0.0094529059561542818
-0.012415495880208481
-0.0094502200989066802
-0.015935552246246362
-0.016744088585278878
-0.019320638181827946
-0.018761192294515849
-0.02111885399347389
-0.0024263460714319916
0.077895512242396006
0.051039501570053034
-0.034035633426463562
-0.0230138024661934
-0.027787918422190177
-0.024352864087293865
0.071548068629851136
-0.016187097558780762
0.046360895555218017
-0.016870955686435214
0.089205884044901401
-0.021866791416653895
-0.017546497312116875
-0.019177415859952411
-0.015803544640997355
-0.013839134715823638
-0.015129395371463
-0.02405151352486375
-0.029148751940934116
-0.015998778729884967
-0.01317767050035875
-0.010268824554560151
-0.015026470296107385
-0.02370842027857549
0.075729387383424093
0.11386773974862224
-0.015683346642892147
-0.021250526346149035
0.071599933249618039
-0.018244312907803328
0.074754862392411608
0.067492409622833746
-0.018934950279422547
-0.01498767763611146
-0.020299577740760414
-0.013808452374795353
-0.016774922110685469
-0.013097279217354882
-0.012372759599571509
-0.015378087918636709
0.079159356518764115
-0.02523804230354177
-0.015173162233487398
-0.020547140699326564
0.073004079526872892
-0.017282500750738502
0.08425834795192455
-0.032118545482006787
-0.022211773516394664
-0.019324449191477501
-0.016979264459561289
-0.020848864574651196
-0.01277520609219486
-0.015976068331128513
-0.009557967643839203
0.10339471892317197
-0.024080440417663624
-0.020129056306868776
-0.021615508726152612
-0.011189211137402705
-0.026225431968237629
-0.016172672194528913
-0.013880050162306406
-0.015810496657572302
0.08468890897890427
0.06699968219883462
-0.01126196339404233
0.02492930110161105
0.069146197607469095
0.090453499665229253
-0.025202589528598694
-0.015306199852052987
-0.022325911602909608
-0.012298960144630167
0.07271653938771673
0.058247546835108195
-0.030636971614975216
-0.017077383341780331
-0.016930258381063056
-0.027735847243394614
-0.012898437747139753
0.078750311163462386
-0.018725889270793012
-0.032459844058153685
-0.013180131972519625
0.077895512242396006
-0.01357206111937863
0.032015215713816089
-0.0052945102351297313
-0.012574645508043866
-0.012624488516561446
0.10339471892317197
0.11153011133929146
-0.018923076065125218
-0.012570351211237915
-0.01542843449380437
-0.014876025272433277
-0.01334449288697283
-0.011919267341557373
-0.016918104520372665
0.13082783900330036
0.088814316424567524
-0.014142600305171985
0.094566094619580654
0.067492409622833746
-0.015593735833646732
-0.016602967466620187
-0.017423128338660925
-0.017129556560706916
-0.024083571368382198
-0.01858483864090147
-0.014303750816003867
-0.027389071137412273
-0.015541221053169652
-0.021562828601368423
-0.014035626812144091
-0.024322042414792775
-0.021505037848713039
0.043106142136741195
0.069146197607469095
0.072044370552066139
-0.034321113722411825
-0.016096695665972736
-0.007794001819750246
0.02140225113744482
0.042267201967773935
-0.025749931982298652
-0.013869956132885074
-0.019542468501614479
-0.014941115396449553
-0.017202696546553441
-0.011741830774581862
-0.013448715623220538
-0.012570351211237915
-0.014255207472488275
-0.017740834042519568
-0.021967312369756936
-0.0119077070902443
-0.019803373858418329
-0.01393404895509137
-0.013594687090560029
-0.020459212249946717
-0.020445463540694337
-0.010030312960174124
0.051186986983480579
0.094566094619580654
-0.02462459294257266
0.064447203683470955
-0.0080715755770411155
-0.023851537503516363
-0.024596472403101095
-0.020013663808752427
-0.013795623202708128
-0.022410972958822561
-0.026862630270564725
-0.0054461742303943596
-0.021163699405665461
0.093546416326253837
0.10340331662235248
0.060930045586166125
-0.025492194938576185
0.077306131242340814
0.081803663309406416
-0.035513753191176639
-0.014136700783781564
0.033274189184289316
-0.02031321817522188
