MLCPP_ARCHIVE_V1
"KNNRegressor"
3
320
8
-1.4446072490246042
0.93068486641803216
1.3696817082522355
0.36753758202408765
0.44824530862715584
0.17978509510424681
0.46000414590839001
0.20727881656179029
8
1.2774026548136388
-1.3579292991037988
-0.048758895763024453
0.12507991851743352
0.44347888070216573
-0.1162233419080711
0.43921923647927308
-0.59762152333777374
8
0.97952232571436015
-0.77771725714051532
-0.91558370932790556
-0.41739729983198692
-0.73382881677039125
-0.52128751887229563
-0.70135266844351873
1.4972024802775667
8
0.6765061288719878
-0.91586298141748901
-0.20636340732027555
-0.011847610873015047
-0.14755818199660781
-0.078140385099468787
-0.17393559167967654
0.18145457273230198
8
-0.74612923596422476
1.4694531910982227
-0.12756115154165001
0.3043067165412372
0.44109566673967071
0.091501877047941479
0.47559282798022767
-0.74080917051707862
8
-0.5355586584974944
1.0412014458396104
-1.5460017555569101
2.0547115030802834
2.1570097197361102
0.66707383790522634
1.049775950959583
-0.61974124986116086
8
-0.98751501988950252
0.76490999728566633
0.81806591780185667
-0.86306588275249152
-1.0221977062322929
-1.0475247402275274
-1.0910697202394612
-0.059446429477499542
8
0.74840827727526238
-0.83758040432720426
-1.3883972439996588
0.37800338044883536
0.73899741205155256
1.8822663687978998
0.90168347127712489
-0.63047898118319345
8
1.3133537290152799
-1.339509869200203
-0.4427701746561522
-0.017516585019753363
-0.3811131503211232
-0.31875543039018334
-0.29864504825437815
0.73611208417189622
8
1.2671309193274589
-1.3717438715314967
1.8424952429239889
-0.46056871833407104
0.11221213991535314
-0.5100357361788449
0.020922934218294723
-0.91803542598722665
8
0.83058216116471706
-0.75929782723691941
-0.20636340732027555
-0.95115301949411768
-0.99359913868235228
-0.87182382586056684
-0.85723948916189585
-0.55569068252523635
8
-0.05792295839002537
-0.62575696043584716
0.42405463890872891
-0.46841806715263179
-0.66233239789553966
-0.65544338944805369
-0.69875455476487913
0.64043889809258547
8
-1.1826779941269665
0.72807113747847463
0.58165915046598005
-0.21680283002432341
-0.31676637333375668
-0.40963521368343886
-0.21810352421655002
0.083419085762144143
8
0.89221257408181176
-0.78232211461641665
-0.4427701746561522
0.78355306940780722
0.91773845923868169
2.0934536747365127
1.049775950959583
-0.096437913881901954
8
0.74840827727526238
-0.89283869403799176
-0.28516566309890112
0.72686332794042408
1.6493851457246633
0.61947014189447347
1.4654741395419217
-0.4063288398357629
8
0.94870711925581275
-0.92507269636928524
-0.9943859651065311
-0.46885414208699627
-0.76242738432033197
-0.74891973797825939
-0.83645457973277881
0.86002550362815211
8
0.98979406120054014
-0.97112127112827651
-0.20636340732027555
-0.198487682781015
-0.15232460992159794
-0.71689543338920747
-0.14795445489328038
-0.76759981016554979
8
0.83058216116471706
-0.75469296976102129
-0.52157243043477775
1.5580221528391343
2.3881814740981304
4.5039317363719089
2.4163837459240214
-0.46909087941304356
8
-1.2289008038147802
0.77872456971336401
0.50285689468735439
-0.17014281204732343
-0.092744260859221564
0.011008354702486603
-0.072609158212731492
0.29146263012652568
8
1.3441689354738198
-1.385558443959191
-0.28516566309890112
-0.18191683527516456
-0.40971171787106386
-0.024478036869165543
-0.36359789022036859
-0.14658311915579417
8
0.74840827727526238
-0.75929782723691941
1.1332749409163589
-0.99170798839001484
-0.30008387559629129
-0.90557917394091891
-1.0546961287385066
-0.71519968131403067
8
-1.3418898941627821
0.98594315612882288
1.8424952429239889
-0.05501902937509915
-0.48835777863340063
-0.48580112730064345
-0.41296205011452131
1.8405951279561699
8
-0.62286841013004279
-0.17908578527363914
-1.0731882208851566
-0.13918149170744493
-0.076061763121756179
-0.15863390744492367
-0.010254429925380679
-0.17766885133307861
8
0.59433224498253312
-0.69482982257433235
-0.67917694199202894
0.52365240852657358
1.3657826841877518
0.87653010035253898
1.2368401358216354
-0.48568067430558393
8
-0.86425419405532045
1.4003803289597374
-1.7036062671141612
0.63092684238023711
0.42917959692719543
0.59263896777932179
0.46779848694430881
0.13141674477162985
8
-1.3675692328782432
0.96752372622522709
1.6848907313667378
-0.86262980781812704
-0.90542022207003525
-0.93933452202127088
-1.0494999013812274
-1.5602054477013865
8
-0.82316725211059316
1.9805923709230178
0.73926366202323113
-0.87789243052088406
-0.90542022207003525
-1.0760869578339791
-1.0676866971317047
-1.1715532625004164
8
0.73813654178908239
-0.89283869403799176
1.8424952429239889
-0.5128977104578093
0.10982892595285809
-0.66669517214150442
-0.03623556671177685
-1.2897756843559955
8
-0.73585750047804477
2.0818992353927963
-0.4427701746561522
-0.70259030690636071
-0.82200773338270827
-1.0795490448165794
-1.1456301074908932
-0.17326638149104523
8
1.7396307516918341
-0.91586298141748901
-0.28516566309890112
1.0892415983973118
1.1179284320882663
1.092910536765052
1.0627665193527811
-0.017247145381911525
8
0.85626149988017808
-0.86981440665849774
0.030043360015601105
-0.24514770075801501
-0.24288674049641001
0.14689526876954484
-0.2544771157175047
-0.053755431876822413
8
-0.66909121981786379
1.409590043911537
-1.5460017555569101
-0.22203572923669723
-0.51218991825835114
-0.58360508455909943
-0.48051300575915135
0.9148416220271286
8
0.3478105933141617
-0.70403953752613191
-0.28516566309890112
-0.21854712976178137
-0.56938705335823248
-0.29538634325763197
-0.41815827747180051
1.2306919888647179
8
0.60460398046871311
-0.68562010762253611
-0.36396791887752666
0.30692316614742415
1.4253630332501284
2.7374018535001516
1.4836609352923991
-0.93269242924180107
8
1.1746852999518169
-1.1783398575437354
-0.91558370932790556
0.77047082137687262
1.3586330423002668
0.56148018493591989
1.3927269565400124
-0.24349114433713837
8
1.2157722418965442
-1.2243884323027265
-1.1519904766637823
-0.18104468540643556
-0.46929206693344022
-0.35077973497923531
-0.39997148172132324
1.3122450582555552
8
0.19373456102143236
0.037342516093616038
-1.6248040113355355
0.23235435237109706
0.54119065316446302
1.0712724931238007
0.42103244072879575
-1.1088449115797461
8
-0.03737948741766535
0.50243312115941996
0.1876478715728522
-0.43265992253474395
-0.59321919298318304
-0.23912742979037854
-0.43114884586499863
-0.59805103259065495
8
0.86653323536635807
-0.85139497675490194
0.34525238313010331
-0.75230284942391212
-0.61466811864563853
-0.65457786770240367
-0.6753715316571226
-0.89333864394655149
8
-0.77694444242277216
1.9115195087845325
-0.9943859651065311
-0.089032874255529054
-0.030780697834350137
-0.71343334640660727
-0.73253003258719418
-0.85742093267435249
8
-1.2905312167318748
0.94910429632163129
-0.12756115154165001
-0.22203572923669723
-0.48835777863340063
-0.14305451602322272
-0.4441394142581967
0.54938293648174907
8
0.32726712234180166
-0.15606149789414517
0.73926366202323113
-0.79372996818853825
-0.83392380319518356
-0.62255356311335175
-0.78968853351726576
-1.1156096823126265
8
-1.4548789845107843
0.88924114913494234
-0.91558370932790556
0.34224523583094751
0.23613926596509599
0.59523553301627197
0.36387393979872418
0.42235557494210324
8
-0.71017816176259108
0.88924114913494234
0.34525238313010331
-0.89184682842054752
-0.86490558470761925
-0.74805421623260937
-0.86763194387645426
-1.4954569278295298
8
0.7278648063029024
-0.68562010762253611
0.66046140624460559
-0.20851740627139817
-0.59083597902068796
-0.45118025747464136
-0.57924132554745678
2.4494781825720287
8
0.70218546758744138
-0.72706382490562593
-0.28516566309890112
0.20488163150613445
1.2895198373879102
1.1950421027517584
1.2446344768575544
-0.61195639465268725
8
0.6302833191841668
-0.74548325480922173
1.29087945247361
-0.022749484232127193
-0.68378132355799515
-0.52388408410924581
-0.69355832740759993
6.0093582477654977
8
0.89734844182490547
-0.86060469170669818
0.1876478715728522
0.24543660040203163
0.33861746635238332
0.060343094204539593
0.40544375865695803
-0.041245974886654255
8
-1.2443084070440538
1.0181771584601165
-1.1519904766637823
4.3497738826405721
4.7380304411182541
2.8378023759955577
4.9001804227034951
0.48441966198345154
8
0.76381588050453608
-0.88823383656209354
1.2120771966949844
-0.27785332083535141
-0.17615674954654847
-0.36722464814658629
-0.067412930855452247
-0.37535048497169876
8
1.1849570354380041
-0.69943468005023379
-1.7824085228927866
-0.72831872803386533
-0.92448593376999566
-0.40097999622693831
-0.87802439859101278
0.49129181002955263
8
0.6765061288719878
-0.86520954918259962
1.6848907313667378
-0.89053860361745407
-0.61705133260813361
-0.93500691329302066
-0.75851116937359031
-0.55413371148354174
8
-0.73585750047804477
1.5339211957608097
-1.1519904766637823
-0.47408704129937007
-0.69331417940797535
-0.71776095513485749
-0.68836210005032072
0.25398794781263201
8
-1.1313193166960518
0.76030513980976822
-0.52157243043477775
0.52234418372348013
0.69133313280165143
1.7706140636090431
0.9120759259916833
0.22768050607365237
8
-1.3521616296489696
0.99054801360472111
1.8424952429239889
0.33090728753747084
0.62460314185178989
0.026587746124187548
0.69643249066459512
-0.48466058982999077
8
-0.16577618099494104
0.8109585720446576
0.26645012735147777
-0.62191644404893076
-0.6075184767581534
-0.74632317274130922
-0.67796964533576221
-1.2386640832631202
8
0.69704959984435511
-0.78232211461641665
1.1332749409163589
-0.65549421399499619
-0.44069349938349955
0.24469922602800076
-0.39997148172132324
-0.92635716776180188
8
-1.4291996457953307
0.95831401127342752
1.8424952429239889
0.24587267533639612
0.71278205846410692
-0.24605160375557897
0.52235887419574079
-0.23570628912866476
8
0.70732133533053509
-0.74087839733332361
1.0544726851377333
-0.93327394718517376
-1.0078984224573226
-0.9955934354885243
-0.99234140045115593
-0.63466669639878626
8
-1.0645530360358708
1.0273868734119127
0.58165915046598005
-0.4483586201718654
-0.59560240694567812
-0.52042199712664561
-0.58703566658337569
-0.4962573396577859
8
-0.75640097145040486
1.5845746279956991
-1.4671994997782845
-0.89751580256728591
-1.0174312783073027
-0.95924152217122216
-1.0027338551657143
0.12143065464213942
8
-0.09900990033475271
-0.58891810062865546
-1.0731882208851566
-0.54778370520696817
-0.53602205788330171
-0.68660217229145559
-0.38178468597084592
-0.39183290255101877
8
-1.1159117134667782
1.0596208757432062
0.66046140624460559
0.13947039135146155
-0.0069485582093995893
-0.096316341758119886
-0.0076563162467410623
-0.1552806815266406
8
1.3082178612721862
-1.4085827313386883
-0.91558370932790556
-0.045861455753444948
0.33861746635238332
0.021394615650287233
0.43662112280063342
-0.68073156377030597
8
0.82544629342163078
-0.83758040432720426
0.58165915046598005
-0.59444372318396821
-0.30008387559629129
-0.68573665054580557
-0.79228664719590536
0.6854836809885122
8
-1.2751236135026012
0.7741197122374659
0.58165915046598005
-0.47016236689008972
-0.73621203073288632
-0.69871947673055634
-0.71953946419399606
1.3903083649667325
8
-0.11441750356402638
0.51164283611121952
-0.9943859651065311
-0.38643597949210845
-0.70523024922045063
-0.49791843173974421
-0.62340925808433023
0.93062608707051653
8
1.1592776967225431
-0.75469296976102129
1.8424952429239889
-1.172243011216912
-1.3367819492816402
-1.2137049153923376
-1.3248999513170268
0.17066315275365909
8
-1.0902323747513245
0.5622962683461088
-0.36396791887752666
0.56159092781628395
0.74138062601404764
0.69390501202037791
0.87570233449072865
-0.36208938678898867
8
-1.1878138618700529
1.2300006023514736
-0.28516566309890112
-1.1146811198807998
-1.243836604744333
-1.204184176190187
-1.2313678588860006
-1.4959401257390215
8
-1.1980855973562328
0.60834484310510006
-0.91558370932790556
-0.60839812108363178
-0.87443844055759945
-0.82335460810416394
-0.88581873962693158
0.43910643580447417
8
0.6354191869272604
-0.70864439500203014
-0.20636340732027555
0.26462389751406901
0.59123814637685912
0.1183330511630931
0.64187210341316314
-0.24456491746934175
8
-1.357297497392056
0.94910429632163129
1.8424952429239889
-0.43920104655021119
-0.45975921108345996
-0.51090125792449503
-0.42335450482907977
0.19305132256009688
8
0.78435935147690339
-0.75008811228512318
0.66046140624460559
0.067954102115685866
0.21230712634014545
0.4455002710188129
0.28593052943953567
-0.67869139481911978
8
-0.11955337130712003
0.34126310950295552
-0.75797919777065448
-0.13045999302015521
-0.25718602427138032
-0.04005742829086649
-0.14795445489328038
-0.73001775053843576
8
-0.02710775193148534
0.28139996231626663
-0.20636340732027555
-0.93589039679136066
-1.069861985482194
-1.0336763922971266
-1.0650885834530652
-1.0992883307031371
8
0.73300067404598879
-0.86520954918259962
0.50285689468735439
0.43556527178494747
0.10267928406537292
-0.1361303420580223
0.14823050447163597
1.8267434545507477
8
0.78435935147690339
-0.7362735398574255
1.6060884755881122
0.27421754607008769
-0.111809972559182
-0.12574408111022167
-0.08040349924865034
1.5563673798619668
8
1.1849570354380041
-0.84679011927900372
-1.0731882208851566
-0.83384886215007092
-1.0293473481197781
-0.88480665204531761
-1.018322537237552
0.53977266694852988
8
-0.85911832631222684
1.0688305906950057
-1.3883972439996588
0.055744003953480267
0.20039105652767017
-0.050443689238667114
-0.002460088889461828
-0.69909308433098194
8
0.76381588050453608
-0.75929782723691941
0.81806591780185667
-0.15182766480401502
-0.30008387559629129
-0.18719612505137539
-0.27006579778934237
-0.011502459124624118
8
0.6302833191841668
-0.76850754218871897
1.0544726851377333
-0.62802149313003364
-0.94355164546995607
-0.90211708695831871
-0.87282817123373346
4.8540857348280095
8
-0.96183568117404883
1.2990734644899586
0.66046140624460559
0.39413815302032129
0.27188747540252184
0.039570572308938332
0.34049091669096759
-0.15248887138291217
8
-1.3881127038506031
1.0412014458396104
-0.75797919777065448
1.0521752289763304
1.8233597649868025
0.9397131877849928
1.6603326654398931
-0.26555718220391544
8
1.3287613322445462
-1.4085827313386883
-1.6248040113355355
2.6460291140785266
1.9806518865114759
1.4685469743771749
1.3849326155040935
0.21925138698585639
8
-1.3213464231904222
1.0734354481709039
0.1876478715728522
0.12682421825489146
-0.16662389369656824
-0.19585134250787592
-0.10118840867776727
0.96375198819898711
8
-0.95669981343095511
1.3128880369176563
1.0544726851377333
-0.80157931700709895
-0.7886427379077775
-0.82768221683241416
-0.76630551040950923
-1.3560811752695467
8
-0.69990642627640376
0.89845086408673858
0.81806591780185667
-0.43178777266601498
-0.57415348128322263
-0.54638764949614715
-0.58183943922609638
-0.65141755726115713
8
1.3030819935290925
-1.1967592874473312
0.26645012735147777
-0.44705039536877195
-0.59321919298318304
-0.49445634475714401
-0.62340925808433023
-0.3566131438147519
8
0.98979406120054014
-0.75929782723691941
-0.28516566309890112
-0.29834884275048229
0.093146428215392707
0.69996366423992828
0.098866344577483237
-0.80652408620791805
8
0.64569092241344039
-0.70403953752613191
0.50285689468735439
0.091938223505732594
0.53404101127697778
0.55715257620766967
0.57172303408989356
-0.47478187701372071
8
-0.93102047471550153
1.2806540345863628
0.1876478715728522
0.67976723502905956
0.51974172750200753
0.5372455760577185
0.63667587605588394
-0.22512962377646273
8
1.2209081096396379
-1.3441147266761011
1.1332749409163589
-0.79896286740091205
-0.78625952394528253
-0.86922726062361666
-0.83385646605413921
-1.0580017537699216
8
-1.3675692328782432
1.0181771584601165
0.58165915046598005
-0.56173810310663175
-0.79817559375775771
-0.77401986860211092
-0.75851116937359031
1.1773254641942157
8
0.91275604505417907
-0.84218526180310238
-1.1519904766637823
0.87861740509926511
0.26473783351503666
0.58484927206847137
0.39505130394239957
1.9106051361758223
8
0.075609602930336667
0.59453027067740238
-0.9943859651065311
0.072314851459330726
-0.045079981609320467
0.004084180737286185
-0.044029907747695697
-0.34013072623543189
8
-1.4651507199969716
0.92147515146623582
0.81806591780185667
0.38236412979248019
0.14796034935277896
0.094098442284891629
0.2313701421881037
0.70212716453766255
8
1.1592776967225431
-1.1553155701642381
-0.75797919777065448
-0.78936921884489342
-0.60275204883316325
-0.5342703450570464
-0.53767150668922292
-1.1679024338509252
8
-0.5355586584974944
-0.1882955002254387
0.26645012735147777
0.63834011626443343
0.99161809207602836
0.73285349057463034
1.1173269066042131
-0.85398485865130214
8
1.3082178612721862
-1.3533244416278976
-0.28516566309890112
0.51144231036436805
0.66511777921420578
0.1018881379957421
0.62628342134132542
-0.55263042909845705
8
0.73813654178908239
-0.79613668704411444
0.89686817358048221
-0.76974584679849156
-0.70999667714544068
-0.17767538584922482
-0.69615644108623953
-0.52922217481642597
8
0.6200115836979867
-0.69943468005023379
0.34525238313010331
0.23845940145219985
0.61983671392679984
0.70861888169642884
0.67564758123547819
-0.63923023221065012
8
1.2671309193274589
-0.75008811228512318
-1.5460017555569101
1.1197668438028259
1.0083005898134938
1.0106859709282972
1.0367853825663849
0.37736448070278661
8
-1.0080584908618697
0.60373998562920195
-1.1519904766637823
1.5772094499511715
1.6898997830870794
1.9402563257564533
1.8136213724796304
0.33081641542177548
8
0.93843538376963276
-0.95730669870057883
-1.0731882208851566
0.21709172966834003
-0.28340137785882591
-0.14997868998842315
-0.28565447986118009
3.9219432787623592
8
0.6816419966150814
-0.90204840898979133
1.5272862198094868
-0.3402120364494729
-0.43831028542100448
-0.31529334340758314
-0.37918657229220626
0.43910643580447417
8
0.97952232571436015
-0.75008811228512318
0.42405463890872891
0.0016707120922840159
-0.18807281935902376
0.25854757395840161
-0.077805385570010724
-0.30013267706086044
8
0.6816419966150814
-0.78232211461641665
1.5272862198094868
0.64488124027990068
1.2513884139879894
1.588854497022532
1.0991401108537358
-1.0157487810177233
8
-0.088738164848572706
0.46559426135222826
-1.0731882208851566
-0.36201578316769722
-0.36443065258365781
-0.068619645897318213
-0.39217714068540438
-1.4817663203939382
8
0.96411472248508645
-0.80995125947180879
-1.2307927324424077
-0.76494902252048214
-1.0555627017072238
-0.95058630471472161
-1.0572942424171463
2.0277000962425875
8
0.69191373210126139
-0.84218526180310238
-0.75797919777065448
0.0086479110421157895
0.2504385497400663
0.5060867932143166
0.16901541390075289
-0.61490927076624624
8
-1.1980855973562328
0.75109542485797187
0.42405463890872891
-0.55694127882862243
-0.64564990015807422
-0.62601565009595195
-0.64939039487072647
-0.19844636144121167
8
0.74327240953216878
-0.75929782723691941
1.29087945247361
-0.78675276923870652
-0.81485809149522315
-0.49272530126584391
-0.86763194387645426
-0.68567092017844122
8
0.77408761599071607
-0.82837068937540792
0.50285689468735439
-0.92368029862915502
-1.0674787715196989
-0.93587243503867068
-1.0443036740239482
-0.0082811397280142147
8
-1.4343355135384241
0.87082171923134644
0.42405463890872891
0.35925215827116247
-0.011714986134389699
0.068998311661040118
0.096268230898843621
1.1119863690996474
8
1.0154733999159937
-0.98493584355597419
-1.8612107786714123
-0.32276903907489346
-0.16662389369656824
-0.23999295153602859
-0.20771106950199156
0.29371755370415253
8
1.1284624902639959
-0.80995125947180879
0.58165915046598005
-0.19805160784665052
-0.30008387559629129
-0.032267732580016015
-0.31423373032621588
0.13179256536790104
8
1.1592776967225431
-1.1599204276401396
-0.83678145354928002
-0.7688736969297626
-0.44784314127098473
-0.70304708545880656
-0.62340925808433023
-0.99373643180755655
8
-1.4754224554831517
1.013572300984215
0.1876478715728522
1.8589138575506294
1.6970494249745645
1.1188761891345536
1.9253402606611338
0.90088257130848637
8
0.94357125151271914
-0.77771725714051532
-1.8612107786714123
6.9561937653371047
5.462527485716751
6.8936372761117033
5.8484919154069548
1.406361273293171
8
-1.2597160102733276
1.0273868734119127
1.2120771966949844
-0.24122302634873463
-0.50742349033336109
-0.44944921398334126
-0.41556016379316091
0.49279509241463704
8
0.70218546758744138
-0.67641039267073655
0.50285689468735439
-0.11040054603938886
-0.36204743862116273
-0.20450655996437644
-0.31163561664757622
1.0207156528623704
8
-0.88479766502768054
1.1839520275924822
-0.91558370932790556
0.0077757611733868187
-0.030780697834350137
0.45328996672966337
0.010530479503736256
-0.31339377524357082
8
0.88707670633871816
-0.95730669870057883
0.26645012735147777
0.35663570866497551
-0.1165764004841721
-0.070350689388618326
0.028717275254213574
1.2538854885203081
8
-0.5509662617267681
1.372751184104342
-1.2307927324424077
0.76480184723013434
0.59838778826434436
0.54590079351421894
0.54054566994621811
0.14161758952756087
8
1.2209081096396379
-0.71324925247793147
0.66046140624460559
-0.44879469510622988
-0.69569739337047043
-0.62168804136770173
-0.65458662222800568
-0.047420170396823155
8
-1.1775421263838728
1.0642257332191076
-0.9943859651065311
-0.39166887870448225
-0.51218991825835114
-0.1508442117340732
-0.48830734679507021
0.2145267852041621
8
-0.021971884188391685
0.29521453474396431
-1.4671994997782845
-0.7187250794778467
-0.96738378509490663
-0.85884099967581606
-0.95596780895020128
0.60994374113801297
8
-1.3059388199611486
0.93989458136983173
0.73926366202323113
-0.76146042304556627
-0.30008387559629129
-0.63207430231550232
-0.69355832740759993
-1.1744524499573652
8
-1.1878138618700529
0.74649056738207054
0.66046140624460559
-0.399518227523043
-0.57415348128322263
-0.5342703450570464
-0.46232621000867402
0.50621725656717798
8
-0.032243619674571691
0.49782826368352179
-1.2307927324424077
-0.43702067187838878
-0.61228490468314345
-0.40617312670083866
-0.55066207508242104
-0.020092644182250208
8
-0.99778675537568251
1.5891794854715973
-0.83678145354928002
-0.48237246505229531
-0.48359135070841053
-0.6000499977264504
-0.50909225622418708
-0.37808860645881714
8
0.94357125151271914
-0.91125812394159089
-2.0188152902286634
2.3992107012282275
2.0021008121739317
1.6061649319355331
1.9331346016970528
1.8255623041053239
8
0.7689517482476298
-0.86520954918259962
1.2120771966949844
-0.4483586201718654
-0.56462062543324243
-0.58533612805039947
-0.47271866472323248
0.26016214332280063
8
-0.94129221020168152
1.3313074668212521
0.030043360015601105
-0.33149053776218318
-0.076061763121756179
-0.55331182346134755
-0.093394067641848419
-0.98697166107467593
8
-0.58691733592840178
0.78793428466516358
-0.12756115154165001
-0.78021164522323916
-0.82439094734520335
-0.49705290999409413
-0.74032437362311299
-0.79127650773063174
8
0.55838117078089211
-0.69943468005023379
0.34525238313010331
-0.23250152766144491
-0.27863494993383581
-0.19065821203397559
-0.27786013882526123
0.17436767005976028
8
-1.3521616296489696
0.96291886874932564
-0.67917694199202894
-0.15924093868821126
0.49829280183955199
0.17026435590209624
0.38985507658512031
-1.1350986646621157
8
0.88194083859563177
-0.95730669870057883
0.26645012735147777
-0.36506830770824861
-0.40494528994607371
-0.44685264874639113
-0.28045825250390083
-0.58022639859608094
8
-1.2597160102733276
0.9168702939903377
0.26645012735147777
-0.0087950863324636457
-0.29293423370880617
-0.26509308215988009
-0.30124316193301776
0.77449947364816252
8
0.7278648063029024
-0.76390268471282086
-0.048758895763024453
-0.77977557028887468
-0.50742349033336109
0.019663572158987126
-0.47012055104459288
-1.0093598308811138
8
0.6148757159548931
-0.7731123996646172
0.81806591780185667
-0.43832889668148223
-0.33583208503371714
-0.52561512760054585
-0.36099977654172899
-0.30942081465441867
8
0.73813654178908239
-0.86981440665849774
-0.75797919777065448
0.093682523243190541
0.77474562148897841
0.39097240104285963
0.85491742506161172
-0.13691916096596496
8
-1.4548789845107843
0.95370915379752941
1.4484839640308611
-0.46056871833407104
-0.45499278315846986
-0.5411945190222468
-0.39217714068540438
0.79108926854070283
8
-0.29417287457221675
-0.5060306660624726
-1.0731882208851566
0.095862897915012971
0.28618675917749214
-0.098912906995070049
0.23656636954538293
0.027421816917744195
8
0.67137026112890141
-0.78232211461641665
1.8424952429239889
0.15952983833222792
0.17894213086521468
0.03091535485243781
0.14303427711435673
-0.61227852659234816
8
-1.1159117134667782
1.0550160182673081
0.42405463890872891
-7.3587645173927668e-05
-0.22620424275894463
-0.12660960285587172
-0.17393559167967654
-0.14513352542731983
8
-0.042515355160751708
-0.58891810062865546
1.4484839640308611
-0.50853696111416447
-0.36443065258365781
-0.58187404106779927
-0.3687941175776478
-0.62505642686556706
8
0.56865290626707943
-0.65799096276714075
0.34525238313010331
-0.33279876256527668
-0.71237989110793576
-0.5723533018656487
-0.62081114440569063
2.1540831939029115
8
-1.2751236135026012
1.8931000788809367
-0.12756115154165001
-0.72962695283695878
-0.84822308697015392
-0.82595117334111401
-0.85204326180461654
-0.63466669639878626
8
-1.3624333651351495
0.96291886874932564
1.8424952429239889
-1.1521835642361455
-1.2843512421067489
-1.1003215667121806
-1.2781339051015137
-1.6413290078393428
8
0.70732133533053509
-0.681015250146638
0.97567042935910775
-0.3310544628278187
-0.17615674954654847
-0.26422756041423007
-0.17393559167967654
0.32276311693025073
8
-0.83343898759677315
1.0872500205986018
-0.048758895763024453
-0.27698117096662245
-0.35251458277118253
-0.25557234295772951
-0.35060732182717047
-0.40155054939745832
8
-1.3829768361075097
2.5792238427898972
1.29087945247361
-0.5865943743654074
-0.6575659699705495
-0.81469939064766339
-0.71953946419399606
-1.4042935889054731
8
-1.2083573328424202
0.76030513980976822
0.34525238313010331
-0.50417621177051963
-0.70999667714544068
-0.5654291279004483
-0.672773417978483
1.0194271251037261
8
-1.6038191490604272
1.2530248897309675
0.58165915046598005
-0.49676293788632336
-0.53602205788330171
-0.32567960435538379
-0.55066207508242104
-0.61227852659234816
8
0.6765061288719878
-0.71324925247793147
0.73926366202323113
-0.17057888698168791
0.22660641011511576
-0.12574408111022167
0.054698412040609747
-0.31994379135001066
8
0.79976695470617709
-0.82837068937540792
0.030043360015601105
-0.15313588960710847
0.00020108367808557444
0.44636579276446298
0.057296525719249362
-0.32826553312458584
8
-1.1980855973562328
0.86161200427954687
-1.0731882208851566
0.36492113241790075
0.064547860665452053
0.27239592188880241
0.085875776184285144
1.0265677164328779
8
0.6354191869272604
-0.86060469170669818
-0.9943859651065311
-0.11606952018612718
0.004967511603075684
-0.43040773557904011
0.0079323658250966388
0.71399235764850866
8
-0.4431130391218524
0.71425656505077695
-0.048758895763024453
-0.25256097464221128
-0.36681386654615283
-0.15517182046232345
-0.38438279964948552
-1.027184464875688
8
0.7689517482476298
-0.72245896742972782
0.030043360015601105
0.35794393346806896
1.1060123622757909
0.16939883415644619
1.1407099297119696
-0.29143511469001404
8
0.84085389665090438
-0.84679011927900372
0.42405463890872891
-0.65374991425753826
-0.62658418845811381
-0.5134978231614451
-0.61041868969113222
-0.11657116011071314
8
-0.011700148702211671
0.41954568659323704
-1.7824085228927866
-0.35198605967731406
-0.35251458277118253
-0.10237499397767026
-0.29085070721845929
-1.152386412090588
8
-1.1210475812098719
0.73728085243027419
-1.1519904766637823
-0.0031261121857253287
0.019266795378046011
-0.30577260420543256
0.065090866755168217
-0.35913651067542968
8
0.59433224498253312
-0.78692697209231488
1.0544726851377333
-0.63979551635787468
-0.64088347223308417
-0.76882673812821056
-0.55585830243970025
-0.36332422589102237
8
-0.11441750356402638
-0.56589381324916155
-0.4427701746561522
-0.35896325862714579
-0.69808060733296551
-0.63899847628070272
-0.672773417978483
1.3376934814887727
8
-0.97724328440332253
1.285258892062261
-0.91558370932790556
0.15211656444803165
-0.22143781483395453
-0.084199037319019163
-0.08040349924865034
1.4278904245938466
8
-0.94642807794477513
1.2990734644899586
1.2120771966949844
-0.95725806857522044
-1.0102816364198177
-0.82768221683241416
-1.0417055603453087
-1.3113585243132808
8
0.64569092241344039
-0.75008811228512318
-0.52157243043477775
0.11766664463323727
0.87722382187626569
-0.20623760345567654
0.75359099159466669
-0.31795731105543451
8
-0.88993353277077414
1.3174928943935544
-0.20636340732027555
-0.41216440061961307
-0.77672666809530222
-0.7004505202218565
-0.75591305569495071
0.98860983620949283
8
0.70218546758744138
-0.84218526180310238
0.89686817358048221
-0.96772386699996815
-1.1151430507696001
-0.98001404406682335
-1.1196489707044972
-0.38114885988559644
8
0.60460398046871311
-0.58431324315275734
-0.9943859651065311
4.6519738121551608
4.7761618645181754
4.818981651788528
4.9729276057054044
0.47191020499328362
8
0.6816419966150814
-0.75929782723691941
0.34525238313010331
-0.13133214288888417
1.6994326389370595
2.115091718377764
1.4498854574700841
-0.95239616621773104
8
0.78949521921998977
-0.75008811228512318
0.42405463890872891
-0.5342653822416692
-0.44307671334599458
-0.41223177892038904
-0.49350357415234941
-0.59971538094556998
8
-1.2032214650993265
0.70044199262307927
-0.52157243043477775
0.018677634532498967
-0.111809972559182
-0.14824764649712305
-0.025843111997218379
0.42917403433159379
8
1.3184895967583661
-0.78692697209231488
0.34525238313010331
-0.50722873631107102
-0.58130312317070776
-0.50484260570494466
-0.63380171279888875
-0.68261066675166182
8
-0.92588460697241515
1.3128880369176563
1.3696817082522355
-0.62017214431147283
-0.77672666809530222
-0.87442039109751701
-0.72993191890855458
-0.38297427421034202
8
0.85626149988017808
-0.81916097442360836
0.030043360015601105
-0.18409720994698697
-0.11419318652167705
-0.16209599442752387
-0.064814817176812631
-0.016710258815809953
8
0.69191373210126139
-0.79613668704411444
-0.75797919777065448
-0.80899259089129527
-0.61228490468314345
-0.63726743278940268
-0.64679228119208687
-1.5173618997264764
8
-0.42770543589257876
-0.48300637868297863
-1.8612107786714123
0.072314851459330726
0.31478532672743281
-0.13872690729497247
0.23916448322402253
-0.42898545292525153
8
0.56351703852398571
-0.61194238800814948
-0.83678145354928002
-0.19630730810919259
0.088380000290402605
0.72939140359203014
0.18460409597259059
-0.31146098360560487
8
0.21941389973688602
-0.67180553519483843
-0.28516566309890112
-1.1090121457340616
-1.2176212511568874
-1.1444631757403334
-1.2547508819937572
0.043904234497064216
8
-0.87452592954150044
1.0688305906950057
-0.75797919777065448
-0.44923077004059442
-0.66471561185803474
-0.48147351857239323
-0.61821303072705103
0.59641419967225195
8
-0.90020526825695413
1.3681463266284439
0.50285689468735439
-0.51158948565471585
-0.66709882582052971
-0.52042199712664561
-0.64679228119208687
-0.71015294759267544
8
-1.4600148522538778
0.94910429632163129
1.8424952429239889
-0.21680283002432341
-0.30246708955878637
-0.36376256116398609
-0.38698091332812512
0.19133328554857185
8
0.81517455793544347
-0.84679011927900372
-0.91558370932790556
-0.16578206270367857
-0.41447814579605397
-0.065157558914718
-0.42075639115044017
1.3378545474586034
8
0.81003869019235708
-0.791531829568213
0.73926366202323113
-0.48804143919903364
-0.30008387559629129
-0.49878395348539423
-0.43894318690091749
-0.039903758471400208
8
0.7689517482476298
-0.89283869403799176
0.66046140624460559
0.70942033056584464
0.84862525432632507
0.17199539939339634
0.88869290288392677
0.80397454612714192
8
0.7278648063029024
-0.75469296976102129
1.0544726851377333
-0.80070716713836998
-0.60036883487066817
-0.13007168983847195
-0.5272790519746644
-1.003776210593657
8
-1.3008029522180549
0.9168702939903377
0.58165915046598005
-0.21767497989305237
-0.42639421560852919
-0.22441356011432764
-0.38178468597084592
0.64274751032682242
8
-0.92074873922932143
1.34512203924895
1.0544726851377333
-0.22726862844907109
-0.080828191046746281
-0.22441356011432764
-0.049226135104974936
-1.0017897302990808
8
1.0154733999159937
-1.0401941332667617
-1.0731882208851566
2.0625608518988443
1.6803669272370991
1.3594912344252683
1.7954345767291531
0.90351331548238445
8
1.3338971999876399
-1.3625341565796971
-0.36396791887752666
2.2417876499226481
2.5859882329852195
2.1081675444125634
2.6190366128579115
-0.38517550913135862
8
-1.1929497296131466
0.83398285942415484
0.34525238313010331
0.54763652991662037
0.4625445924021262
1.0894484497824519
0.61589096662676701
0.76435231754884192
8
-0.73072163273495117
1.6122037728510945
1.1332749409163589
-0.64284804089842618
-0.70761346318294571
-0.73680243353915864
-0.69096021372896033
-0.68298648734793288
8
-0.74099336822113115
1.5845746279956991
-1.0731882208851566
1.7834728939055733
1.7852283415868815
1.3326600603101166
2.0578440582717543
-0.71648820907267474
8
0.6200115836979867
-0.66720067771894032
-0.20636340732027555
-0.41434477529143554
-0.1165764004841721
0.96914092713709465
-0.10898274971368613
-0.91320344689231203
8
1.2157722418965442
-1.3164855818207057
0.10884561579422666
0.39849890236396618
-0.16900710765906332
-0.41915595288558943
-0.1661412506437577
2.3785554671900027
8
-1.3316181586766023
0.95831401127342752
1.6060884755881122
-0.39777392778558507
-0.28578459182132099
-0.22614460360562774
-0.26486957043206316
-0.70177751716148995
8
-0.11441750356402638
0.47940883377992594
-0.36396791887752666
-0.69561310795652898
-0.77434345413280725
-0.73939899877610882
-0.7429224873017527
-0.53029594794862933
8
-1.2237649360716938
0.84319257437595108
0.26645012735147777
-0.072462026749678582
-0.3906460061711034
-0.28932769103808159
-0.34021486711261201
0.64043889809258547
8
0.56351703852398571
-0.66259582024303887
0.26645012735147777
-0.35198605967731406
-0.6480331141205693
-0.44512160525509098
-0.55066207508242104
0.84697916007188245
8
0.86139736762326446
-0.76850754218871897
-0.12756115154165001
-0.055891179243828124
0.65796813732672066
0.72160170788117961
0.58211548880445196
-0.82311388110045836
8
0.62514745144108042
-0.791531829568213
0.81806591780185667
0.12028309423942418
0.60077100222683932
1.5144196268966277
0.65226455812772166
-1.4005353829427616
8
0.93329951602653916
-0.84218526180310238
-0.75797919777065448
0.10022364725865783
-0.15947425180908309
-0.027940123851765752
-0.17393559167967654
0.81970532251391981
8
-1.2083573328424202
0.74649056738207054
0.50285689468735439
-0.36245185810206171
-0.58130312317070776
-0.47628038809849288
-0.55326018876106065
1.1540782758820149
8
-0.032243619674571691
0.49782826368352179
-1.8612107786714123
-0.054582954440734667
-0.22382102879644958
0.023991180887237389
-0.11677709074960498
0.1568651680048474
8
0.92302778054035906
-0.80074154452001256
-1.3883972439996588
8.1959548037353382
5.9773017016156826
7.1048245820503162
6.1420787610932317
1.7318755983205893
8
-1.8657484039580723
2.8324910039643441
-0.28516566309890112
-0.17188711178478136
-0.090361046896726499
-0.29884843024023217
-0.26486957043206316
-0.58248132217370774
8
1.2671309193274589
-1.3625341565796971
-0.75797919777065448
1.173840135664022
2.4382289673105264
0.8947060570111901
2.4891309289259307
-0.48100976118049965
8
-1.3778409683644233
2.1832060998625784
-0.28516566309890112
-0.061996228324930923
-0.030780697834350137
0.063805181187139806
0.059894639397888978
-0.95835560710145906
8
-0.43797717137876607
1.8746806489773409
-1.3883972439996588
-0.97034031660615505
-1.1103766228446099
-1.08906978401873
-1.1430319938122537
-0.76888833792419375
8
0.80490282244926348
-0.86060469170669818
-0.67917694199202894
1.2667240966836575
1.5755055128873168
2.0588328049105105
1.7382760757990816
0.13265158387366358
8
0.73300067404598879
-0.73166868238152738
1.8424952429239889
-0.5050483616392486
-0.34298172692120232
-0.00024342799096407723
-0.31163561664757622
-0.25476576222527281
8
0.70218546758744138
-0.83758040432720426
0.58165915046598005
-0.79154959351671583
-0.96500057113241156
-0.74372660750435904
-0.87023005755509386
-0.12800684396867767
8
0.87166910310944445
-0.94809698374878248
-0.12756115154165001
-0.63456261714550088
-0.3906460061711034
-0.34558660450533496
-0.38957902700676478
-0.56755587563608245
8
1.2722667870705451
-1.339509869200203
0.97567042935910775
-0.57787287567811774
-0.73621203073288632
-0.33952795228578464
-0.69355832740759993
-0.77812278686114178
8
0.65082679015653411
-0.7731123996646172
0.89686817358048221
-0.18104468540643556
0.21707355426513555
0.33298244408430611
0.22877202850946407
-1.0606324979438198
8
-0.73072163273495117
1.4786629060500223
0.42405463890872891
-0.25910209865767853
-0.47167528089593524
-0.48753217079194355
-0.38438279964948552
-0.27114080249137251
8
-1.4548789845107843
0.95370915379752941
1.8424952429239889
-0.29965706755357574
-0.042696767646825409
-0.053905776221267326
-0.041431794069056081
-0.30469621287272436
8
0.65596265789962771
-0.75469296976102129
1.5272862198094868
-0.80594006635074389
-0.75051131450785669
-0.88999978251921796
-0.76370739673086963
-0.10524285356596867
8
-1.2648518780164213
0.92147515146623582
0.50285689468735439
-0.032779207722510369
-0.43592707145850945
-0.32567960435538379
-0.41296205011452131
0.72086450569460969
8
0.76381588050453608
-0.83297554685130604
0.81806591780185667
-0.59269942344651028
-0.68616453752049023
-0.50138051872234446
-0.61041868969113222
-0.25213501805137473
8
-0.80775964888131946
1.3681463266284439
-1.5460017555569101
-0.23468190233326733
-0.35251458277118253
-0.45377682271159153
-0.40776582275724205
-0.17047457134731683
8
1.2003646386672706
-0.5612889557732601
-2.0188152902286634
2.1589334123933956
2.323834697110764
2.0268085003214584
2.2682912662415635
-0.2255054443727337
8
1.2363157128689115
-0.72706382490562593
-1.4671994997782845
1.4010351764679192
1.8114436951743271
1.5074954529314273
1.6447439833680553
-0.59380962871845222
8
-1.3470257619058759
0.80635371456875937
0.34525238313010331
1.7891418680523117
0.90582238942620641
1.0548275799564497
1.179681634891564
1.772625288687703
8
-1.1775421263838728
1.3174928943935544
-1.4671994997782845
-0.6184278445740149
-0.77196024017031217
-0.48839769253759363
-0.77409985144542803
-1.0063532661109447
8
0.98979406120054014
-1.0309844183149655
-0.6003746862134034
-0.23119330285835143
-0.085594618971736397
-0.033998776071316121
-0.11417897707096536
-0.11576583026156066
8
-1.357297497392056
0.94910429632163129
-0.4427701746561522
1.2824227943207791
1.668450857424624
1.0626172756673002
1.6239590739389385
0.5166865446061597
8
-0.86939006179840683
1.0412014458396104
1.3696817082522355
-0.20415665692775331
-0.34059851295870724
-0.31615886515323322
-0.18952427375151426
-0.25965142997679747
8
0.60973984821180671
-0.69943468005023379
0.66046140624460559
-0.53295715743857563
-0.53840527184579678
-0.41482834415733916
-0.46492432368731362
0.64043889809258547
8
-0.063058826133119028
0.47940883377992594
1.6060884755881122
-0.1775560859315197
-0.26195245219637042
-0.1491131682427731
-0.12716954546416345
-0.69581807627776193
8
0.6610985256427141
-0.77771725714051532
1.6848907313667378
-0.68296693485995885
-0.73621203073288632
-0.6727538243610548
-0.69096021372896033
-0.35591519127881976
8
1.3030819935290925
-1.3349050117243015
-1.7036062671141612
1.4660103416882275
1.4658776706125443
1.0799277105803013
1.335568455609941
0.94501464704204052
8
0.88194083859563177
-0.94809698374878248
-1.1519904766637823
-0.06112407845620195
0.45062852258965092
0.10535022497834232
0.46000414590839001
0.12594050179739311
8
-1.1364551844391455
0.7188614225266784
-0.9943859651065311
-0.13482074236380007
-0.43592707145850945
-0.14651660300582292
-0.42335450482907977
0.90888218114340058
8
-1.0029226231187762
1.5891794854715973
0.34525238313010331
-0.36681260744570654
-0.45737599712096494
-0.49705290999409413
-0.36619600389900819
-0.91057270271841395
8
2.1864512453407485
-1.3349050117243015
0.26645012735147777
-0.87091523157105222
-0.90303700810754017
-0.72641617259135804
-0.92738855848516544
-1.0988588214502557
8
1.2876743902998189
-0.57510352820095778
-0.91558370932790556
-0.49065788880522054
-0.58130312317070776
-0.6035120847090506
-0.58703566658337569
-0.60368834153472206
8
-1.2853953489887813
0.80635371456875937
0.1876478715728522
-0.21418638041813651
0.0073507255655707385
0.21527148667589896
-0.038833680390416465
-0.29148880334662408
8
-0.10414576807784637
0.38270682678604534
0.1876478715728522
-0.43876497161584671
-0.5670038393957374
-0.41829043113993936
-0.6026243486552133
-0.69061027658657614
8
0.76381588050453608
-0.85139497675490194
1.2120771966949844
-0.63761514168605227
-0.80055880772025279
-0.79998552097161246
-0.81307155662502228
0.56887191883123811
8
1.6317775290869185
-0.88823383656209354
-0.9943859651065311
1.085752998922396
1.0059173758509987
-0.24691712550122902
0.29372487047545448
-0.38721567808254481
8
-1.3470257619058759
0.95831401127342752
1.7636929871453633
-1.1177336444213513
-1.2557526745568082
-1.0682972621231288
-1.2235735178500817
-0.91653214360214197
8
-1.2648518780164213
0.78793428466516358
-0.4427701746561522
0.93138247215736791
1.6231697921372179
1.0704069713781508
1.6551364380826137
-0.0036639152595402263
8
-1.3008029522180549
0.8109585720446576
0.34525238313010331
0.4137615250667232
0.67226742110169102
1.4096914956729714
0.84712308402569292
-0.62092240030658452
8
-0.85911832631222684
1.3635414691525458
-0.4427701746561522
-0.25866602372331404
-0.54793812769577699
-0.38107299607698714
-0.45972809633003442
0.21291612550585762
8
0.56351703852398571
-0.71324925247793147
0.26645012735147777
0.35576355879624655
0.4577781644771361
0.13910557305869437
0.58211548880445196
-0.10363219386766373
8
0.3015877836263407
-0.15606149789414517
1.3696817082522355
-0.48019209038047289
-0.55270455562076715
-0.64765369373720327
-0.5948300076192945
-0.87261482249502875
8
-1.5473246038864263
2.7265792820186672
-0.75797919777065448
-0.0070507865950057017
-0.2166713869089644
-0.30663812595108264
-0.24928088836022544
-0.37631688079068182
8
-1.4394713812815179
0.92608000894213394
1.5272862198094868
-0.63194616753931399
-0.69093096544548027
-0.58879821503299967
-0.75591305569495071
-0.072600150346989578
8
0.54297356755162574
-0.69482982257433235
0.58165915046598005
-0.078131000896416905
-0.24050352653391496
-0.090257689538569524
-0.21030918318063119
0.40249077199634298
8
-0.29417287457221675
-0.49682095111067304
-1.1519904766637823
-0.039756406672342141
-0.13087568425914242
0.021394615650287233
-0.098590294999127651
0.34617137121228209
8
0.6200115836979867
-0.71324925247793147
-0.28516566309890112
0.013444735320125134
-0.0093317721718946447
-0.22614460360562774
0.049502184683330508
-0.076787865562582311
8
0.69704959984435511
-0.71324925247793147
1.5272862198094868
-0.62671326832694019
-0.75527774243284673
-0.71429886815225729
-0.69096021372896033
0.28813393341669574
8
0.90762017731108546
-0.72245896742972782
0.58165915046598005
0.15647731379167651
0.23137283804010589
0.018798050413337077
0.28073430208225642
-0.33105734326831426
8
-1.0953682424944182
0.90305572156264002
-1.7824085228927866
0.12420776864870454
-0.12372604237165727
-0.20537208171002649
-0.15055256857191998
1.3762419369348695
8
1.2979461257860061
-0.98954070103187231
-1.7824085228927866
-0.37945878054227666
-0.66948203978302478
-0.61649491089380137
-0.72473569155127537
0.30934095277771029
8
0.51729422883616472
-0.70403953752613191
-0.28516566309890112
0.16825133701951764
-0.24288674049641001
-0.19152373377962564
-0.22589786525246888
1.3944423915257149
8
-1.732215842637703
1.2898637495381591
0.34525238313010331
-0.51158948565471585
-0.42877742957102427
-0.60870521518295095
-0.55845641611833985
-0.60911089585234857
8
0.60460398046871311
-0.65799096276714075
0.73926366202323113
-0.52816033316056632
-0.5670038393957374
-0.1378613855493224
-0.48311111943779095
-0.12655725024020331
8
2.5973206647880365
-1.0079601309354682
-0.12756115154165001
-1.1186057942900802
-1.2748183862567688
-1.1643701758902845
-1.2781339051015137
-0.92549814925603935
8
-1.0286019618342299
2.3996344012298336
-0.4427701746561522
-0.3559107340865944
-0.37872993635862812
-0.51090125792449503
-0.45712998265139482
-0.84475040971435422
8
-1.1518627876684191
0.64057884543639365
-0.67917694199202894
-0.35765503382405234
-0.63373383034559894
-0.57494986710259888
-0.58183943922609638
2.0231902490873339
8
1.2414515806120052
-1.3256952967725053
0.58165915046598005
-0.55083622974751956
-0.57653669524571771
-0.56802569313739848
-0.516886597260106
-0.16070323584426704
8
0.69704959984435511
-0.80995125947180879
0.81806591780185667
-0.52728818329183735
-0.50504027637086601
-0.26682412565118019
-0.43894318690091749
-1.3948443853420842
8
-0.80775964888131946
1.372751184104342
-0.20636340732027555
0.14775581510438679
0.088380000290402605
0.12179513814569332
0.17940786861531136
-0.58505837769099556
8
0.86139736762326446
-0.8974435515138931
-0.36396791887752666
0.5310656824107699
0.57693886260188887
1.5005712789662267
0.69903060434323472
0.29210689400584805
8
1.2363157128689115
-0.94349212627288437
-1.3095949882210334
-0.37902270560791218
-0.50980670429585617
-0.39405582226173791
-0.5272790519746644
-0.36622341334797109
8
0.79463108696308338
-0.88823383656209354
0.42405463890872891
-0.19674338304355707
-0.53125562995831166
-0.35597286545313561
-0.46752243736595328
0.95006138076339552
8
-1.3316181586766023
0.95831401127342752
0.66046140624460559
-0.17232318671914584
0.009733939528065793
0.12612274687394356
-0.0076563162467410623
-0.89000994723672155
8
-1.1878138618700529
0.73728085243027419
-1.8612107786714123
-0.16316561309749164
0.019266795378046011
-0.31183125642498294
-0.062216703498173015
0.78228432885663612
8
0.68677786435816779
-0.90204840898979133
0.66046140624460559
-0.61886391950837938
-0.66233239789553966
-0.60264656296340058
-0.62600737176296994
-0.59273585558624886
8
0.6816419966150814
-0.87441926413439586
-0.91558370932790556
1.2235526781815735
1.1870416370006229
1.337853190784017
1.3303722282526618
0.81331637237731047
8
-1.5832756780880599
1.4740580485741208
-0.67917694199202894
-1.1761676856261924
-1.3153330236191847
-1.1842771760402357
-1.3404886333888646
-1.305774904025824
8
0.75868001276144248
-0.79613668704411444
0.66046140624460559
-0.67773403564758505
-0.66709882582052971
-0.12314751587327152
-0.64939039487072647
-0.80915483038181613
8
-1.4446072490246042
0.89384600661084046
0.73926366202323113
1.1071206707062557
1.0440487992509195
1.0669448843955505
1.2238495674284373
0.088626885453329973
8
0.368354064286529
-0.2021100726531331
0.030043360015601105
-0.58310577489049153
-0.60275204883316325
-0.10237499397767026
-0.57144698451153797
-0.92077354747434503
8
0.22968563522306604
-0.66720067771894032
-0.52157243043477775
-0.17624786112842622
-0.50265706240837094
-0.14218899427757267
-0.42335450482907977
0.92364656171119541
8
0.85112563213708448
-0.81455611694771024
0.42405463890872891
-0.48237246505229531
-0.73144560280789617
-0.66842621563280458
-0.6701753042998434
0.94152488436237991
8
-1.2083573328424202
0.73728085243027419
-0.048758895763024453
0.48048099002448952
0.14081070746529381
0.36414122692770801
0.35348148508416571
1.3971805130128334
8
-1.4446072490246042
0.96291886874932564
1.8424952429239889
0.22624930328999424
0.39343138748976958
-0.36116599592703591
0.24436071058130179
0.40007478244888556
8
0.65082679015653411
-0.78232211461641665
0.34525238313010331
0.1752285359693494
-0.24765316842140012
-0.21489282091217707
-0.16094502328647847
1.4481310481358782
8
0.85626149988017808
-0.8790241216102973
0.34525238313010331
-0.16403776296622063
-0.41924457372104407
-0.23999295153602859
-0.36099977654172899
0.33172912258414805
8
-1.2340366715578739
0.76490999728566633
-0.9943859651065311
0.28948016877284471
1.4849433823125047
0.014470441685086814
1.3433627966458597
-0.11866501771850939
8
-0.42256956814949242
-0.48761123615887675
-0.12756115154165001
-0.21156993081194958
-0.44784314127098473
-0.22960669058822797
-0.3687941175776478
-0.2613694669883227
8
0.59946811272562672
-0.77771725714051532
1.29087945247361
0.46434621745300353
0.95348666867610743
0.19709553001724786
0.89648724391984558
-0.40777843356423721
8
-1.1467269199253256
0.76030513980976822
0.1876478715728522
-0.49545471308322991
-0.50504027637086601
-0.24518608200992889
-0.4467375279368363
0.36641199475431357
8
0.84085389665090438
-0.91586298141748901
-0.91558370932790556
0.027399133219788683
0.18847498671519489
0.0092773112111864987
0.023521047896934343
0.25790721974517383
8
0.56865290626707943
-0.76850754218871897
1.1332749409163589
-0.24907237516729536
-0.75289452847035176
-0.6069741716916508
-0.70135266844351873
5.3028692154323629
8
0.71759307081671508
-0.71324925247793147
0.1876478715728522
0.1599659132665924
0.028799651228026232
-0.089392167792919475
0.054698412040609747
0.73267601014884565
8
0.65082679015653411
-0.7731123996646172
1.1332749409163589
-0.45708011885915512
-0.45499278315846986
-0.38540060480523741
-0.43374695954363823
-0.91234442838654928
8
0.6610985256427141
-0.78232211461641665
0.66046140624460559
0.67715078542287266
1.2680709117254547
0.414341488175411
1.1095325655682942
-1.08055098954619
8
0.64569092241344039
-0.86060469170669818
-0.12756115154165001
0.22101640407762041
0.083613572365412489
0.094963964030541692
0.078081435148366296
0.84300619948273059
8
1.3647124064461871
-0.90204840898979133
-0.52157243043477775
0.43687349658804092
0.94157059886363215
0.4749280103709147
0.77437590102378362
-1.3439475388756499
8
-0.77180857467967845
1.3589366116766444
-2.0976175460072888
4.195839430809909
2.8052439175347645
2.5755492870635917
2.452757337424976
1.3117081716894539
8
0.70218546758744138
-0.78232211461641665
1.4484839640308611
-0.64066766622660365
-0.58845276505819299
0.14343318178694461
-0.5220828246173852
-1.2338857928248159
8
0.6765061288719878
-0.70864439500203014
-0.36396791887752666
0.074931301065517639
0.82717632866386959
0.91720962239809145
0.90168347127712489
-0.75149321318250095
8
-1.2134932005855066
0.57611084077380659
1.0544726851377333
-0.63805121662041675
-0.70999667714544068
-0.87528591284316704
-0.84684703444733733
0.49660698703395878
8
-0.61773254238694908
0.94910429632163129
-0.67917694199202894
-0.44530609563131401
-0.39779564805858858
-0.34645212625098504
-0.32462618504077434
-1.1442257362858435
8
1.2774026548136388
-1.2934612944412118
-0.9943859651065311
0.20880630591541482
-0.30008387559629129
0.51214544543386697
0.4184343270501561
0.2234927908580594
8
-1.2032214650993265
0.72807113747847463
-0.28516566309890112
0.59211617322179788
0.41249709918973004
0.48877635830131555
0.55873246569669544
0.81728933296646233
8
-1.4600148522538778
0.95370915379752941
1.8424952429239889
-0.20197628225593089
-0.37634672239613309
-0.25643786470337959
-0.26486957043206316
0.13855733610078155
8
-1.1980855973562328
0.75109542485797187
1.0544726851377333
-0.32146081427180001
-0.4001788620210836
-0.45031473572899133
-0.39217714068540438
0.34262791987601104
8
-0.93102047471550153
1.2760491771104614
-1.3095949882210334
0.9553665935474146
1.0488152271759097
1.0028962752174466
0.89388913024120598
-0.58033377590930124
8
-1.4805583232262451
1.0550160182673081
-0.91558370932790556
-0.12609924367651035
-0.080828191046746281
-0.26422756041423007
0.044305957326051276
0.077728088161467007
8
-1.2751236135026012
0.77872456971336401
0.1876478715728522
0.042661755922545688
-0.19045603332151881
-0.28067247358158104
-0.11677709074960498
0.61461465426309725
8
0.91789191279726545
-0.94349212627288437
-1.8612107786714123
-0.45795226872788414
-0.33344887107122206
-0.52388408410924581
-0.32202807136213474
-0.011502459124624118
8
0.68677786435816779
-0.75008811228512318
-0.28516566309890112
-0.12173849433286549
0.6031542161893344
1.0150135796565474
0.61589096662676701
-0.75546617377165304
8
1.2619950515843652
-1.3947681589109906
-0.9943859651065311
1.3766149801435079
2.0354658076488623
-0.5100357361788449
-0.010254429925380679
1.9111957113985341
8
-1.0234660940911435
1.879285506453239
-1.3883972439996588
0.4783006153526671
0.37436567578980917
-0.005436558464864392
0.34308903036960725
-0.68169795958928903
8
0.52243009657925843
-0.67180553519483843
-0.9943859651065311
2.423194822618274
2.230889352573457
2.1124951531408138
2.4033931775308233
0.9148416220271286
8
-1.2289008038147802
0.76490999728566633
-1.6248040113355355
1.2854753188613304
2.1903747152110409
1.5473094532313296
2.0864233087367903
0.25291417468042882
8
0.10128894164579035
0.40573111416554258
-1.0731882208851566
-0.59618802292142614
-0.62896740242060889
-0.16988569013837435
-0.56365264347561905
-1.0953153701139851
8
0.73300067404598879
-0.7731123996646172
1.8424952429239889
-0.93981507120064101
-0.98406628283237207
-0.63380534580680248
-0.91439799009196743
-1.2861785443631144
8
-1.4754224554831517
1.0181771584601165
0.10884561579422666
-0.20415665692775331
-0.50265706240837094
-0.42261803986818963
-0.45453186897275516
0.95859787716441158
8
2.0785980227358403
-1.3349050117243015
-1.8612107786714123
-0.84300643577172518
-1.0174312783073027
-0.86922726062361666
-0.99493951412979553
0.35857345088922948
8
-1.4702865877400579
0.95370915379752941
1.8424952429239889
0.30605101627869519
0.36244960597733389
0.17372644288469646
0.36127582612008452
-0.41840878757304956
320
0.52945448409271989
-0.41455290871642209
0.23843793293176652
1.0459190424802143
-0.64539011133483259
-0.69389286986165821
0.46927513555017702
-0.44509168260368265
-0.13611114680316422
-0.87802371241719968
-0.49269624189852995
1.070170421743627
0.70011233816858764
-0.5043728319142472
0.13245042355833286
0.21239015520439722
-1.2211358190328916
-0.24838605080044562
0.45580214707050326
-0.80347317616300484
-0.60766574359174608
1.624359347874208
-0.18551210456196804
0.16927659206944115
-0.7280244406768317
-1.1151483096594579
-1.2148484244090438
-0.09209938443622992
-0.59688735280800709
-1.0495797657250456
-0.26814643390396714
-0.1253327560194252
0.40101199391982995
-0.24479325387253262
0.65610057580165326
0.27526410144287478
-1.32981792610226
-1.2920935583591735
-0.1145543652356862
-1.0908969303960452
0.61837620805856675
-1.3666440946133682
0.36777862233663466
-1.1582618727944141
2.6025072934908433
0.070474676551833537
2.6025072934908433
0.12167203277459385
0.21957574906022323
0.068678278087877034
-0.90946068553643844
0.13245042355833286
-0.13880574449909899
-0.23760766001670661
0.42346697471928624
-1.0666455511326325
-0.87083811856137372
2.6025072934908433
-0.41275651025246557
-0.71095865526924495
-0.43790608874785664
-0.87802371241719968
-0.71365325296517967
-0.56814497738470304
-0.10826697061183845
2.6025072934908433
-0.81694616464267855
0.46927513555017702
0.070474676551833537
-1.1825132520578268
1.5821439839712301
0.28065329683474433
0.13963601741415888
-0.019345246645991576
-1.2094592290171744
-0.80347317616300484
2.5153729859966329
1.2677742527788423
-0.32652938398255349
-1.0352085780133937
0.31837766457783084
2.6025072934908433
-0.86185612624159114
-0.46215746801126939
0.3372398484493741
-0.11904536139557745
-1.1025735204117624
-0.67053968983022361
-0.34718796631805326
-0.54119900042535551
-0.29599061009529293
-0.90676608784050372
1.0629848278878011
0.90849455998754181
0.70280693586452236
-0.88431110704104743
0.93364413848293293
-0.20437428843351133
0.1926297721008757
-0.23491306232077186
-0.4693430618670954
0.18454597901307143
-0.6687432913662672
0.16478559590954991
2.5396243652600461
0.56717885183580641
-0.73161723760474473
-0.79000018768333102
-1.3693386923093032
1.9459146729224219
-0.27443382852781489
0.38035341158433017
-0.62832432592724585
-0.23670946078472835
1.7501072403511633
-0.13162015064327298
-0.94987965097545979
-0.15946432683459877
2.0734589638633336
0.94621892773062843
0.19622256902878871
1.0710686209756053
-1.1519744781705663
2.1596860901332455
-0.52592961348172518
-0.84119754390609136
-0.76574880841991833
-0.8214371608025699
-1.1241303019792406
0.36688042310465641
-1.1376032904589142
-1.2444889990643262
0.72795651435991338
0.93813513464282416
-0.67053968983022361
-1.2346088075125654
-0.058866012853034631
-0.85556873161774338
0.90579996229160709
0.44053276012687304
-0.66335409597439765
1.1725651341891477
0.71627992434419607
1.7042990795202724
0.044426898824464253
-0.7388028314605708
-0.78820378921937451
0.61927440729054495
1.5210664361967092
-1.0648491526686759
-0.42892409642807411
0.066881879623920532
-0.5160494219299645
-1.2426926006003696
0.69113034584880506
-0.54928279351315978
1.248912068907299
-0.45856467108335641
0.65789697426560978
1.2426246742834512
-1.1429924858507838
-0.4163493071803786
-0.4343132918199436
-1.3675422938453465
-0.6337135213191154
1.1698705364932129
1.2390318773555382
0.058798086536116276
-1.301075550678956
0.80609984754202124
-0.72532984298089698
-0.91395168169632968
-0.20078149150559832
0.53664007794854585
0.2276595421480275
2.1165725269982896
-1.0405977734052632
-0.65077930672670214
-0.15856612760262051
-0.79808398077113529
-0.67413248675813664
-0.66604869367033237
-0.20437428843351133
-0.71544965142913619
-1.1968844397694789
1.6899278918086205
0.67855555660110956
-0.25018244926440214
1.3513067813528197
-0.37233754481344428
-0.17832651070614203
-1.2319142098166307
0.26089291373122281
-0.20617068689746781
-0.11994356062755571
-0.83670654774620012
-0.60048014973592012
-0.66335409597439765
2.6025072934908433
-0.66065949827846293
-1.1600582712583705
0.69472314277671809
1.0683740232796706
-0.53401340656952945
0.04263050036050775
1.4501086968704273
0.7549024913192609
-1.1429924858507838
1.4195699229831669
-1.308261144534782
-0.10018317752403418
-1.3459855122778686
-0.99029861641448103
-0.37593034174135731
-0.38311593559718327
-0.80437137539498305
0.58155003954745843
-0.39119972868498754
-0.8690417200974172
-0.46215746801126939
1.4797492715257097
2.1533986955093978
0.50430490559732888
-0.27084103159990192
-0.59688735280800709
-0.88431110704104743
-0.89868229475269945
2.0932193469668552
-0.14778773681888149
0.85639900453280327
0.73154931128782641
-1.0998789227158277
0.29951548070628758
-1.3908954738767811
-0.71814424912507102
0.70011233816858764
-0.2636554377440759
0.38574260697619966
-1.2714349760236736
-1.2723331752556519
-0.89688589628874293
-0.2214400738410981
-1.3495783092057816
0.07227107501579004
-0.67952168215000619
-1.2148484244090438
0.17556398669328893
-0.42802589719609585
-0.76215601149200529
0.72166911973606562
-1.2121538267131091
-0.99029861641448103
0.44502375628676427
-0.078626395956556155
0.15849820128570216
1.5794493862752954
0.38125161081630843
0.22496494445209272
1.2551994635311468
0.87436298917236832
1.1034037933268224
-0.51335482423402967
-0.52323501578579046
-1.4843081940025191
-1.3091593437667601
1.7249576618557723
-0.39748712330883529
-1.0091608002860244
-0.65347390442263686
-0.16934451838635953
-0.83580834851422192
1.452803294566362
-0.69838386602154945
0.3246650592016786
0.077660270407659548
0.65071138040978382
-1.3944882708046942
-0.40107992023674832
0.59232843033119742
-1.3370035199580861
0.16748019360548466
0.40909578700763422
1.1285533718222134
2.6025072934908433
1.2587922604590598
-0.19629049534570706
2.6025072934908433
-0.67862348291802788
2.2090870478920497
-0.48012145265083439
-0.67772528368604967
2.6025072934908433
1.9656750560259435
-0.68940187370176698
-0.93371206479985125
1.5156772408048396
-1.1923934436095875
0.10999544275887659
-0.84838313776191743
0.082151266567550799
1.9054957074834007
-0.84029934467411316
-0.43251689335598709
0.80879444523795596
1.8956155159316399
0.40550299007972124
-0.90227509168061248
0.57436444569163247
2.6025072934908433
0.19173157286889744
-0.32652938398255349
-0.20437428843351133
-1.0154481949098721
0.59592122725911045
1.0549010347999968
-1.3199377345504992
-0.62562972823131113
0.81418364062982551
-1.0235319879976763
1.3117860151457765
