MLCPP_ARCHIVE_V1
"QDA_V1"
0.001
1
2
0
1
2
0.6277533039647577
0.3722466960352423
2
-85.231787454919171
-66.477042087270945
2
30
-0.57156751113377902
-0.29907990985075616
-0.58207266587094408
-0.55687121558671127
-0.2726720856390914
-0.46806438425169977
-0.54676015387836496
-0.60308407160163058
-0.25458671763570151
0.0034630559125443374
-0.44953616739811808
0.024867170079270657
-0.44560595820492671
-0.45329563585225841
0.036923054455066981
-0.2351097635106556
-0.19725159565809985
-0.31376686210126137
-0.013224512028761902
-0.067240580824514701
-0.60667864874118771
-0.32890385366271579
-0.61332288329719942
-0.58007497137808861
-0.32087801425601509
-0.45711849044585062
-0.50799217772671124
-0.61490127829131469
-0.32113220306015877
-0.25111168414987473
30
0.96388603948595453
0.50436552844654381
0.98160183297762349
0.93910234581190766
0.45983162371090724
0.78933934622328183
0.92205114707298141
1.017035268677307
0.42933263033239083
-0.0058400647045748428
0.75809353673647284
-0.041935760192847261
0.75146566916215818
0.76443346874493279
-0.062266689465652288
0.3964868792931181
0.33264322344709546
0.52913346567372654
0.022301691882819656
0.11339387890524699
1.0230971295339599
0.5546603449341756
1.0343019037852181
0.97823293989795834
0.54112564534297425
0.77088029453885509
0.85667319912492756
1.0369636941599072
0.54155430693576867
0.42347236676162703
2
30
30
0.49134953151965316
0
0
0
0
0
0
0
0
0
0
0
0
0
0
0
0
0
0
0
0
0
0
0
0
0
0
0
0
0
30
-0.037308699296626127
0.94955891548542037
0
0
0
0
0
0
0
0
0
0
0
0
0
0
0
0
0
0
0
0
0
0
0
0
0
0
0
0
30
0.46849685320172663
-0.0023948471925775271
0.056944461532675933
0
0
0
0
0
0
0
0
0
0
0
0
0
0
0
0
0
0
0
0
0
0
0
0
0
0
0
30
0.36874710116214443
-0.00022339859790107016
0.010988036114145786
0.054929746390380348
0
0
0
0
0
0
0
0
0
0
0
0
0
0
0
0
0
0
0
0
0
0
0
0
0
0
30
-0.18757408052541713
-0.23926367912688698
0.26595436607214629
-0.16416746810414076
0.8438911524824767
0
0
0
0
0
0
0
0
0
0
0
0
0
0
0
0
0
0
0
0
0
0
0
0
0
30
0.015800493934804507
-0.055910806297413844
0.37506195335234677
-0.10630232455880291
0.26289960870944423
0.41607289394491742
0
0
0
0
0
0
0
0
0
0
0
0
0
0
0
0
0
0
0
0
0
0
0
0
30
0.015711212904462698
-0.026622508303976809
0.24716322176072436
-0.017593383596276494
0.064478841388286592
0.31210292727811312
0.3472953167378498
0
0
0
0
0
0
0
0
0
0
0
0
0
0
0
0
0
0
0
0
0
0
0
30
0.15682577621386692
-0.064937058566534978
0.17584107802375451
-0.042511824892151218
0.17170146085997506
0.1497724693743582
0.10997347114924473
0.18922758867615244
0
0
0
0
0
0
0
0
0
0
0
0
0
0
0
0
0
0
0
0
0
0
30
-0.23572112806909448
-0.054190338113654736
0.19003855584672577
-0.070187254433924026
0.29994126502013979
0.17084597040567234
0.083519684490272028
0.023431129843749451
0.75971681744637931
0
0
0
0
0
0
0
0
0
0
0
0
0
0
0
0
0
0
0
0
0
30
-0.52461050463780667
-0.11443628778875342
0.36928231347435092
-0.043061951565656204
0.32522829648656082
0.47601256655445584
0.065947919299015584
-0.052874403891408371
-0.022391756632785278
0.38059784327152474
0
0
0
0
0
0
0
0
0
0
0
0
0
0
0
0
0
0
0
0
30
-0.0086880882217572411
0.049571579597951929
0.056500970670846098
0.04116425536134552
0.095841217334609916
0.054989288806499753
0.072754168870321698
0.083457552704998453
0.068802986438771641
0.012384047727561066
0.38046631290357141
0
0
0
0
0
0
0
0
0
0
0
0
0
0
0
0
0
0
0
30
-0.35208395819824528
0.50719705153358208
-0.029022928375487249
0.034061434867713701
0.11876333587976994
-0.046462599598053017
0.14219393020281745
0.12975436692186659
0.039962158431784738
0.06335877864301645
0.33312173719106969
0.7967752179347759
0
0
0
0
0
0
0
0
0
0
0
0
0
0
0
0
0
0
30
0.0028899283112351856
0.053860723231340224
0.091129631699429864
0.016738572444295965
0.066839232568003573
0.083071424213903414
0.049180630548099187
0.061634800991994025
0.055878280063145588
-0.00096453040425189499
0.30793568013604172
0.0044431495856328196
0.16488069800993066
0
0
0
0
0
0
0
0
0
0
0
0
0
0
0
0
0
30
0.069987238538883639
0.027112417457686888
0.026147093750877995
0.025215792868477832
0.039730921451789365
0.018748921627602125
0.031549469133695565
0.042834007686234028
0.027977631149026537
-0.0022172591201231359
0.18140347277775459
0.0018477670698054231
0.0037750324535863349
0.055927184161615053
0
0
0
0
0
0
0
0
0
0
0
0
0
0
0
0
30
-0.57075463811339266
0.027615507486792645
0.10885182765710734
0.034896310100383826
0.30472530332153902
0.10507911425541883
0.031330196902264885
0.18361919355638867
0.050139926822474791
0.097317026759619105
0.16025328294615365
0.14535598442367062
-0.033073147867797699
0.021515842462154572
0.68611092472024493
0
0
0
0
0
0
0
0
0
0
0
0
0
0
0
30
-0.14069668689511483
0.027489948868058028
0.43990651246424595
-0.046162760381930394
-0.022444718684697544
0.60515041359590727
0.22622886033849188
-0.012066478594261855
0.028699937710095824
0.0093215609033019276
0.1422474643715407
0.030091184610485874
0.028784985170688247
0.051449440101550732
0.10739155720436304
0.3647031253542225
0
0
0
0
0
0
0
0
0
0
0
0
0
0
30
-0.17153890805603192
-0.0015551652398167013
0.36993089437197291
-0.00043311297629694583
-0.017554642401449969
0.55904699498542376
0.76687712714294876
-0.14012100522599272
0.023385989847647729
0.021559104914260413
0.085774955004331549
-0.0063953785512855738
-0.044637191986780338
0.025414878838090654
-0.0037375519187150376
0.13676177641345741
0.27830777227663445
0
0
0
0
0
0
0
0
0
0
0
0
0
30
-0.024692533128033829
-0.038773587496610043
0.39143138999460853
-0.10219382667478451
0.17525988325201677
0.44252685374824136
0.45143843870510536
0.22635746022122166
0.047267588076634448
0.0011946529669951526
0.17213452849573549
0.038127574684306074
0.042120275218698516
0.025502287518971482
0.054381817111024154
0.20902147392315354
0.19895031723215378
0.345612823453889
0
0
0
0
0
0
0
0
0
0
0
0
30
-0.35710072503448531
0.050095561059625163
0.063433648371013576
0.039979444657144474
0.0830021640697019
0.064878511045715237
0.078381906036059198
0.031188032373729069
0.19945858164230545
0.055198196055129711
0.30044743534527824
0.19210073864261551
0.042605919112002767
-0.001035074850838991
0.12263530382119867
0.061998240613507935
0.024441011311320381
-0.0010164485715575212
0.58569236567014138
0
0
0
0
0
0
0
0
0
0
0
30
-0.30316766932408473
-0.019292062126515106
0.41603867159398861
0.022940714257499207
0.041658534675470836
0.6128420458651086
0.33885859602173629
-0.013251209151150325
0.027421114361573677
0.33835941013815868
0.29800464855850994
0.022165599285954421
-0.10949050200677124
0.068111436807222259
0.10447456609262171
0.3029516163228026
0.049531157002732751
-0.015539104198994982
-0.023962941132738749
0.40627360826518133
0
0
0
0
0
0
0
0
0
0
30
0.39442772117460262
0.0021318783069778683
0.014956822172047217
0.014872580840113066
0.00018397257356161811
-0.0040907174096834137
-0.00078708216899011621
-0.006489755870658539
-0.002900538420794423
-0.015430338134362103
0.025154434926790994
-0.030082659878184037
0.00030065570178030172
-0.00093416034150994745
-0.018347143165747967
-0.024569684987151969
-0.0069872282941186538
-0.020831453961387827
-0.027558222565826067
-0.0083825047815676585
0.07380627375297974
0
0
0
0
0
0
0
0
0
30
-0.033099634520486476
0.83268920688796977
-0.027298519559537174
-0.0024781117141279324
-0.0041316151244262054
-0.038366194320507717
0.011905670544216812
-0.020435177500163416
-0.029933209564080358
-0.042875797444397915
-0.076903644113768932
0.11534580891412426
-0.017086789588649346
-0.016439460433152916
-0.0558964819625173
-0.033407475294974037
-0.023712238865099263
-0.05605911504013255
-0.11093332179515653
-0.0025719004872906816
0.14635910659835405
0.25580886820398252
0
0
0
0
0
0
0
0
30
0.38181791746656751
0.0012908849247073612
0.044249751818530046
0.0053300624204205985
-0.0040520732271134459
0.024935218761746585
-0.0018994242284219667
-0.013113457340215229
-0.00460221453236486
-0.022268887811199262
0.012847556034417685
-0.030046790140626927
0.040671792747784721
-0.0013822574779642381
-0.01805703970716745
-0.015454958255389348
-0.0084757145372234572
-0.025308868077957
-0.026634807621070657
-0.0040913767065207125
0.056960106565412283
0.0081528232543969566
0.053716933292129239
0
0
0
0
0
0
0
30
0.27924673645053405
0.0021514924193982571
0.0084392302713872016
0.032445994684957721
-0.0026682501000441505
-0.00079278381753104788
0.0010101339590498429
-0.0066173289513370244
-0.0033289501229064851
-0.0082720516635899181
0.019416349470978228
-0.019925359590487943
0.0016660707677792126
0.0076789801190508111
-0.0099984373768668734
-0.01740047209184916
-0.0058287862662663673
-0.015834173521449398
-0.019253127600100041
-0.0067178787056730417
0.04049278942769758
0.0044186323391932963
0.011688196003369723
0.041853273749331101
0
0
0
0
0
0
30
-0.27614019659515765
-0.17882822079792243
0.17112228932263002
-0.089451889549282987
0.5591436633391087
0.023191488497366883
-0.0074956250617984202
-0.0187215821344613
-0.072379272426635097
-0.033483866194297968
-0.19372146071409727
-0.11328522925509932
-0.060662678568823146
0.00077584259936248423
0.19953301149179717
-0.11371128318591564
-0.044621255488799819
-0.10481784890909282
-0.13651332997145288
-0.03116840630348517
0.17624032845778811
0.12696655926326433
0.054204550237997043
0.00079520006520650732
0.30968896377025767
0
0
0
0
0
30
0.054807366267384791
-0.02483041854432191
0.29774164730541863
-0.085294868700242832
0.04232908397299729
0.36205471738177292
0.043386239185934983
-0.079132716250804758
-0.031566070020381365
-0.065973514426940744
-0.11968523971222977
-0.052083222633781311
0.075646930282886771
-0.019937687814863939
-0.022755744763543712
0.050357578433932307
-0.062043346807292836
-0.08291163854814762
-0.050323659559605466
-0.022907611147427981
0.086728236556709914
0.023473636265554307
0.072879639800787002
-0.0065085366295050823
0.068169841627612984
0.17998290901502745
0
0
0
0
30
0.040658889464343033
-0.021019992473023066
0.27845855001535347
-0.040150622144341813
-0.0058072615142399581
0.36035991807196954
0.3679702305803717
-0.1197559367277037
-0.038722231896809095
-0.076699536616409186
-0.13217350975075889
-0.054285982189952266
0.049163229718826744
-0.010464347992536245
-0.028179823010466634
0.0039286631455270815
-0.03407920359148435
-0.078201684685870007
-0.030161039584841568
-0.056369903638633291
0.077344917822165404
0.020835226300285184
0.051178732757670417
-0.0031877507575699881
0.052612352706959027
0.13285511808506648
0.14490613844685363
0
0
0
30
0.20746231487303585
-0.06364551173290714
0.22397137420003921
-0.07722797215450887
0.11695272139447456
0.21313504507262132
0.14930376131592629
0.11400664532810104
-0.031686240125859716
-0.053633996748045774
-0.12071454189784603
-0.068674536004280876
0.035386131852825811
-0.025108876328600985
-0.047041050869814215
0.0068618091836648125
0.014270257285780654
0.031185200703914295
-0.049544804770550378
-0.02142787842513174
0.1181410446533028
0.049117221708597739
0.057204601065774428
0.010885747746698066
0.069238109467127926
0.087334196147499002
0.04657473279765427
0.13209746524662483
0
0
30
-0.1133982891519399
-0.076742029123390662
0.086631767999568024
-0.041827828704226598
0.080136253847786845
0.07208402276943271
0.033925779070140834
-0.10341700014270289
0.3484239245552222
-0.057826266923441366
-0.1653493272160719
-0.12187310529194698
0.0031807809803747755
-0.040967440026600764
-0.064768859523546829
-0.044983061377205889
-0.014755282418297693
-0.13517556950952148
0.17702792738008993
-0.023914684074582877
0.19135966973758606
0.14575703172560911
0.063550919542739018
0.0025519486542700128
0.12833489671323592
0.038916339267020747
-0.0054902004865721417
0.031628670016188604
0.2306164203087038
0
30
-0.24679772003404504
-0.068524867247662255
0.31501039067335429
-0.046757605356501988
0.097714015647934263
0.43564029700784473
0.07108864059869742
-0.11358340191126338
-0.052350395374296463
0.20668677321582402
-0.13119843810891443
-0.073995313197621343
0.046507290931963582
0.011245187967834136
-0.012840282060179254
0.026620614875905762
-0.050976898298493487
-0.10543874393451547
-0.096686533748667203
0.096005225995419788
0.11362334667388156
0.037402555389778026
0.065076186881614873
-0.0025464287677994576
0.10205957516314097
0.17306629655590955
0.035373549854217722
-0.020451379829071404
0.01594325959753835
0.19074961820780015
30
30
0.89551042581477514
0
0
0
0
0
0
0
0
0
0
0
0
0
0
0
0
0
0
0
0
0
0
0
0
0
0
0
0
0
30
0.06451465946909235
0.86993261785461484
0
0
0
0
0
0
0
0
0
0
0
0
0
0
0
0
0
0
0
0
0
0
0
0
0
0
0
0
30
0.87673248442380347
0.00088465163879154849
0.099437287774022332
0
0
0
0
0
0
0
0
0
0
0
0
0
0
0
0
0
0
0
0
0
0
0
0
0
0
0
30
1.0154808290235025
-0.00326947728487401
0.02786335320528446
0.13273390178992164
0
0
0
0
0
0
0
0
0
0
0
0
0
0
0
0
0
0
0
0
0
0
0
0
0
0
30
-0.11096756720650637
-0.14894664043508957
0.53721910860222044
0.065875938795737957
0.70938891000944782
0
0
0
0
0
0
0
0
0
0
0
0
0
0
0
0
0
0
0
0
0
0
0
0
0
30
0.10024026407940199
-0.02693695022314839
0.83626465723352594
-0.089178659529170701
0.29136564348227517
0.47236020955433411
0
0
0
0
0
0
0
0
0
0
0
0
0
0
0
0
0
0
0
0
0
0
0
0
30
0.40104760656994487
-0.0097261240178855117
0.66133141378508897
-0.010062658232695771
0.34585098333921777
0.20039649188750908
0.31105533634709431
0
0
0
0
0
0
0
0
0
0
0
0
0
0
0
0
0
0
0
0
0
0
0
30
0.57053941156192645
-0.063385318995216156
0.48969739660070266
-0.014491897149272688
0.34632701656126003
0.11351993057543373
0.096182155697446411
0.24005776138909879
0
0
0
0
0
0
0
0
0
0
0
0
0
0
0
0
0
0
0
0
0
0
30
-0.14742542510923817
-0.14562329825887713
0.55086130129312527
-0.14883790308123199
0.31379173498387702
0.29170992835353965
0.037739792168438611
0.092497246080463447
0.69176494382688136
0
0
0
0
0
0
0
0
0
0
0
0
0
0
0
0
0
0
0
0
0
30
-0.45511024424314483
-0.048291560515047752
0.69939875141148433
0.039317935584057835
0.42250260351287861
0.36954238472577361
-0.060760273679796452
-0.0032244632022123262
-0.0061272105596795086
0.36479859715895746
0
0
0
0
0
0
0
0
0
0
0
0
0
0
0
0
0
0
0
0
30
0.74935337070834074
-0.029188841910015025
0.17967163246639098
0.33357473013960626
0.11366563949570642
0.050503478142741871
-0.0010098708497839721
0.020509730739011769
0.075699219033379631
-0.019013907433489432
0.85995988967270498
0
0
0
0
0
0
0
0
0
0
0
0
0
0
0
0
0
0
0
30
0.040115454986707662
0.26699854797299377
0.14131693245225357
0.022894837517205301
0.12551552451419434
-0.064451064460564755
0.032849958281585337
-0.012595853486591979
0.090233556152309907
0.032218514241071937
0.19976181562736745
0.72061011104974104
0
0
0
0
0
0
0
0
0
0
0
0
0
0
0
0
0
0
30
0.75012130305592295
-0.011066192418773844
0.31887132317599243
0.33210252387692557
0.051998865278861196
0.076465349201700533
-0.0041482107898970569
0.02421934447156689
0.052757067326623865
-0.027733024411082243
0.82353578063942201
0.063329077416910837
0.24437096522420199
0
0
0
0
0
0
0
0
0
0
0
0
0
0
0
0
0
30
0.90741751744633004
-0.031437371161699042
0.17206303641502771
0.47560489678615975
0.096896948646881462
0.039372928497949787
0.010848794829609236
-0.052387389309867791
0.078262756854128507
-0.037573823358687149
0.71489116491898896
-0.024794944848315192
0.053529866633982064
0.24542951659242757
0
0
0
0
0
0
0
0
0
0
0
0
0
0
0
0
30
0.046407101262118146
0.028780677651447626
0.24068833917973409
0.053223515877111813
0.24367822532599423
-0.097486269686007987
0.1399634592442057
-0.20150665943851762
-0.13141409788607217
-0.058227964465571748
0.29239916222016565
0.32354017788252537
-0.051675021055480538
0.0095320864490173081
0.75791229663173254
0
0
0
0
0
0
0
0
0
0
0
0
0
0
0
30
0.013182568508376385
0.086566113363279157
0.61093789360392803
-0.11448719078258833
0.083660662085618967
0.47613238998531843
0.10764829802202026
-0.13862446045328966
-0.04340642271680515
-0.011581995042624414
0.14355806779787786
0.28292953521938313
-0.0002543625878352186
0.0045886836732483716
0.22208955351823273
0.52128750854391948
0
0
0
0
0
0
0
0
0
0
0
0
0
0
30
0.099454732879567354
0.042786808769410649
0.39223268858447252
-0.072406098367725352
0.087232200148662203
0.1800411607936146
0.29482990699687889
-0.15383078687198951
0.0011628622554345491
-0.0021601398544239948
0.141905307537847
0.15060032584056832
0.0021230562674624275
-0.027405440282342909
0.22988535510742297
0.19316332623368038
0.20969646645026116
0
0
0
0
0
0
0
0
0
0
0
0
0
30
0.157913281562195
-0.023018048476505047
0.32722942147756806
-0.1432713053752602
0.043893253163131467
0.13821215531391598
0.14653349776346294
0.094113819862717676
-0.058457407198191619
-0.010976257813113866
0.31643672801525569
0.22133930278778591
0.11339648092708804
-0.20217368490037901
0.36649723161243442
0.12389605534004118
0.14446099049569605
0.40358569458710331
0
0
0
0
0
0
0
0
0
0
0
0
30
0.01467030533642604
-0.1230909915031404
0.40833046736713263
0.0037997907349853022
0.15391188961404254
0.24399826010099529
0.035003532222272926
-0.10564693424281346
0.47827908947901726
-0.033655545930779469
0.29841237238098378
0.30540807519510954
0.14778843591630597
-0.063675894834918145
0.14634087883249505
0.26454656937643928
0.23019544131316744
-0.031364352218667457
0.81639589228486853
0
0
0
0
0
0
0
0
0
0
0
30
-0.061390680189870747
0.037457859153151633
0.39793547284602637
-0.045162790828620458
0.13347941780448222
0.24651786893584676
0.057228076528722797
-0.068818369041509467
-0.072926243124163806
0.19587440263245323
0.11431444150589173
0.18803511376770018
-0.058311610681030426
0.062624144240283022
0.23464741701367517
0.27331761139384131
-0.017075224199370798
0.045889617107876257
-0.023505975748319034
0.2750137880216238
0
0
0
0
0
0
0
0
0
0
30
0.78923140545107928
0.037201649243914864
-0.012653220351737207
0.032301630447847757
0.020208386346781699
0.042852048489272071
-0.084648431944688907
0.037046377669158269
0.0066567464729064786
0.009614701351103273
0.051825926212926851
-0.12520320806787161
-0.078859528184446873
-0.026212671338675091
-0.090705121447457765
-0.017819339113860359
-0.013665887941586624
0.0069442890507717629
-0.048181880129712508
-0.047134821674656373
0.25973605795057786
0
0
0
0
0
0
0
0
0
30
-0.10350900523235727
0.77002339479350002
-0.0027101227829647028
0.057565915324510698
0.045477060509536489
0.04056842324115071
-0.057189105642786918
-0.016788705849610723
0.043841891802296508
0.024617104965901665
-0.16001336209687003
0.13894490239264229
-0.034530351008866339
0.057821002226192984
-0.15895172814522102
-0.069876925919181154
-0.010213597224471569
-0.028590950781439799
-0.054132152603713971
-0.059630588007712378
0.17778031833961377
0.2629640685622382
0
0
0
0
0
0
0
0
30
0.77074586920702115
0.042183579955188295
0.094370769528747928
0.02278370487019615
0.0046775627495396713
0.07377474829701193
-0.07211340173439558
0.033610884729978356
0.003671948546945249
-0.0076977747424901424
0.043430057186740735
-0.10995904254738167
0.0021267421471075341
-0.041197718036309068
-0.086145013117590194
-0.017243448106617088
-0.017500757586583853
-0.0018503919927376849
-0.064045467399537009
-0.03917251547234113
0.24821672349788726
0.0038294953496175736
0.083521396756291402
0
0
0
0
0
0
0
30
0.90494872202031562
0.055419861334745378
-0.0063897594888201112
0.13082501188301446
0.02419905743722137
0.055364142089279832
-0.094194421348661281
0.036486380930051819
0.00246083263218336
0.0067156881174421949
0.046806989406853322
-0.13642229377472812
-0.10176144150011737
0.0020578927870401327
-0.11112406610285733
-0.02234462247756332
-0.010544334775266088
0.026960299215493855
-0.069901405605448788
-0.063875856732465652
0.32190421817751858
-0.010758711243744227
0.038328212801858934
0.098598033354451886
0
0
0
0
0
0
30
-0.32221623472511884
-0.0034366278990783723
0.38439877659430943
0.10575538839239904
0.57439729361902925
0.076298987151009356
-0.096267219714268965
-0.10731255983611886
-0.076029202925387923
0.0055641653857910226
-0.18792899834649684
-0.1455767122356644
-0.081198813457268884
-0.013876572107329725
0.05297029663713191
-0.12692425513297168
-0.098967949768895142
-0.00078606788144858198
-0.095614012305746829
-0.12554851768497335
0.20478599271708348
0.1539374951406875
-0.016099166556100688
-0.04654086399189384
0.3824630499187977
0
0
0
0
0
30
-0.21035580406711557
0.076763638965209699
0.64304800336504153
-0.0038204975109268685
0.16389177411297642
0.62847934007154771
-0.043357732409421701
-0.12441496689247421
-0.047318182171399638
0.0055893522635901251
-0.21865122720148045
-0.12584382986507006
-0.01663206560125062
0.0085858101132290747
-0.11690631331444123
0.21852844617726719
-0.054483530805842
0.018752496230606298
-0.082168906210251871
-0.060935581103688914
0.072318054604720766
0.15250812255252022
0.0066205519276281086
-0.037495579765587428
0.078733328908743183
0.30772766081799235
0
0
0
0
30
-0.0014090472172869071
0.060076782316688816
0.53157962185950058
-0.02461119487674512
0.18719900842358797
0.35428310376400862
0.29709039611641697
-0.13060205241877629
-0.029646997664688649
0.039434394990672396
-0.1853870475850127
-0.1347566017742412
-0.029116661752242978
-0.022477647364265094
-0.12744487245479488
0.079331443836221718
0.11712461554932276
-0.00026879460528102158
-0.079931120625115523
-0.028722964527248065
0.10135994001877247
0.092292462300980427
-0.0089477226734531595
-0.033324398509686937
0.12391493914271762
0.18518603346784551
0.18044131960163251
0
0
0
30
0.2290552331635142
-0.052565869319428693
0.38134492724071012
-0.030605513854642434
0.2089327152249551
0.25346402466855439
0.021591620215098785
0.16363595579395473
-0.013934668379191382
0.0067329590640666246
-0.13468182522943148
-0.12768213568005859
0.021620933017854713
-0.028789993598285421
-0.02498451124676123
0.005227831468588082
0.010784175285859753
0.17828906358736304
-0.034325133653454208
-0.090714643078116219
0.11693965450509922
0.08845897069760883
0.0068061744472724742
-0.073273735680232724
0.10798412161114181
0.070116981491524691
0.052338959904725195
0.20417769307268382
0
0
30
-0.3769852666854448
-0.12646024820585514
0.34311891609193051
-0.076705012274974532
0.22653737447235806
0.43438003219700377
-0.11118455231320323
-0.018152394209540297
0.65224588406235662
0.026616434322412837
-0.25321695272422906
-0.14750562325281846
0.0011055069968361065
-0.062832828162395313
-0.1414439562092967
0.11452602597938651
0.033696637893396691
-0.057334696611683764
0.39592713660321949
-0.081578956032750283
0.24102453542296159
0.1607998899574794
-0.020401691359216333
-0.047451539713675363
0.01021227594813998
0.19988248101862516
0.05882797332110918
0.037678344853828087
0.38234787183605784
0
30
-0.50739144846066853
0.054247045651375517
0.56439130400814552
0.069772111071052675
0.27400196611552713
0.53813405242662893
-0.072368097669024217
-0.099502490406390059
-0.063207855720387562
0.33723590128523645
-0.2264034785457755
-0.16409775144115638
-0.10342351986957211
0.049459521333752879
-0.12406852088959353
0.12992171517615167
-0.05170054686637994
0.023705012264971743
-0.11868747259062962
0.17721885247965921
0.089329661184299677
0.16770682608275678
-0.0096988996765814389
-0.054167184259095648
0.10024441117985063
0.25425620156183248
0.041705818122793115
0.010579134446073947
0.010859547829777123
0.21726836834198121
