MLCPP_ARCHIVE_V1
"SelectedForest_V1"
10
1
30
10
27
22
20
7
23
2
0
3
6
13
30
393.66172270147132
51.323900609173137
426.69033551785162
370.20956655727514
48.111510951557555
182.92785134095863
325.85916732169846
531.92014078436682
36.777704188382458
0.025987411033701009
240.92150686082556
0.0032869119633554384
215.7366534419651
265.32866700296245
1.3654986735619681
35.081800251408062
27.696924956797819
66.558170386972705
0.2123845878053969
7.9269119645785064
549.18710595532104
75.218013386240557
572.01646604038262
431.88522354421269
63.275544808965506
176.41441628551846
249.78595716764639
602.09324263121857
68.622425774988031
41.202321717856435
"RandomForest"
50
0
8
2
50
"DecisionTree"
1
0
8
2
0
3
2
23
0
2
0.26201707684265046
1
22
0
2
0.64576802507836994
0.35423197492163011
319
0
8
0.05087513784400749
2
9
0
2
0.90748898678414092
0.092511013215859028
227
0
4
-0.25893482726637707
3
4
0
2
0.98429319371727753
0.015706806282722512
191
1
-1
0
0
0
0
2
1
0
159
0
7
-0.18637146541455779
5
8
0
2
0.90625
0.09375
32
0
5
-0.28244141231793041
6
7
0
2
0.5
0.5
6
1
-1
0
0
0
0
2
1
0
3
1
-1
0
0
0
1
2
0
1
3
1
-1
0
0
0
0
2
1
0
26
0
9
-0.44203573288435127
10
15
0
2
0.5
0.5
36
0
6
-0.84293301001441812
11
12
0
2
0.75
0.25
16
1
-1
0
0
0
1
2
0.33333333333333331
0.66666666666666663
3
0
0
1.3058057188904728
13
14
0
2
0.84615384615384615
0.15384615384615385
13
1
-1
0
0
0
0
2
1
0
11
1
-1
0
0
0
1
2
0
1
2
0
0
0.089762893665739141
16
17
1
2
0.29999999999999999
0.69999999999999996
20
1
-1
0
0
0
0
2
1
0
5
0
9
-0.31725677195490198
18
19
1
2
0.066666666666666666
0.93333333333333335
15
1
-1
0
0
0
1
2
0
1
10
0
9
-0.07269000853318143
20
21
1
2
0.20000000000000001
0.80000000000000004
5
1
-1
0
0
0
0
2
0.5
0.5
2
1
-1
0
0
0
1
2
0
1
3
1
-1
0
0
0
1
2
0
1
92
"DecisionTree"
1
0
8
2
0
3
2
23
0
5
0.05639265376087383
1
12
0
2
0.58307210031347967
0.41692789968652039
319
0
0
1.2683890165758656
2
11
0
2
0.93478260869565222
0.065217391304347824
184
0
6
-0.20739379095774718
3
4
0
2
0.96089385474860334
0.039106145251396648
179
1
-1
0
0
0
0
2
1
0
143
0
1
-0.16662737325899368
5
6
0
2
0.80555555555555558
0.19444444444444445
36
1
-1
0
0
0
0
2
1
0
25
0
8
-0.74447799570325401
7
8
1
2
0.36363636363636365
0.63636363636363635
11
1
-1
0
0
0
0
2
1
0
3
0
3
-0.46936276367116558
9
10
1
2
0.125
0.875
8
1
-1
0
0
0
1
2
0.33333333333333331
0.66666666666666663
3
1
-1
0
0
0
1
2
0
1
5
1
-1
0
0
0
1
2
0
1
5
0
9
-0.28110459732885618
13
18
1
2
0.1037037037037037
0.89629629629629626
135
0
2
0.27444488747124707
14
17
0
2
0.57894736842105265
0.42105263157894735
19
0
5
0.089961353805832631
15
16
0
2
0.7857142857142857
0.21428571428571427
14
1
-1
0
0
0
1
2
0
1
3
1
-1
0
0
0
0
2
1
0
11
1
-1
0
0
0
1
2
0
1
5
0
4
0.0039993197354876234
19
20
1
2
0.025862068965517241
0.97413793103448276
116
1
-1
0
0
0
0
2
1
0
2
0
0
-0.21572889044039734
21
22
1
2
0.008771929824561403
0.99122807017543857
114
1
-1
0
0
0
0
2
0.5
0.5
2
1
-1
0
0
0
1
2
0
1
112
"DecisionTree"
1
0
8
2
0
3
2
19
0
4
0.0061204691566792181
1
18
0
2
0.65517241379310343
0.34482758620689657
319
0
4
-0.26741942495114324
2
7
0
2
0.9126637554585153
0.087336244541484712
229
0
4
-0.66946562149281807
3
4
0
2
0.97409326424870468
0.025906735751295335
193
1
-1
0
0
0
0
2
1
0
94
0
0
0.84121499848409997
5
6
0
2
0.9494949494949495
0.050505050505050504
99
1
-1
0
0
0
0
2
1
0
94
1
-1
0
0
0
1
2
0
1
5
0
6
-0.077101012563440971
8
9
0
2
0.58333333333333337
0.41666666666666669
36
1
-1
0
0
0
1
2
0
1
9
0
3
0.91972905751681611
10
17
0
2
0.77777777777777779
0.22222222222222221
27
0
3
0.014833463691763388
11
12
0
2
0.875
0.125
24
1
-1
0
0
0
0
2
1
0
15
0
2
0.021746071356445171
13
16
0
2
0.66666666666666663
0.33333333333333331
9
0
5
0.089961353805832631
14
15
1
2
0.40000000000000002
0.59999999999999998
5
1
-1
0
0
0
1
2
0
1
3
1
-1
0
0
0
0
2
1
0
2
1
-1
0
0
0
0
2
1
0
4
1
-1
0
0
0
1
2
0
1
3
1
-1
0
0
0
1
2
0
1
90
"DecisionTree"
1
0
8
2
0
3
2
25
0
0
0.36025447081508688
1
16
0
2
0.61128526645768022
0.38871473354231972
319
0
1
0.15159317032954872
2
7
0
2
0.91707317073170735
0.082926829268292687
205
0
5
0.1015005944462872
3
4
0
2
0.98913043478260865
0.010869565217391304
184
1
-1
0
0
0
0
2
1
0
173
0
7
0.0057823144529830063
5
6
0
2
0.81818181818181823
0.18181818181818182
11
1
-1
0
0
0
1
2
0
1
2
1
-1
0
0
0
0
2
1
0
9
0
0
0.32127873923737099
8
15
1
2
0.2857142857142857
0.7142857142857143
21
0
4
0.11217794021625492
9
12
1
2
0.21052631578947367
0.78947368421052633
19
0
5
0.21731260960139567
10
11
0
2
0.75
0.25
4
1
-1
0
0
0
0
2
0.5
0.5
2
1
-1
0
0
0
0
2
1
0
2
0
8
-0.44399577339313157
13
14
1
2
0.066666666666666666
0.93333333333333335
15
1
-1
0
0
0
1
2
0.25
0.75
4
1
-1
0
0
0
1
2
0
1
11
1
-1
0
0
0
0
2
1
0
2
0
4
-0.31143327544086707
17
22
1
2
0.061403508771929821
0.93859649122807021
114
0
6
-0.44336848960521263
18
21
0
2
0.59999999999999998
0.40000000000000002
10
0
3
0.33610667553349094
19
20
1
2
0.42857142857142855
0.5714285714285714
7
1
-1
0
0
0
0
2
1
0
3
1
-1
0
0
0
1
2
0
1
4
1
-1
0
0
0
0
2
1
0
3
0
9
-0.63385809228075873
23
24
1
2
0.0096153846153846159
0.99038461538461542
104
1
-1
0
0
0
0
2
0.5
0.5
2
1
-1
0
0
0
1
2
0
1
102
"DecisionTree"
1
0
8
2
0
3
2
27
0
2
0.21127018344254656
1
16
0
2
0.61128526645768022
0.38871473354231972
319
0
5
-0.24048053726173144
2
5
0
2
0.90047393364928907
0.099526066350710901
211
0
3
0.34655883370646301
3
4
0
2
0.96710526315789469
0.032894736842105261
152
1
-1
0
0
0
0
2
1
0
147
1
-1
0
0
0
1
2
0
1
5
0
1
-0.068484588787761036
6
9
0
2
0.72881355932203384
0.2711864406779661
59
0
5
-0.2209687303605995
7
8
0
2
0.96296296296296291
0.037037037037037035
27
1
-1
0
0
0
0
2
0.5
0.5
2
1
-1
0
0
0
0
2
1
0
25
0
8
-0.16359214814715509
10
11
0
2
0.53125
0.46875
32
1
-1
0
0
0
0
2
1
0
9
0
1
0.17389834861846526
12
15
1
2
0.34782608695652173
0.65217391304347827
23
0
5
0.1390555776215851
13
14
1
2
0.2857142857142857
0.7142857142857143
21
1
-1
0
0
0
1
2
0
1
15
1
-1
0
0
0
0
2
1
0
6
1
-1
0
0
0
0
2
1
0
2
0
1
0.22148272896815391
17
22
1
2
0.046296296296296294
0.95370370370370372
108
0
1
0.19322950313552623
18
21
1
2
0.40000000000000002
0.59999999999999998
10
0
6
0.30653883493090495
19
20
1
2
0.14285714285714285
0.8571428571428571
7
1
-1
0
0
0
1
2
0
1
5
1
-1
0
0
0
0
2
0.5
0.5
2
1
-1
0
0
0
0
2
1
0
3
0
2
0.40493689907151348
23
26
1
2
0.01020408163265306
0.98979591836734693
98
0
8
0.014011593707310283
24
25
1
2
0.125
0.875
8
1
-1
0
0
0
0
2
0.5
0.5
2
1
-1
0
0
0
1
2
0
1
6
1
-1
0
0
0
1
2
0
1
90
"DecisionTree"
1
0
8
2
0
3
2
25
0
2
-0.10874594024382164
1
10
0
2
0.63949843260188088
0.36050156739811912
319
0
2
-0.2589153186726999
2
7
0
2
0.98421052631578942
0.015789473684210527
190
0
1
-0.47161351106277916
3
4
0
2
0.99415204678362568
0.0058479532163742687
171
1
-1
0
0
0
0
2
1
0
132
0
3
0.26294156832268678
5
6
0
2
0.97435897435897434
0.02564102564102564
39
1
-1
0
0
0
0
2
1
0
37
1
-1
0
0
0
0
2
0.5
0.5
2
0
7
-0.40123566899629776
8
9
0
2
0.89473684210526316
0.10526315789473684
19
1
-1
0
0
0
1
2
0
1
2
1
-1
0
0
0
0
2
1
0
17
0
2
0.25269621887120247
11
22
1
2
0.13178294573643412
0.86821705426356588
129
0
7
-0.1441949642310455
12
13
1
2
0.44444444444444442
0.55555555555555558
36
1
-1
0
0
0
1
2
0
1
13
0
1
0.22891778839779275
14
21
0
2
0.69565217391304346
0.30434782608695654
23
0
6
0.1241289451788764
15
20
0
2
0.84210526315789469
0.15789473684210525
19
0
6
0.060430253519437649
16
17
0
2
0.625
0.375
8
1
-1
0
0
0
0
2
1
0
4
0
3
0.1360784984982388
18
19
1
2
0.25
0.75
4
1
-1
0
0
0
0
2
0.5
0.5
2
1
-1
0
0
0
1
2
0
1
2
1
-1
0
0
0
0
2
1
0
11
1
-1
0
0
0
1
2
0
1
4
0
3
-0.46583516028778749
23
24
1
2
0.010752688172043012
0.989247311827957
93
1
-1
0
0
0
1
2
0.33333333333333331
0.66666666666666663
3
1
-1
0
0
0
1
2
0
1
90
"DecisionTree"
1
0
8
2
0
3
2
19
0
2
0.1056337930994736
1
12
0
2
0.60188087774294674
0.39811912225705332
319
0
0
0.12094347892791182
2
3
0
2
0.90338164251207731
0.096618357487922704
207
1
-1
0
0
0
0
2
1
0
177
0
5
-0.20019809720778098
4
9
1
2
0.33333333333333331
0.66666666666666663
30
0
0
1.3011286311011465
5
8
0
2
0.72727272727272729
0.27272727272727271
11
0
4
-0.37506775807661252
6
7
0
2
0.88888888888888884
0.1111111111111111
9
1
-1
0
0
0
0
2
1
0
6
1
-1
0
0
0
0
2
0.66666666666666663
0.33333333333333331
3
1
-1
0
0
0
1
2
0
1
2
0
9
0.02443523673082227
10
11
1
2
0.10526315789473684
0.89473684210526316
19
1
-1
0
0
0
1
2
0
1
17
1
-1
0
0
0
0
2
1
0
2
0
0
-0.46026263035898629
13
14
1
2
0.044642857142857144
0.9553571428571429
112
1
-1
0
0
0
0
2
1
0
2
0
4
0.1244629306139891
15
18
1
2
0.027272727272727271
0.97272727272727277
110
0
7
0.00047338423407930486
16
17
1
2
0.42857142857142855
0.5714285714285714
7
1
-1
0
0
0
1
2
0
1
4
1
-1
0
0
0
0
2
1
0
3
1
-1
0
0
0
1
2
0
1
103
"DecisionTree"
1
0
8
2
0
3
2
15
0
2
0.22784059761400902
1
12
0
2
0.63636363636363635
0.36363636363636365
319
0
8
0.38581400622004614
2
9
0
2
0.88546255506607929
0.11453744493392071
227
0
2
-0.16674238984394021
3
4
0
2
0.95215311004784686
0.04784688995215311
209
1
-1
0
0
0
0
2
1
0
174
0
6
-0.085787197789727862
5
8
0
2
0.7142857142857143
0.2857142857142857
35
0
9
-0.63385809228075873
6
7
1
2
0.090909090909090912
0.90909090909090906
11
1
-1
0
0
0
1
2
0.33333333333333331
0.66666666666666663
3
1
-1
0
0
0
1
2
0
1
8
1
-1
0
0
0
0
2
1
0
24
0
7
-0.78569069901523791
10
11
1
2
0.1111111111111111
0.88888888888888884
18
1
-1
0
0
0
0
2
1
0
2
1
-1
0
0
0
1
2
0
1
16
0
0
-0.46026263035898629
13
14
1
2
0.021739130434782608
0.97826086956521741
92
1
-1
0
0
0
0
2
1
0
2
1
-1
0
0
0
1
2
0
1
90
"DecisionTree"
1
0
8
2
0
3
2
21
0
1
-0.075919648217399868
1
8
0
2
0.65830721003134796
0.34169278996865204
319
0
3
0.60969191571103354
2
7
0
2
0.97512437810945274
0.024875621890547265
201
0
6
-0.20594609342003267
3
4
0
2
0.99492385786802029
0.005076142131979695
197
1
-1
0
0
0
0
2
1
0
162
0
4
-0.17921496151992938
5
6
0
2
0.97142857142857142
0.028571428571428571
35
1
-1
0
0
0
0
2
1
0
33
1
-1
0
0
0
0
2
0.5
0.5
2
1
-1
0
0
0
1
2
0
1
4
0
9
-0.23820761400392118
9
16
1
2
0.11864406779661017
0.88135593220338981
118
0
1
0.2348658359415039
10
15
0
2
0.59999999999999998
0.40000000000000002
20
0
6
-0.029326993818862036
11
14
0
2
0.80000000000000004
0.20000000000000001
15
0
1
0.1947165150214541
12
13
1
2
0.40000000000000002
0.59999999999999998
5
1
-1
0
0
0
1
2
0
1
3
1
-1
0
0
0
0
2
1
0
2
1
-1
0
0
0
0
2
1
0
10
1
-1
0
0
0
1
2
0
1
5
0
4
-0.12052982753363073
17
20
1
2
0.020408163265306121
0.97959183673469385
98
0
5
0.13423007699012218
18
19
1
2
0.40000000000000002
0.59999999999999998
5
1
-1
0
0
0
1
2
0
1
3
1
-1
0
0
0
0
2
1
0
2
1
-1
0
0
0
1
2
0
1
93
"DecisionTree"
1
0
8
2
0
3
2
21
0
1
0.22148272896815391
1
16
0
2
0.64890282131661448
0.35109717868338558
319
0
0
0.50992128007351578
2
11
0
2
0.92760180995475117
0.072398190045248875
221
0
1
-0.15324426628564392
3
4
0
2
0.97115384615384615
0.028846153846153848
208
1
-1
0
0
0
0
2
1
0
187
0
1
0.10846982563764335
5
10
0
2
0.7142857142857143
0.2857142857142857
21
0
0
0.12094347892791182
6
9
1
2
0.45454545454545453
0.54545454545454541
11
0
7
-0.14655448877278032
7
8
0
2
0.83333333333333337
0.16666666666666666
6
1
-1
0
0
0
0
2
0.5
0.5
2
1
-1
0
0
0
0
2
1
0
4
1
-1
0
0
0
1
2
0
1
5
1
-1
0
0
0
0
2
1
0
10
0
2
-0.94140925235980877
12
13
1
2
0.23076923076923078
0.76923076923076927
13
1
-1
0
0
0
0
2
1
0
2
0
0
0.6003449773338162
14
15
1
2
0.090909090909090912
0.90909090909090906
11
1
-1
0
0
0
0
2
0.5
0.5
2
1
-1
0
0
0
1
2
0
1
9
0
4
0.26799404144794819
17
20
1
2
0.020408163265306121
0.97959183673469385
98
0
4
0.25650448208316079
18
19
1
2
0.125
0.875
16
1
-1
0
0
0
1
2
0
1
14
1
-1
0
0
0
0
2
1
0
2
1
-1
0
0
0
1
2
0
1
82
"DecisionTree"
1
0
8
2
0
3
2
27
0
1
-0.075919648217399868
1
10
0
2
0.60815047021943569
0.39184952978056425
319
0
4
-0.18328049791054646
2
7
0
2
0.97222222222222221
0.027777777777777776
180
0
8
0.77535145714906251
3
4
0
2
0.98275862068965514
0.017241379310344827
174
1
-1
0
0
0
0
2
1
0
167
0
2
-0.88548410453112303
5
6
0
2
0.5714285714285714
0.42857142857142855
7
1
-1
0
0
0
0
2
1
0
4
1
-1
0
0
0
1
2
0
1
3
0
7
-0.11086668007903916
8
9
0
2
0.66666666666666663
0.33333333333333331
6
1
-1
0
0
0
1
2
0
1
2
1
-1
0
0
0
0
2
1
0
4
0
2
0.21334148521397933
11
22
1
2
0.1366906474820144
0.86330935251798557
139
0
5
0.13989479512270922
12
21
0
2
0.54545454545454541
0.45454545454545453
33
0
1
0.083190623576871445
13
16
1
2
0.25
0.75
20
0
3
-0.040301670670664043
14
15
1
2
0.083333333333333329
0.91666666666666663
12
1
-1
0
0
0
0
2
0.5
0.5
2
1
-1
0
0
0
1
2
0
1
10
0
0
0.40000971702435695
17
20
0
2
0.5
0.5
8
0
5
-0.07242723266165603
18
19
0
2
0.80000000000000004
0.20000000000000001
5
1
-1
0
0
0
0
2
0.5
0.5
2
1
-1
0
0
0
0
2
1
0
3
1
-1
0
0
0
1
2
0
1
3
1
-1
0
0
0
0
2
1
0
13
0
2
0.25269621887120247
23
26
1
2
0.009433962264150943
0.99056603773584906
106
0
8
0.530671266427308
24
25
1
2
0.25
0.75
4
1
-1
0
0
0
0
2
0.5
0.5
2
1
-1
0
0
0
1
2
0
1
2
1
-1
0
0
0
1
2
0
1
102
"DecisionTree"
1
0
8
2
0
3
2
19
0
2
0.24026840824260556
1
18
0
2
0.62068965517241381
0.37931034482758619
319
0
0
0.51927545565216737
2
13
0
2
0.91666666666666663
0.083333333333333329
216
0
0
0.34310514892089183
3
8
0
2
0.97989949748743721
0.020100502512562814
199
0
0
-0.055226827803363729
4
5
0
2
0.99470899470899465
0.0052910052910052907
189
1
-1
0
0
0
0
2
1
0
168
0
8
-0.56978786730289199
6
7
0
2
0.95238095238095233
0.047619047619047616
21
1
-1
0
0
0
0
2
0.5
0.5
2
1
-1
0
0
0
0
2
1
0
19
0
9
-0.48196500038177509
9
10
0
2
0.69999999999999996
0.29999999999999999
10
1
-1
0
0
0
0
2
1
0
6
0
2
0.0093182607278482453
11
12
1
2
0.25
0.75
4
1
-1
0
0
0
0
2
0.5
0.5
2
1
-1
0
0
0
1
2
0
1
2
0
6
-0.017745413517145925
14
17
1
2
0.17647058823529413
0.82352941176470584
17
0
6
-0.82556063956184411
15
16
1
2
0.071428571428571425
0.9285714285714286
14
1
-1
0
0
0
0
2
0.5
0.5
2
1
-1
0
0
0
1
2
0
1
12
1
-1
0
0
0
0
2
0.66666666666666663
0.33333333333333331
3
1
-1
0
0
0
1
2
0
1
103
"DecisionTree"
1
0
8
2
0
3
2
17
0
4
0.091143208456105781
1
16
0
2
0.63949843260188088
0.36050156739811912
319
0
2
-0.10460333670095612
2
7
0
2
0.91479820627802688
0.08520179372197309
223
0
8
0.90013012029217832
3
4
0
2
0.98882681564245811
0.0111731843575419
179
1
-1
0
0
0
0
2
1
0
175
0
2
-0.83370156024530306
5
6
0
2
0.5
0.5
4
1
-1
0
0
0
0
2
1
0
2
1
-1
0
0
0
1
2
0
1
2
0
3
-0.11725568521917054
8
11
0
2
0.61363636363636365
0.38636363636363635
44
0
7
-0.20229825607126889
9
10
0
2
0.94444444444444442
0.055555555555555552
18
1
-1
0
0
0
0
2
0.5
0.5
2
1
-1
0
0
0
0
2
1
0
16
0
8
-0.18588762501333617
12
13
1
2
0.38461538461538464
0.61538461538461542
26
1
-1
0
0
0
0
2
1
0
5
0
7
-0.0043931351332489781
14
15
1
2
0.23809523809523808
0.76190476190476186
21
1
-1
0
0
0
1
2
0
1
16
1
-1
0
0
0
0
2
1
0
5
1
-1
0
0
0
1
2
0
1
96
"DecisionTree"
1
0
8
2
0
3
2
21
0
4
-0.0037782281422145542
1
16
0
2
0.64890282131661448
0.35109717868338558
319
0
8
0.30600633334678429
2
9
0
2
0.93119266055045868
0.068807339449541288
218
0
1
-0.15324426628564392
3
4
0
2
0.96568627450980393
0.034313725490196081
204
1
-1
0
0
0
0
2
1
0
184
0
6
0.10820427226401658
5
8
0
2
0.65000000000000002
0.34999999999999998
20
0
0
0.34310514892089183
6
7
1
2
0.22222222222222221
0.77777777777777779
9
1
-1
0
0
0
0
2
0.66666666666666663
0.33333333333333331
3
1
-1
0
0
0
1
2
0
1
6
1
-1
0
0
0
0
2
1
0
11
0
8
2.5019841258197921
10
15
1
2
0.42857142857142855
0.5714285714285714
14
0
0
0.81003441322192737
11
14
1
2
0.27272727272727271
0.72727272727272729
11
0
0
0.032858325562274041
12
13
0
2
0.75
0.25
4
1
-1
0
0
0
0
2
1
0
2
1
-1
0
0
0
0
2
0.5
0.5
2
1
-1
0
0
0
1
2
0
1
7
1
-1
0
0
0
0
2
1
0
3
0
0
-0.46026263035898629
17
18
1
2
0.039603960396039604
0.96039603960396036
101
1
-1
0
0
0
0
2
1
0
2
0
9
-0.50112025708662022
19
20
1
2
0.020202020202020204
0.97979797979797978
99
1
-1
0
0
0
0
2
0.66666666666666663
0.33333333333333331
3
1
-1
0
0
0
1
2
0
1
96
"DecisionTree"
1
0
8
2
0
3
2
17
0
8
0.042767691710850708
1
12
0
2
0.66457680250783702
0.33542319749216298
319
0
2
0.23198320115687454
2
9
0
2
0.92626728110599077
0.073732718894009217
217
0
1
0.16646328918882641
3
8
0
2
0.98029556650246308
0.019704433497536946
203
0
2
-0.094246827843791958
4
5
0
2
0.99004975124378114
0.0099502487562189053
201
1
-1
0
0
0
0
2
1
0
181
0
7
-0.17944036207321146
6
7
0
2
0.90000000000000002
0.10000000000000001
20
1
-1
0
0
0
1
2
0.33333333333333331
0.66666666666666663
3
1
-1
0
0
0
0
2
1
0
17
1
-1
0
0
0
1
2
0
1
2
0
0
-0.46026263035898629
10
11
1
2
0.14285714285714285
0.8571428571428571
14
1
-1
0
0
0
0
2
1
0
2
1
-1
0
0
0
1
2
0
1
12
0
4
-0.14165294051966298
13
16
1
2
0.10784313725490197
0.89215686274509809
102
0
0
0.90279665437689116
14
15
0
2
0.6875
0.3125
16
1
-1
0
0
0
0
2
1
0
11
1
-1
0
0
0
1
2
0
1
5
1
-1
0
0
0
1
2
0
1
86
"DecisionTree"
1
0
8
2
0
3
2
23
0
1
0.23189181216964833
1
18
0
2
0.61442006269592475
0.38557993730407525
319
0
4
-0.26388417591582392
2
7
0
2
0.88235294117647056
0.11764705882352941
221
0
3
0.34655883370646301
3
4
0
2
0.96571428571428575
0.034285714285714287
175
1
-1
0
0
0
0
2
1
0
167
0
5
-0.27614728105950065
5
6
1
2
0.25
0.75
8
1
-1
0
0
0
1
2
0
1
6
1
-1
0
0
0
0
2
1
0
2
0
7
-0.1441949642310455
8
11
0
2
0.56521739130434778
0.43478260869565216
46
0
0
0.44833962418072459
9
10
1
2
0.083333333333333329
0.91666666666666663
12
1
-1
0
0
0
0
2
0.5
0.5
2
1
-1
0
0
0
1
2
0
1
10
0
4
0.10342819885383985
12
17
0
2
0.73529411764705888
0.26470588235294118
34
0
2
0.0031043554135495978
13
16
0
2
0.86206896551724133
0.13793103448275862
29
0
8
0.036687107110983122
14
15
0
2
0.55555555555555558
0.44444444444444442
9
1
-1
0
0
0
0
2
1
0
5
1
-1
0
0
0
1
2
0
1
4
1
-1
0
0
0
0
2
1
0
20
1
-1
0
0
0
1
2
0
1
5
0
4
0.26799404144794819
19
22
1
2
0.01020408163265306
0.98979591836734693
98
0
5
0.66881162520609305
20
21
1
2
0.058823529411764705
0.94117647058823528
17
1
-1
0
0
0
1
2
0
1
14
1
-1
0
0
0
1
2
0.33333333333333331
0.66666666666666663
3
1
-1
0
0
0
1
2
0
1
81
"DecisionTree"
1
0
8
2
0
3
2
23
0
3
-0.050753828843636009
1
10
0
2
0.63322884012539182
0.36677115987460818
319
0
2
0.1056337930994736
2
7
0
2
0.95897435897435901
0.041025641025641026
195
0
6
-0.21463227864631984
3
4
0
2
0.9946236559139785
0.0053763440860215058
186
1
-1
0
0
0
0
2
1
0
151
0
6
-0.16251516728859722
5
6
0
2
0.97142857142857142
0.028571428571428571
35
1
-1
0
0
0
0
2
0.5
0.5
2
1
-1
0
0
0
0
2
1
0
33
0
7
0.46382501611728211
8
9
1
2
0.22222222222222221
0.77777777777777779
9
1
-1
0
0
0
1
2
0
1
7
1
-1
0
0
0
0
2
1
0
2
0
1
0.22148272896815391
11
22
1
2
0.12096774193548387
0.87903225806451613
124
0
8
0.38581400622004614
12
17
1
2
0.40540540540540543
0.59459459459459463
37
0
0
0.55903070186143744
13
16
0
2
0.76470588235294112
0.23529411764705882
17
0
3
0.10145572455026898
14
15
0
2
0.8571428571428571
0.14285714285714285
14
1
-1
0
0
0
1
2
0
1
2
1
-1
0
0
0
0
2
1
0
12
1
-1
0
0
0
1
2
0.33333333333333331
0.66666666666666663
3
0
5
-0.68694424785968533
18
19
1
2
0.10000000000000001
0.90000000000000002
20
1
-1
0
0
0
0
2
0.5
0.5
2
0
3
0.43422631038226572
20
21
1
2
0.055555555555555552
0.94444444444444442
18
1
-1
0
0
0
1
2
0.25
0.75
4
1
-1
0
0
0
1
2
0
1
14
1
-1
0
0
0
1
2
0
1
87
"DecisionTree"
1
0
8
2
0
3
2
17
0
1
0.22148272896815391
1
14
0
2
0.65517241379310343
0.34482758620689657
319
0
4
-0.2581393962334303
2
5
0
2
0.93693693693693691
0.063063063063063057
222
0
3
0.56108938020671362
3
4
0
2
0.98360655737704916
0.016393442622950821
183
1
-1
0
0
0
0
2
1
0
180
1
-1
0
0
0
1
2
0
1
3
0
7
-0.12133707023298806
6
9
0
2
0.71794871794871795
0.28205128205128205
39
0
0
-0.13863489337967558
7
8
1
2
0.18181818181818182
0.81818181818181823
11
1
-1
0
0
0
0
2
1
0
2
1
-1
0
0
0
1
2
0
1
9
0
9
-0.059335287309380896
10
11
0
2
0.9285714285714286
0.071428571428571425
28
1
-1
0
0
0
0
2
1
0
21
0
2
0.016567816927863091
12
13
0
2
0.7142857142857143
0.2857142857142857
7
1
-1
0
0
0
0
2
0.75
0.25
4
1
-1
0
0
0
0
2
0.66666666666666663
0.33333333333333331
3
0
0
-0.29251108164849748
15
16
1
2
0.010309278350515464
0.98969072164948457
97
1
-1
0
0
0
0
2
0.5
0.5
2
1
-1
0
0
0
1
2
0
1
95
"DecisionTree"
1
0
8
2
0
3
2
11
0
0
0.57228245059786087
1
10
0
2
0.68338557993730409
0.31661442006269591
319
0
1
0.23932687159928717
2
9
0
2
0.93562231759656656
0.064377682403433473
233
0
3
0.66979182520562253
3
8
0
2
0.99090909090909096
0.0090909090909090905
220
0
1
0.18430743181995968
4
5
0
2
0.99541284403669728
0.0045871559633027525
218
1
-1
0
0
0
0
2
1
0
212
0
9
0.1071265913792034
6
7
0
2
0.83333333333333337
0.16666666666666666
6
1
-1
0
0
0
0
2
0.66666666666666663
0.33333333333333331
3
1
-1
0
0
0
0
2
1
0
3
1
-1
0
0
0
0
2
0.5
0.5
2
1
-1
0
0
0
1
2
0
1
13
1
-1
0
0
0
1
2
0
1
86
"DecisionTree"
1
0
8
2
0
3
2
25
0
2
0.1056337930994736
1
16
0
2
0.65517241379310343
0.34482758620689657
319
0
1
-0.075919648217399868
2
11
0
2
0.92727272727272725
0.072727272727272724
220
0
4
-0.31161003789263308
3
8
0
2
0.96534653465346532
0.034653465346534656
202
0
8
0.90013012029217832
4
5
0
2
0.97826086956521741
0.021739130434782608
184
1
-1
0
0
0
0
2
1
0
177
0
6
-0.94861493026757771
6
7
1
2
0.42857142857142855
0.5714285714285714
7
1
-1
0
0
0
0
2
1
0
3
1
-1
0
0
0
1
2
0
1
4
0
6
-0.3579543348800564
9
10
0
2
0.83333333333333337
0.16666666666666666
18
1
-1
0
0
0
1
2
0
1
3
1
-1
0
0
0
0
2
1
0
15
0
0
0.10847124482304273
12
13
0
2
0.5
0.5
18
1
-1
0
0
0
0
2
1
0
7
0
6
-0.2262138589480357
14
15
1
2
0.18181818181818182
0.81818181818181823
11
1
-1
0
0
0
0
2
0.66666666666666663
0.33333333333333331
3
1
-1
0
0
0
1
2
0
1
8
0
9
-0.61052105418260227
17
18
1
2
0.050505050505050504
0.9494949494949495
99
1
-1
0
0
0
0
2
1
0
2
0
8
-0.47224515601334965
19
20
1
2
0.030927835051546393
0.96907216494845361
97
1
-1
0
0
0
0
2
1
0
2
0
4
0.10157219311029736
21
24
1
2
0.010526315789473684
0.98947368421052628
95
0
1
0.12780098015470429
22
23
1
2
0.1111111111111111
0.88888888888888884
9
1
-1
0
0
0
1
2
0.33333333333333331
0.66666666666666663
3
1
-1
0
0
0
1
2
0
1
6
1
-1
0
0
0
1
2
0
1
86
"DecisionTree"
1
0
8
2
0
3
2
15
0
4
-0.17921496151992938
1
6
0
2
0.64576802507836994
0.35423197492163011
319
0
3
0.34655883370646301
2
3
0
2
0.95652173913043481
0.043478260869565216
207
1
-1
0
0
0
0
2
1
0
190
0
0
0.99945646868962634
4
5
1
2
0.47058823529411764
0.52941176470588236
17
1
-1
0
0
0
0
2
1
0
8
1
-1
0
0
0
1
2
0
1
9
0
9
-0.61605179731569137
7
8
1
2
0.071428571428571425
0.9285714285714286
112
1
-1
0
0
0
0
2
1
0
2
0
2
0.12323985815665225
9
14
1
2
0.054545454545454543
0.94545454545454544
110
0
5
0.11660650946651899
10
13
1
2
0.375
0.625
16
0
0
-0.071596635066004305
11
12
1
2
0.16666666666666666
0.83333333333333337
12
1
-1
0
0
0
0
2
1
0
2
1
-1
0
0
0
1
2
0
1
10
1
-1
0
0
0
0
2
1
0
4
1
-1
0
0
0
1
2
0
1
94
"DecisionTree"
1
0
8
2
0
3
2
23
0
3
0.0018989179527105424
1
10
0
2
0.62382445141065834
0.37617554858934171
319
0
6
-0.21318458110860511
2
3
0
2
0.9521276595744681
0.047872340425531915
188
1
-1
0
0
0
0
2
1
0
148
0
5
-0.2350256235044258
4
5
0
2
0.77500000000000002
0.22500000000000001
40
1
-1
0
0
0
1
2
0
1
6
0
5
0.29829709845985908
6
9
0
2
0.91176470588235292
0.088235294117647065
34
0
9
0.034687345953133851
7
8
0
2
0.967741935483871
0.032258064516129031
31
1
-1
0
0
0
0
2
1
0
29
1
-1
0
0
0
0
2
0.5
0.5
2
1
-1
0
0
0
1
2
0.33333333333333331
0.66666666666666663
3
0
4
-0.012616350730512529
11
22
1
2
0.15267175572519084
0.84732824427480913
131
0
0
0.57618002375563249
12
17
0
2
0.55555555555555558
0.44444444444444442
36
0
6
0.11254736487716029
13
16
0
2
0.81818181818181823
0.18181818181818182
22
0
7
-0.1118989720660481
14
15
0
2
0.63636363636363635
0.36363636363636365
11
1
-1
0
0
0
0
2
1
0
7
1
-1
0
0
0
1
2
0
1
4
1
-1
0
0
0
0
2
1
0
11
0
4
-0.36870430981303792
18
21
1
2
0.14285714285714285
0.8571428571428571
14
0
6
-0.44336848960521263
19
20
1
2
0.2857142857142857
0.7142857142857143
7
1
-1
0
0
0
1
2
0
1
5
1
-1
0
0
0
0
2
1
0
2
1
-1
0
0
0
1
2
0
1
7
1
-1
0
0
0
1
2
0
1
95
"DecisionTree"
1
0
8
2
0
3
2
25
0
3
0.0018989179527105424
1
12
0
2
0.66457680250783702
0.33542319749216298
319
0
4
-0.17921496151992938
2
3
0
2
0.96446700507614214
0.03553299492385787
197
1
-1
0
0
0
0
2
1
0
171
0
4
-0.15552879298329084
4
5
0
2
0.73076923076923073
0.26923076923076922
26
1
-1
0
0
0
1
2
0
1
3
0
1
0.15159317032954872
6
7
0
2
0.82608695652173914
0.17391304347826086
23
1
-1
0
0
0
0
2
1
0
12
0
5
0.51985051875658794
8
11
0
2
0.63636363636363635
0.36363636363636365
11
0
4
0.11217794021625492
9
10
1
2
0.33333333333333331
0.66666666666666663
6
1
-1
0
0
0
0
2
0.66666666666666663
0.33333333333333331
3
1
-1
0
0
0
1
2
0
1
3
1
-1
0
0
0
0
2
1
0
5
0
0
0.56916439207164349
13
20
1
2
0.18032786885245902
0.81967213114754101
122
0
9
0.17929604445731723
14
19
0
2
0.63636363636363635
0.36363636363636365
33
0
1
-0.062536541244050087
15
16
0
2
0.77777777777777779
0.22222222222222221
27
1
-1
0
0
0
0
2
1
0
15
0
5
0.13423007699012218
17
18
0
2
0.5
0.5
12
1
-1
0
0
0
1
2
0
1
6
1
-1
0
0
0
0
2
1
0
6
1
-1
0
0
0
1
2
0
1
6
0
4
-0.39460000899675107
21
24
1
2
0.011235955056179775
0.9887640449438202
89
0
4
-0.54210827499544412
22
23
1
2
0.16666666666666666
0.83333333333333337
6
1
-1
0
0
0
1
2
0
1
4
1
-1
0
0
0
0
2
0.5
0.5
2
1
-1
0
0
0
1
2
0
1
83
"DecisionTree"
1
0
8
2
0
3
2
25
0
4
-0.096755277771109191
1
20
0
2
0.64263322884012541
0.35736677115987459
319
0
3
-0.03925645485336679
2
9
0
2
0.94366197183098588
0.056338028169014086
213
0
1
-0.17406243268863253
3
4
0
2
0.98952879581151831
0.010471204188481676
191
1
-1
0
0
0
0
2
1
0
181
0
0
-0.13863489337967558
5
6
0
2
0.80000000000000004
0.20000000000000001
10
1
-1
0
0
0
0
2
1
0
6
0
8
-0.6134920691144401
7
8
0
2
0.5
0.5
4
1
-1
0
0
0
1
2
0
1
2
1
-1
0
0
0
0
2
1
0
2
0
2
-0.085961620758060547
10
17
0
2
0.54545454545454541
0.45454545454545453
22
0
8
0.18186106443282146
11
12
0
2
0.7142857142857143
0.2857142857142857
14
1
-1
0
0
0
0
2
1
0
7
0
9
-0.71560517371129517
13
14
1
2
0.42857142857142855
0.5714285714285714
7
1
-1
0
0
0
0
2
1
0
2
0
5
-0.34055722427076546
15
16
1
2
0.20000000000000001
0.80000000000000004
5
1
-1
0
0
0
1
2
0
1
3
1
-1
0
0
0
0
2
0.5
0.5
2
0
7
-0.0043931351332489781
18
19
1
2
0.25
0.75
8
1
-1
0
0
0
1
2
0
1
6
1
-1
0
0
0
0
2
1
0
2
0
2
0.21127018344254656
21
24
1
2
0.037735849056603772
0.96226415094339623
106
0
8
-0.064085914747238876
22
23
0
2
0.5714285714285714
0.42857142857142855
7
1
-1
0
0
0
0
2
1
0
4
1
-1
0
0
0
1
2
0
1
3
1
-1
0
0
0
1
2
0
1
99
"DecisionTree"
1
0
8
2
0
3
2
25
0
8
0.0015970668159139834
1
14
0
2
0.62382445141065834
0.37617554858934171
319
0
5
0.17493212579463513
2
9
0
2
0.94472361809045224
0.055276381909547742
199
0
4
-0.20767371625424888
3
6
0
2
0.97340425531914898
0.026595744680851064
188
0
0
0.25579951018680852
4
5
0
2
0.99447513812154698
0.0055248618784530384
181
1
-1
0
0
0
0
2
1
0
179
1
-1
0
0
0
0
2
0.5
0.5
2
0
7
-0.19875896925866648
7
8
1
2
0.42857142857142855
0.5714285714285714
7
1
-1
0
0
0
1
2
0
1
4
1
-1
0
0
0
0
2
1
0
3
0
6
0.31377732261947738
10
11
1
2
0.45454545454545453
0.54545454545454541
11
1
-1
0
0
0
1
2
0
1
3
0
5
0.7233607627791514
12
13
0
2
0.625
0.375
8
1
-1
0
0
0
0
2
1
0
5
1
-1
0
0
0
1
2
0
1
3
0
4
-0.30339058388551593
15
20
1
2
0.09166666666666666
0.90833333333333333
120
0
3
0.34655883370646301
16
17
0
2
0.75
0.25
12
1
-1
0
0
0
0
2
1
0
8
0
3
0.96676376929519026
18
19
1
2
0.25
0.75
4
1
-1
0
0
0
0
2
0.5
0.5
2
1
-1
0
0
0
1
2
0
1
2
0
4
-0.01897979899408711
21
24
1
2
0.018518518518518517
0.98148148148148151
108
0
4
-0.075808927236843043
22
23
1
2
0.15384615384615385
0.84615384615384615
13
1
-1
0
0
0
1
2
0
1
11
1
-1
0
0
0
0
2
1
0
2
1
-1
0
0
0
1
2
0
1
95
"DecisionTree"
1
0
8
2
0
3
2
25
0
1
0.22148272896815391
1
20
0
2
0.62068965517241381
0.37931034482758619
319
0
0
0.64010022354308649
2
15
0
2
0.92056074766355145
0.079439252336448593
214
0
3
-0.14325542867443844
3
8
0
2
0.97014925373134331
0.029850746268656716
201
0
4
-0.18328049791054646
4
5
0
2
0.99425287356321834
0.0057471264367816091
174
1
-1
0
0
0
0
2
1
0
167
0
1
-0.10417287405002734
6
7
0
2
0.8571428571428571
0.14285714285714285
7
1
-1
0
0
0
0
2
0.5
0.5
2
1
-1
0
0
0
0
2
1
0
5
0
2
0.13670331967096538
9
10
0
2
0.81481481481481477
0.18518518518518517
27
1
-1
0
0
0
0
2
1
0
18
0
5
0.32808931974976013
11
12
1
2
0.44444444444444442
0.55555555555555558
9
1
-1
0
0
0
1
2
0
1
4
0
0
0.41715903891855194
13
14
0
2
0.80000000000000004
0.20000000000000001
5
1
-1
0
0
0
0
2
0.66666666666666663
0.33333333333333331
3
1
-1
0
0
0
0
2
1
0
2
0
1
-0.30923181311946679
16
19
1
2
0.15384615384615385
0.84615384615384615
13
0
7
-0.75133012287622258
17
18
1
2
0.40000000000000002
0.59999999999999998
5
1
-1
0
0
0
1
2
0.33333333333333331
0.66666666666666663
3
1
-1
0
0
0
0
2
0.5
0.5
2
1
-1
0
0
0
1
2
0
1
8
0
2
0.39458039021434965
21
24
1
2
0.0095238095238095247
0.99047619047619051
105
0
4
0.2216822790852668
22
23
1
2
0.0625
0.9375
16
1
-1
0
0
0
1
2
0
1
14
1
-1
0
0
0
0
2
0.5
0.5
2
1
-1
0
0
0
1
2
0
1
89
"DecisionTree"
1
0
8
2
0
3
2
23
0
1
-0.075919648217399868
1
8
0
2
0.60188087774294674
0.39811912225705332
319
0
7
-0.64633128076901669
2
7
0
2
0.98870056497175141
0.011299435028248588
177
0
8
0.90013012029217832
3
4
0
2
0.97959183673469385
0.020408163265306121
98
1
-1
0
0
0
0
2
1
0
93
0
6
-0.94861493026757771
5
6
0
2
0.59999999999999998
0.40000000000000002
5
1
-1
0
0
0
0
2
1
0
3
1
-1
0
0
0
1
2
0
1
2
1
-1
0
0
0
0
2
1
0
79
0
3
-0.083939431042822171
9
16
1
2
0.11971830985915492
0.88028169014084512
142
0
1
0.2348658359415039
10
13
0
2
0.6875
0.3125
16
0
2
0.10459814221375741
11
12
0
2
0.90909090909090906
0.090909090909090912
11
1
-1
0
0
0
0
2
1
0
9
1
-1
0
0
0
0
2
0.5
0.5
2
0
6
0.49618721237150598
14
15
1
2
0.20000000000000001
0.80000000000000004
5
1
-1
0
0
0
1
2
0
1
3
1
-1
0
0
0
0
2
0.5
0.5
2
0
0
0.49900807523175522
17
22
1
2
0.047619047619047616
0.95238095238095233
126
0
7
0.44008230041607421
18
21
1
2
0.2608695652173913
0.73913043478260865
23
0
6
0.14005361809373595
19
20
0
2
0.59999999999999998
0.40000000000000002
10
1
-1
0
0
0
1
2
0
1
4
1
-1
0
0
0
0
2
1
0
6
1
-1
0
0
0
1
2
0
1
13
1
-1
0
0
0
1
2
0
1
103
"DecisionTree"
1
0
8
2
0
3
2
15
0
2
0.25269621887120247
1
10
0
2
0.61442006269592475
0.38557993730407525
319
0
1
-0.075919648217399868
2
7
0
2
0.93301435406698563
0.066985645933014357
209
0
8
0.90013012029217832
3
4
0
2
0.97860962566844922
0.021390374331550801
187
1
-1
0
0
0
0
2
1
0
180
0
5
-1.0811666690126716
5
6
1
2
0.42857142857142855
0.5714285714285714
7
1
-1
0
0
0
0
2
1
0
3
1
-1
0
0
0
1
2
0
1
4
0
6
0.014103932312573449
8
9
0
2
0.54545454545454541
0.45454545454545453
22
1
-1
0
0
0
1
2
0
1
10
1
-1
0
0
0
0
2
1
0
12
0
1
0.42669036922618597
11
14
1
2
0.0090909090909090905
0.99090909090909096
110
0
6
0.53093195327665454
12
13
1
2
0.076923076923076927
0.92307692307692313
13
1
-1
0
0
0
1
2
0
1
11
1
-1
0
0
0
0
2
0.5
0.5
2
1
-1
0
0
0
1
2
0
1
97
"DecisionTree"
1
0
8
2
0
3
2
17
0
1
-0.15324426628564392
1
6
0
2
0.61128526645768022
0.38871473354231972
319
0
8
0.90013012029217832
2
3
0
2
0.953125
0.046875
192
1
-1
0
0
0
0
2
1
0
180
0
2
-0.94140925235980877
4
5
1
2
0.25
0.75
12
1
-1
0
0
0
0
2
1
0
3
1
-1
0
0
0
1
2
0
1
9
0
4
0.087166053291371698
7
16
1
2
0.094488188976377951
0.90551181102362199
127
0
0
0.46626846070647388
8
15
1
2
0.40000000000000002
0.59999999999999998
30
0
6
-0.029326993818862036
9
14
0
2
0.70588235294117652
0.29411764705882354
17
0
4
-0.22216823729905755
10
11
1
2
0.375
0.625
8
1
-1
0
0
0
0
2
1
0
2
0
5
-0.2031353584617146
12
13
1
2
0.16666666666666666
0.83333333333333337
6
1
-1
0
0
0
1
2
0.33333333333333331
0.66666666666666663
3
1
-1
0
0
0
1
2
0
1
3
1
-1
0
0
0
0
2
1
0
9
1
-1
0
0
0
1
2
0
1
13
1
-1
0
0
0
1
2
0
1
97
"DecisionTree"
1
0
8
2
0
3
2
25
0
2
0.1480954794138461
1
16
0
2
0.58307210031347967
0.41692789968652039
319
0
1
-0.075919648217399868
2
7
0
2
0.89162561576354682
0.10837438423645321
203
0
8
0.75634963027447633
3
4
0
2
0.98787878787878791
0.012121212121212121
165
1
-1
0
0
0
0
2
1
0
161
0
9
-0.5178473826598653
5
6
0
2
0.5
0.5
4
1
-1
0
0
0
0
2
1
0
2
1
-1
0
0
0
1
2
0
1
2
0
7
-0.0043931351332489781
8
13
1
2
0.47368421052631576
0.52631578947368418
38
0
3
-0.49875945853264936
9
10
1
2
0.14285714285714285
0.8571428571428571
21
1
-1
0
0
0
0
2
1
0
2
0
2
-0.12635200530100049
11
12
1
2
0.052631578947368418
0.94736842105263153
19
1
-1
0
0
0
1
2
0.33333333333333331
0.66666666666666663
3
1
-1
0
0
0
1
2
0
1
16
0
3
0.91972905751681611
14
15
0
2
0.88235294117647056
0.11764705882352941
17
1
-1
0
0
0
0
2
1
0
15
1
-1
0
0
0
1
2
0
1
2
0
8
-0.20507947015666822
17
24
1
2
0.043103448275862072
0.9568965517241379
116
0
9
-0.50112025708662022
18
19
1
2
0.35714285714285715
0.6428571428571429
14
1
-1
0
0
0
0
2
1
0
3
0
5
0.41075224361047141
20
21
1
2
0.18181818181818182
0.81818181818181823
11
1
-1
0
0
0
1
2
0
1
7
0
4
0.36167814088390671
22
23
0
2
0.5
0.5
4
1
-1
0
0
0
0
2
1
0
2
1
-1
0
0
0
1
2
0
1
2
1
-1
0
0
0
1
2
0
1
102
"DecisionTree"
1
0
8
2
0
3
2
19
0
4
-0.17921496151992938
1
10
0
2
0.61442006269592475
0.38557993730407525
319
0
8
0.18186106443282146
2
7
0
2
0.96842105263157896
0.031578947368421054
190
0
3
0.080812712158649269
3
4
0
2
0.99431818181818177
0.005681818181818182
176
1
-1
0
0
0
0
2
1
0
170
0
8
-0.17131955774282015
5
6
0
2
0.83333333333333337
0.16666666666666666
6
1
-1
0
0
0
0
2
1
0
4
1
-1
0
0
0
0
2
0.5
0.5
2
0
4
-0.31143327544086707
8
9
0
2
0.6428571428571429
0.35714285714285715
14
1
-1
0
0
0
0
2
1
0
9
1
-1
0
0
0
1
2
0
1
5
0
3
0.3954226731651071
11
18
1
2
0.093023255813953487
0.90697674418604646
129
0
2
0.28687269809984395
12
17
1
2
0.31578947368421051
0.68421052631578949
38
0
0
-0.055226827803363729
13
14
0
2
0.54545454545454541
0.45454545454545453
22
1
-1
0
0
0
0
2
1
0
8
0
2
0.14084592321383127
15
16
1
2
0.2857142857142857
0.7142857142857143
14
1
-1
0
0
0
1
2
0
1
10
1
-1
0
0
0
0
2
1
0
4
1
-1
0
0
0
1
2
0
1
16
1
-1
0
0
0
1
2
0
1
91
"DecisionTree"
1
0
8
2
0
3
2
13
0
2
0.1480954794138461
1
12
0
2
0.61442006269592475
0.38557993730407525
319
0
3
0.80371010179682667
2
11
0
2
0.90740740740740744
0.092592592592592587
216
0
4
-0.18328049791054646
3
6
0
2
0.94230769230769229
0.057692307692307696
208
0
0
1.0321960832149075
4
5
0
2
0.989247311827957
0.010752688172043012
186
1
-1
0
0
0
0
2
1
0
184
1
-1
0
0
0
1
2
0
1
2
0
7
-0.012798941313179843
7
10
0
2
0.54545454545454541
0.45454545454545453
22
0
0
0.11704590577014012
8
9
1
2
0.090909090909090912
0.90909090909090906
11
1
-1
0
0
0
1
2
0.33333333333333331
0.66666666666666663
3
1
-1
0
0
0
1
2
0
1
8
1
-1
0
0
0
0
2
1
0
11
1
-1
0
0
0
1
2
0
1
8
1
-1
0
0
0
1
2
0
1
103
"DecisionTree"
1
0
8
2
0
3
2
27
0
4
0.0061204691566792181
1
20
0
2
0.64263322884012541
0.35736677115987459
319
0
0
0.32907388555291417
2
9
0
2
0.91402714932126694
0.085972850678733032
221
0
4
-0.17921496151992938
3
4
0
2
0.98979591836734693
0.01020408163265306
196
1
-1
0
0
0
0
2
1
0
183
0
1
0.15159317032954872
5
8
0
2
0.84615384615384615
0.15384615384615385
13
0
9
-0.41896848713415041
6
7
0
2
0.90909090909090906
0.090909090909090912
11
1
-1
0
0
0
0
2
0.5
0.5
2
1
-1
0
0
0
0
2
1
0
9
1
-1
0
0
0
0
2
0.5
0.5
2
0
1
-0.52351022588165819
10
11
1
2
0.32000000000000001
0.68000000000000005
25
1
-1
0
0
0
0
2
1
0
2
0
7
-0.10437798758926804
12
17
1
2
0.2608695652173913
0.73913043478260865
23
0
9
-0.50395307674015366
13
16
1
2
0.11764705882352941
0.88235294117647056
17
0
5
-0.5000085494843205
14
15
1
2
0.40000000000000002
0.59999999999999998
5
1
-1
0
0
0
1
2
0
1
2
1
-1
0
0
0
0
2
0.66666666666666663
0.33333333333333331
3
1
-1
0
0
0
1
2
0
1
12
0
6
0.35141745860005497
18
19
0
2
0.66666666666666663
0.33333333333333331
6
1
-1
0
0
0
0
2
0.5
0.5
4
1
-1
0
0
0
0
2
1
0
2
0
3
-0.42389587561873721
21
22
1
2
0.030612244897959183
0.96938775510204078
98
1
-1
0
0
0
0
2
0.66666666666666663
0.33333333333333331
3
0
1
0.23486583594150368
23
26
1
2
0.010526315789473684
0.98947368421052628
95
0
8
-0.1107037300128903
24
25
1
2
0.20000000000000001
0.80000000000000004
5
1
-1
0
0
0
0
2
0.5
0.5
2
1
-1
0
0
0
1
2
0
1
3
1
-1
0
0
0
1
2
0
1
90
"DecisionTree"
1
0
8
2
0
3
2
13
0
8
-0.041410401343566064
1
4
0
2
0.66771159874608155
0.33228840125391851
319
0
1
0.16646328918882641
2
3
0
2
0.96097560975609753
0.039024390243902439
205
1
-1
0
0
0
0
2
1
0
197
1
-1
0
0
0
1
2
0
1
8
0
0
0.57228245059786087
5
12
1
2
0.14035087719298245
0.85964912280701755
114
0
2
-2.5972435993585827e-06
6
7
0
2
0.5714285714285714
0.42857142857142855
28
1
-1
0
0
0
0
2
1
0
13
0
8
0.35351090053324974
8
9
1
2
0.20000000000000001
0.80000000000000004
15
1
-1
0
0
0
1
2
0
1
9
0
8
0.68857644775511895
10
11
0
2
0.5
0.5
6
1
-1
0
0
0
0
2
1
0
3
1
-1
0
0
0
1
2
0
1
3
1
-1
0
0
0
1
2
0
1
86
"DecisionTree"
1
0
8
2
0
3
2
19
0
2
-0.17917020047253696
1
4
0
2
0.58620689655172409
0.41379310344827586
319
0
3
0.37896052404267622
2
3
0
2
0.99404761904761907
0.0059523809523809521
168
1
-1
0
0
0
0
2
1
0
165
1
-1
0
0
0
0
2
0.66666666666666663
0.33333333333333331
3
0
0
-0.46026263035898629
5
6
1
2
0.13245033112582782
0.86754966887417218
151
1
-1
0
0
0
0
2
1
0
10
0
2
0.25269621887120247
7
18
1
2
0.070921985815602842
0.92907801418439717
141
0
7
0.0057823144529830063
8
17
1
2
0.35714285714285715
0.6428571428571429
28
0
7
-0.28340691219340797
9
14
1
2
0.18181818181818182
0.81818181818181823
22
0
1
-0.075919648217399868
10
13
1
2
0.42857142857142855
0.5714285714285714
7
0
0
0.32595582702669701
11
12
0
2
0.75
0.25
4
1
-1
0
0
0
0
2
1
0
2
1
-1
0
0
0
0
2
0.5
0.5
2
1
-1
0
0
0
1
2
0
1
3
0
0
0.0040162841947643801
15
16
1
2
0.066666666666666666
0.93333333333333335
15
1
-1
0
0
0
0
2
0.5
0.5
2
1
-1
0
0
0
1
2
0
1
13
1
-1
0
0
0
0
2
1
0
6
1
-1
0
0
0
1
2
0
1
113
"DecisionTree"
1
0
8
2
0
3
2
23
0
4
0.0061204691566792181
1
18
0
2
0.56739811912225702
0.43260188087774293
319
0
1
-0.075919648217399868
2
9
0
2
0.89447236180904521
0.10552763819095477
199
0
3
0.60969191571103354
3
8
0
2
0.96511627906976749
0.034883720930232558
172
0
0
-0.057565371698026641
4
5
0
2
0.99401197604790414
0.0059880239520958087
167
1
-1
0
0
0
0
2
1
0
150
0
1
-0.19517800146880687
6
7
0
2
0.94117647058823528
0.058823529411764705
17
1
-1
0
0
0
0
2
1
0
15
1
-1
0
0
0
0
2
0.5
0.5
2
1
-1
0
0
0
1
2
0
1
5
0
5
0.023453366841757736
10
11
1
2
0.44444444444444442
0.55555555555555558
27
1
-1
0
0
0
1
2
0
1
12
0
8
0.036687107110983122
12
13
0
2
0.80000000000000004
0.20000000000000001
15
1
-1
0
0
0
0
2
1
0
9
0
2
0.015532166042146526
14
17
0
2
0.5
0.5
6
0
4
-0.14518818955498217
15
16
1
2
0.25
0.75
4
1
-1
0
0
0
0
2
0.5
0.5
2
1
-1
0
0
0
1
2
0
1
2
1
-1
0
0
0
0
2
1
0
2
0
3
-0.42389587561873721
19
22
1
2
0.025000000000000001
0.97499999999999998
120
0
9
-0.51015830074313173
20
21
0
2
0.59999999999999998
0.40000000000000002
5
1
-1
0
0
0
0
2
1
0
3
1
-1
0
0
0
1
2
0
1
2
1
-1
0
0
0
1
2
0
1
115
"DecisionTree"
1
0
8
2
0
3
2
23
0
3
0.080028800295676397
1
12
0
2
0.59561128526645768
0.40438871473354232
319
0
0
-0.065360518013569818
2
5
0
2
0.92820512820512824
0.07179487179487179
195
0
7
0.2669521871662715
3
4
0
2
0.98787878787878791
0.012121212121212121
165
1
-1
0
0
0
0
2
1
0
163
1
-1
0
0
0
1
2
0
1
2
0
1
-0.16662737325899368
6
7
0
2
0.59999999999999998
0.40000000000000002
30
1
-1
0
0
0
0
2
1
0
15
0
7
-0.092285424312876299
8
9
1
2
0.20000000000000001
0.80000000000000004
15
1
-1
0
0
0
1
2
0
1
8
0
4
0.10820078505152084
10
11
1
2
0.42857142857142855
0.5714285714285714
7
1
-1
0
0
0
0
2
1
0
3
1
-1
0
0
0
1
2
0
1
4
0
1
-0.13242609988265505
13
18
1
2
0.072580645161290328
0.92741935483870963
124
0
7
-0.64382428594342334
14
17
0
2
0.72727272727272729
0.27272727272727271
11
0
8
1.8419873390424992
15
16
1
2
0.25
0.75
4
1
-1
0
0
0
0
2
0.5
0.5
2
1
-1
0
0
0
1
2
0
1
2
1
-1
0
0
0
0
2
1
0
7
0
4
-0.12653975089367342
19
22
1
2
0.0088495575221238937
0.99115044247787609
113
0
5
-0.060678187645920367
20
21
1
2
0.16666666666666666
0.83333333333333337
6
1
-1
0
0
0
1
2
0
1
3
1
-1
0
0
0
1
2
0.33333333333333331
0.66666666666666663
3
1
-1
0
0
0
1
2
0
1
107
"DecisionTree"
1
0
8
2
0
3
2
27
0
4
-0.002275747302203859
1
20
0
2
0.65203761755485889
0.34796238244514105
319
0
4
-0.17921496151992938
2
11
0
2
0.92660550458715596
0.073394495412844041
218
0
4
-0.2581393962334303
3
8
0
2
0.98395721925133695
0.016042780748663103
187
0
1
-0.48008947881256736
4
5
0
2
0.98863636363636365
0.011363636363636364
176
1
-1
0
0
0
0
2
1
0
137
0
7
-0.67774245123086341
6
7
0
2
0.94871794871794868
0.05128205128205128
39
1
-1
0
0
0
1
2
0
1
2
1
-1
0
0
0
0
2
1
0
37
0
2
-0.13567286327244807
9
10
0
2
0.90909090909090906
0.090909090909090912
11
1
-1
0
0
0
0
2
0.5
0.5
2
1
-1
0
0
0
0
2
1
0
9
0
0
-0.055226827803363729
12
13
0
2
0.58064516129032262
0.41935483870967744
31
1
-1
0
0
0
0
2
1
0
13
0
6
-0.0061638332154298099
14
15
1
2
0.27777777777777779
0.72222222222222221
18
1
-1
0
0
0
1
2
0
1
11
0
2
0.016567816927863091
16
19
0
2
0.7142857142857143
0.2857142857142857
7
0
0
0.4311903022865296
17
18
0
2
0.5
0.5
4
1
-1
0
0
0
0
2
1
0
2
1
-1
0
0
0
1
2
0
1
2
1
-1
0
0
0
0
2
1
0
3
0
8
-0.21730397877931867
21
26
1
2
0.059405940594059403
0.94059405940594054
101
0
1
0.22445675274000948
22
23
1
2
0.40000000000000002
0.59999999999999998
15
1
-1
0
0
0
0
2
1
0
5
0
9
0.13505009939260437
24
25
1
2
0.10000000000000001
0.90000000000000002
10
1
-1
0
0
0
1
2
0
1
7
1
-1
0
0
0
1
2
0.33333333333333331
0.66666666666666663
3
1
-1
0
0
0
1
2
0
1
86
"DecisionTree"
1
0
8
2
0
3
2
27
0
9
0.00028882158879922203
1
22
0
2
0.62068965517241381
0.37931034482758619
319
0
2
-0.17917020047253696
2
5
0
2
0.86757990867579904
0.13242009132420091
219
0
3
0.48348210577239636
3
4
0
2
0.98285714285714287
0.017142857142857144
175
1
-1
0
0
0
0
2
1
0
172
1
-1
0
0
0
1
2
0
1
3
0
0
-0.065360518013569818
6
9
1
2
0.40909090909090912
0.59090909090909094
44
0
5
0.25591661465309851
7
8
0
2
0.92307692307692313
0.076923076923076927
13
1
-1
0
0
0
0
2
1
0
11
1
-1
0
0
0
0
2
0.5
0.5
2
0
0
0.36337252934130421
10
17
1
2
0.19354838709677419
0.80645161290322576
31
0
6
-0.0061638332154298099
11
12
1
2
0.41666666666666669
0.58333333333333337
12
1
-1
0
0
0
1
2
0
1
5
0
8
-0.20507947015666822
13
14
0
2
0.7142857142857143
0.2857142857142857
7
1
-1
0
0
0
0
2
1
0
3
0
9
-0.23362114408867651
15
16
0
2
0.5
0.5
4
1
-1
0
0
0
0
2
1
0
2
1
-1
0
0
0
1
2
0
1
2
0
8
0.3566778716790141
18
21
1
2
0.052631578947368418
0.94736842105263153
19
0
3
0.29547391063606215
19
20
1
2
0.14285714285714285
0.8571428571428571
7
1
-1
0
0
0
1
2
0
1
5
1
-1
0
0
0
0
2
0.5
0.5
2
1
-1
0
0
0
1
2
0
1
12
0
4
0.0061204691566792181
23
24
1
2
0.080000000000000002
0.92000000000000004
100
1
-1
0
0
0
0
2
1
0
7
0
3
-0.38861984178495662
25
26
1
2
0.010752688172043012
0.989247311827957
93
1
-1
0
0
0
0
2
0.5
0.5
2
1
-1
0
0
0
1
2
0
1
91
"DecisionTree"
1
0
8
2
0
3
2
25
0
3
0.0018989179527105424
1
12
0
2
0.64263322884012541
0.35736677115987459
319
0
1
0.2348658359415039
2
11
0
2
0.95959595959595956
0.040404040404040407
198
0
1
0.029658195683471632
3
8
0
2
0.98445595854922274
0.015544041450777202
193
0
4
-0.17921496151992938
4
5
0
2
0.9946236559139785
0.0053763440860215058
186
1
-1
0
0
0
0
2
1
0
174
0
6
0.040162487991434639
6
7
0
2
0.91666666666666663
0.083333333333333329
12
1
-1
0
0
0
0
2
0.5
0.5
2
1
-1
0
0
0
0
2
1
0
10
0
6
-0.036565481507434702
9
10
0
2
0.7142857142857143
0.2857142857142857
7
1
-1
0
0
0
1
2
0.33333333333333331
0.66666666666666663
3
1
-1
0
0
0
0
2
1
0
4
1
-1
0
0
0
1
2
0
1
5
0
0
0.57306196522941533
13
20
1
2
0.12396694214876033
0.87603305785123964
121
0
4
-0.23348103421207891
14
15
1
2
0.43333333333333335
0.56666666666666665
30
1
-1
0
0
0
0
2
1
0
9
0
5
0.1856321489339656
16
17
1
2
0.19047619047619047
0.80952380952380953
21
1
-1
0
0
0
1
2
0
1
10
0
2
0.21748408875684522
18
19
1
2
0.36363636363636365
0.63636363636363635
11
1
-1
0
0
0
0
2
1
0
4
1
-1
0
0
0
1
2
0
1
7
0
2
-0.11392419467240356
21
24
1
2
0.02197802197802198
0.97802197802197799
91
0
9
-0.65449720689935953
22
23
1
2
0.22222222222222221
0.77777777777777779
9
1
-1
0
0
0
0
2
1
0
2
1
-1
0
0
0
1
2
0
1
7
1
-1
0
0
0
1
2
0
1
82
"DecisionTree"
1
0
8
2
0
3
2
27
0
4
0.10554934827503144
1
22
0
2
0.60188087774294674
0.39811912225705332
319
0
1
-0.15324426628564392
2
11
0
2
0.88837209302325582
0.11162790697674418
215
0
2
-0.29827005232992321
3
8
0
2
0.97674418604651159
0.023255813953488372
172
0
6
-0.86754386815556483
4
7
0
2
0.9932432432432432
0.0067567567567567571
148
0
0
0.72039023059318086
5
6
0
2
0.98076923076923073
0.019230769230769232
52
1
-1
0
0
0
0
2
1
0
49
1
-1
0
0
0
0
2
0.66666666666666663
0.33333333333333331
3
1
-1
0
0
0
0
2
1
0
96
0
3
0.40652809122389
9
10
0
2
0.875
0.125
24
1
-1
0
0
0
0
2
1
0
21
1
-1
0
0
0
1
2
0
1
3
0
7
-0.0043931351332489781
12
19
0
2
0.53488372093023251
0.46511627906976744
43
0
6
-0.23924313678746656
13
14
1
2
0.23809523809523808
0.76190476190476186
21
1
-1
0
0
0
0
2
1
0
3
0
1
-0.011978137122505852
15
18
1
2
0.1111111111111111
0.88888888888888884
18
0
6
-0.069862524874868298
16
17
1
2
0.2857142857142857
0.7142857142857143
7
1
-1
0
0
0
1
2
0
1
5
1
-1
0
0
0
0
2
1
0
2
1
-1
0
0
0
1
2
0
1
11
0
1
0.2765021687474814
20
21
0
2
0.81818181818181823
0.18181818181818182
22
1
-1
0
0
0
0
2
1
0
18
1
-1
0
0
0
1
2
0
1
4
0
8
-0.47224515601334965
23
26
1
2
0.0096153846153846159
0.99038461538461542
104
0
9
-0.2334862479146988
24
25
1
2
0.20000000000000001
0.80000000000000004
5
1
-1
0
0
0
1
2
0
1
2
1
-1
0
0
0
1
2
0.33333333333333331
0.66666666666666663
3
1
-1
0
0
0
1
2
0
1
99
"DecisionTree"
1
0
8
2
0
3
2
23
0
1
0.22148272896815391
1
20
0
2
0.60815047021943569
0.39184952978056425
319
0
3
0.60969191571103354
2
17
0
2
0.9138755980861244
0.086124401913875603
209
0
2
0.04556604172792246
3
14
0
2
0.95477386934673369
0.045226130653266333
199
0
2
-0.10460333670095612
4
9
0
2
0.97860962566844922
0.021390374331550801
187
0
3
0.34655883370646301
5
6
0
2
0.99408284023668636
0.0059171597633136093
169
1
-1
0
0
0
0
2
1
0
165
0
9
-0.28690513280990082
7
8
0
2
0.75
0.25
4
1
-1
0
0
0
0
2
0.5
0.5
2
1
-1
0
0
0
0
2
1
0
2
0
5
-0.18278433405945829
10
11
0
2
0.83333333333333337
0.16666666666666666
18
1
-1
0
0
0
1
2
0
1
2
0
0
0.10847124482304273
12
13
0
2
0.9375
0.0625
16
1
-1
0
0
0
0
2
1
0
13
1
-1
0
0
0
0
2
0.66666666666666663
0.33333333333333331
3
0
6
-0.0090592282908587771
15
16
0
2
0.58333333333333337
0.41666666666666669
12
1
-1
0
0
0
1
2
0
1
5
1
-1
0
0
0
0
2
1
0
7
0
8
1.837553579438429
18
19
1
2
0.10000000000000001
0.90000000000000002
10
1
-1
0
0
0
1
2
0
1
7
1
-1
0
0
0
1
2
0.33333333333333331
0.66666666666666663
3
0
8
-0.47224515601334965
21
22
1
2
0.027272727272727271
0.97272727272727277
110
1
-1
0
0
0
0
2
0.75
0.25
4
1
-1
0
0
0
1
2
0
1
106
"DecisionTree"
1
0
8
2
0
3
2
21
0
4
0.091143208456105781
1
18
0
2
0.65203761755485889
0.34796238244514105
319
0
8
0.62080326523576168
2
15
0
2
0.89610389610389607
0.1038961038961039
231
0
0
0.05780279377201223
3
4
0
2
0.96682464454976302
0.033175355450236969
211
1
-1
0
0
0
0
2
1
0
186
0
3
0.10223963641324185
5
14
0
2
0.71999999999999997
0.28000000000000003
25
0
3
0.0018989179527105424
6
13
0
2
0.5625
0.4375
16
0
8
-0.45533353009496791
7
10
0
2
0.75
0.25
12
0
4
-0.08447028737337503
8
9
0
2
0.5
0.5
4
1
-1
0
0
0
0
2
1
0
2
1
-1
0
0
0
1
2
0
1
2
0
9
-0.40116219216908311
11
12
0
2
0.875
0.125
8
1
-1
0
0
0
0
2
1
0
6
1
-1
0
0
0
0
2
0.5
0.5
2
1
-1
0
0
0
1
2
0
1
4
1
-1
0
0
0
0
2
1
0
9
0
8
2.6166284812964618
16
17
1
2
0.14999999999999999
0.84999999999999998
20
1
-1
0
0
0
1
2
0
1
17
1
-1
0
0
0
0
2
1
0
3
0
3
-0.46583516028778749
19
20
1
2
0.011363636363636364
0.98863636363636365
88
1
-1
0
0
0
0
2
0.5
0.5
2
1
-1
0
0
0
1
2
0
1
86
"DecisionTree"
1
0
8
2
0
3
2
19
0
7
0.13024723402950217
1
16
0
2
0.6739811912225705
0.32601880877742945
319
0
8
0.3566778716790141
2
9
0
2
0.88655462184873945
0.1134453781512605
238
0
1
-0.15324426628564392
3
4
0
2
0.95348837209302328
0.046511627906976744
215
1
-1
0
0
0
0
2
1
0
194
0
6
-0.0061638332154298099
5
6
0
2
0.52380952380952384
0.47619047619047616
21
1
-1
0
0
0
1
2
0
1
8
0
3
0.016531939394871319
7
8
0
2
0.84615384615384615
0.15384615384615385
13
1
-1
0
0
0
0
2
1
0
11
1
-1
0
0
0
1
2
0
1
2
0
8
2.2999313667200258
10
15
1
2
0.2608695652173913
0.73913043478260865
23
0
7
-0.013536292732471849
11
14
1
2
0.10526315789473684
0.89473684210526316
19
0
4
-0.61599497983361529
12
13
1
2
0.058823529411764705
0.94117647058823528
17
1
-1
0
0
0
1
2
0.20000000000000001
0.80000000000000004
5
1
-1
0
0
0
1
2
0
1
12
1
-1
0
0
0
0
2
0.5
0.5
2
1
-1
0
0
0
0
2
1
0
4
0
9
-0.50112025708662022
17
18
1
2
0.049382716049382713
0.95061728395061729
81
1
-1
0
0
0
0
2
1
0
4
1
-1
0
0
0
1
2
0
1
77
"DecisionTree"
1
0
8
2
0
3
2
21
0
4
-0.012174444601097631
1
16
0
2
0.63949843260188088
0.36050156739811912
319
0
3
0.18951515715755829
2
9
0
2
0.93488372093023253
0.065116279069767441
215
0
5
-0.24048053726173144
3
4
0
2
0.97969543147208127
0.02030456852791878
197
1
-1
0
0
0
0
2
1
0
158
0
4
-0.18328049791054646
5
6
0
2
0.89743589743589747
0.10256410256410256
39
1
-1
0
0
0
0
2
1
0
27
0
6
0.1241289451788764
7
8
0
2
0.66666666666666663
0.33333333333333331
12
1
-1
0
0
0
1
2
0
1
4
1
-1
0
0
0
0
2
1
0
8
0
6
-0.34926814965376951
10
11
1
2
0.44444444444444442
0.55555555555555558
18
1
-1
0
0
0
1
2
0
1
5
0
4
-0.19733311282594021
12
13
0
2
0.61538461538461542
0.38461538461538464
13
1
-1
0
0
0
0
2
1
0
6
0
2
0.023817373127877933
14
15
1
2
0.2857142857142857
0.7142857142857143
7
1
-1
0
0
0
1
2
0
1
5
1
-1
0
0
0
0
2
1
0
2
0
1
0.23486583594150368
17
20
1
2
0.028846153846153848
0.97115384615384615
104
0
9
-0.27962073941510057
18
19
1
2
0.375
0.625
8
1
-1
0
0
0
0
2
1
0
3
1
-1
0
0
0
1
2
0
1
5
1
-1
0
0
0
1
2
0
1
96
"DecisionTree"
1
0
8
2
0
3
2
21
0
0
0.42339515597098665
1
14
0
2
0.64890282131661448
0.35109717868338558
319
0
1
0.50847602295221328
2
13
0
2
0.905829596412556
0.09417040358744394
223
0
1
0.005866005508627415
3
4
0
2
0.96190476190476193
0.038095238095238099
210
1
-1
0
0
0
0
2
1
0
185
0
4
0.11217794021625492
5
10
0
2
0.68000000000000005
0.32000000000000001
25
0
6
-0.0061638332154298099
6
9
0
2
0.80000000000000004
0.20000000000000001
20
0
6
-0.19581221065603105
7
8
1
2
0.33333333333333331
0.66666666666666663
6
1
-1
0
0
0
0
2
1
0
2
1
-1
0
0
0
1
2
0
1
4
1
-1
0
0
0
0
2
1
0
14
0
1
0.18430743181995968
11
12
1
2
0.20000000000000001
0.80000000000000004
5
1
-1
0
0
0
1
2
0
1
2
1
-1
0
0
0
1
2
0.33333333333333331
0.66666666666666663
3
1
-1
0
0
0
1
2
0
1
13
0
4
-0.28553757625715398
15
18
1
2
0.052083333333333336
0.94791666666666663
96
0
1
-0.39681681320061235
16
17
0
2
0.66666666666666663
0.33333333333333331
6
1
-1
0
0
0
1
2
0
1
2
1
-1
0
0
0
0
2
1
0
4
0
9
-0.62171743662275825
19
20
1
2
0.011111111111111112
0.98888888888888893
90
1
-1
0
0
0
0
2
0.5
0.5
2
1
-1
0
0
0
1
2
0
1
88
"DecisionTree"
1
0
8
2
0
3
2
25
0
0
0.42339515597098665
1
18
0
2
0.62695924764890287
0.37304075235109718
319
0
1
0.010327041166410891
2
3
0
2
0.92488262910798125
0.075117370892018781
213
1
-1
0
0
0
0
2
1
0
181
0
5
0.8387531691836978
4
17
0
2
0.5
0.5
32
0
7
-0.0043931351332489781
5
12
0
2
0.61538461538461542
0.38461538461538464
26
0
7
-0.14832413217908161
6
9
1
2
0.27272727272727271
0.72727272727272729
11
0
8
-0.091511884869558247
7
8
1
2
0.14285714285714285
0.8571428571428571
7
1
-1
0
0
0
1
2
0
1
5
1
-1
0
0
0
0
2
0.5
0.5
2
0
4
-0.11964601527480104
10
11
0
2
0.5
0.5
4
1
-1
0
0
0
1
2
0
1
2
1
-1
0
0
0
0
2
1
0
2
0
4
0.11942520073865931
13
14
0
2
0.8666666666666667
0.13333333333333333
15
1
-1
0
0
0
0
2
1
0
10
0
1
0.28096320440526468
15
16
0
2
0.59999999999999998
0.40000000000000002
5
1
-1
0
0
0
1
2
0
1
2
1
-1
0
0
0
0
2
1
0
3
1
-1
0
0
0
1
2
0
1
6
0
0
0.50914176544196132
19
22
1
2
0.028301886792452831
0.97169811320754718
106
0
0
0.474063607022017
20
21
1
2
0.22222222222222221
0.77777777777777779
9
1
-1
0
0
0
1
2
0
1
7
1
-1
0
0
0
0
2
1
0
2
0
9
-0.69496605909269438
23
24
1
2
0.010309278350515464
0.98969072164948457
97
1
-1
0
0
0
1
2
0.33333333333333331
0.66666666666666663
3
1
-1
0
0
0
1
2
0
1
94
"DecisionTree"
1
0
8
2
0
3
2
23
0
8
0.028009606171588708
1
12
0
2
0.62382445141065834
0.37617554858934171
319
0
1
0.029658195683471632
2
7
0
2
0.94240837696335078
0.057591623036649213
191
0
1
-0.075919648217399868
3
4
0
2
0.99428571428571433
0.0057142857142857143
175
1
-1
0
0
0
0
2
1
0
168
0
7
0.032032024979784378
5
6
0
2
0.8571428571428571
0.14285714285714285
7
1
-1
0
0
0
0
2
0.5
0.5
2
1
-1
0
0
0
0
2
1
0
5
0
6
0.46433786654178688
8
9
1
2
0.375
0.625
16
1
-1
0
0
0
1
2
0
1
9
0
0
-0.2426221452290212
10
11
0
2
0.8571428571428571
0.14285714285714285
7
1
-1
0
0
0
0
2
1
0
3
1
-1
0
0
0
0
2
0.75
0.25
4
0
9
-0.43866332853490675
13
16
1
2
0.1484375
0.8515625
128
0
0
1.0111491881629409
14
15
0
2
0.875
0.125
16
1
-1
0
0
0
0
2
1
0
14
1
-1
0
0
0
1
2
0
1
2
0
4
-0.59831873465701935
17
18
1
2
0.044642857142857144
0.9553571428571429
112
1
-1
0
0
0
0
2
1
0
3
0
6
0.17335066146116981
19
22
1
2
0.01834862385321101
0.98165137614678899
109
0
0
0.032858325562274041
20
21
1
2
0.10526315789473684
0.89473684210526316
19
1
-1
0
0
0
0
2
1
0
2
1
-1
0
0
0
1
2
0
1
17
1
-1
0
0
0
1
2
0
1
90
"DecisionTree"
1
0
8
2
0
3
2
25
0
3
-0.050753828843636009
1
16
0
2
0.60188087774294674
0.39811912225705332
319
0
9
-0.042743057910113527
2
11
0
2
0.96756756756756757
0.032432432432432434
185
0
1
0.15902822975918757
3
10
0
2
0.98863636363636365
0.011363636363636364
176
0
0
-0.057565371698026641
4
5
0
2
0.99425287356321834
0.0057471264367816091
174
1
-1
0
0
0
0
2
1
0
159
0
4
-0.25009670467807921
6
7
0
2
0.93333333333333335
0.066666666666666666
15
1
-1
0
0
0
0
2
1
0
9
0
6
0.33259739060976612
8
9
0
2
0.83333333333333337
0.16666666666666666
6
1
-1
0
0
0
0
2
0.5
0.5
2
1
-1
0
0
0
0
2
1
0
4
1
-1
0
0
0
0
2
0.5
0.5
2
0
0
-0.35058492169929401
12
13
0
2
0.55555555555555558
0.44444444444444442
9
1
-1
0
0
0
0
2
1
0
4
0
4
0.16600210677898958
14
15
1
2
0.20000000000000001
0.80000000000000004
5
1
-1
0
0
0
0
2
0.5
0.5
2
1
-1
0
0
0
1
2
0
1
3
0
4
-0.31143327544086707
17
20
1
2
0.097014925373134331
0.90298507462686572
134
0
5
-0.47168495882138622
18
19
0
2
0.58823529411764708
0.41176470588235292
17
1
-1
0
0
0
1
2
0
1
7
1
-1
0
0
0
0
2
1
0
10
0
9
-0.62819245297369197
21
24
1
2
0.02564102564102564
0.97435897435897434
117
0
8
0.14632764817734523
22
23
0
2
0.75
0.25
4
1
-1
0
0
0
0
2
0.5
0.5
2
1
-1
0
0
0
0
2
1
0
2
1
-1
0
0
0
1
2
0
1
113
"DecisionTree"
1
0
8
2
0
3
2
25
0
2
0.17502240244247236
1
16
0
2
0.67084639498432597
0.32915360501567398
319
0
8
0.4447196695312633
2
11
0
2
0.93333333333333335
0.066666666666666666
225
0
2
-0.019679964072211127
3
4
0
2
0.97619047619047616
0.023809523809523808
210
1
-1
0
0
0
0
2
1
0
196
0
2
0.0031043554135495978
5
8
0
2
0.6428571428571429
0.35714285714285715
14
0
9
-0.39428248729621607
6
7
1
2
0.20000000000000001
0.80000000000000004
5
1
-1
0
0
0
0
2
0.5
0.5
2
1
-1
0
0
0
1
2
0
1
3
0
3
-0.041477538465123392
9
10
0
2
0.88888888888888884
0.1111111111111111
9
1
-1
0
0
0
0
2
1
0
6
1
-1
0
0
0
0
2
0.66666666666666663
0.33333333333333331
3
0
0
0.20591057376733224
12
13
1
2
0.33333333333333331
0.66666666666666663
15
1
-1
0
0
0
0
2
1
0
4
0
9
-0.56748917468368942
14
15
1
2
0.090909090909090912
0.90909090909090906
11
1
-1
0
0
0
1
2
0.33333333333333331
0.66666666666666663
3
1
-1
0
0
0
1
2
0
1
8
0
0
-0.46026263035898629
17
18
1
2
0.042553191489361701
0.95744680851063835
94
1
-1
0
0
0
0
2
1
0
2
0
5
0.43802681239700048
19
24
1
2
0.021739130434782608
0.97826086956521741
92
0
2
0.25269621887120247
20
23
1
2
0.11764705882352941
0.88235294117647056
17
0
5
0.31696968785986745
21
22
0
2
0.5
0.5
4
1
-1
0
0
0
1
2
0
1
2
1
-1
0
0
0
0
2
1
0
2
1
-1
0
0
0
1
2
0
1
13
1
-1
0
0
0
1
2
0
1
75
1
2
1
