MLCPP_ARCHIVE_V1
"LDA_V1"
0.0001
0
2
0
1
2
0.6277533039647577
0.3722466960352423
2
-71.227461663673253
-71.227461663673253
2
30
-0.57156751113377902
-0.29907990985075616
-0.58207266587094408
-0.55687121558671127
-0.2726720856390914
-0.46806438425169977
-0.54676015387836496
-0.60308407160163058
-0.25458671763570151
0.0034630559125443374
-0.44953616739811808
0.024867170079270657
-0.44560595820492671
-0.45329563585225841
0.036923054455066981
-0.2351097635106556
-0.19725159565809985
-0.31376686210126137
-0.013224512028761902
-0.067240580824514701
-0.60667864874118771
-0.32890385366271579
-0.61332288329719942
-0.58007497137808861
-0.32087801425601509
-0.45711849044585062
-0.50799217772671124
-0.61490127829131469
-0.32113220306015877
-0.25111168414987473
30
0.96388603948595453
0.50436552844654381
0.98160183297762349
0.93910234581190766
0.45983162371090724
0.78933934622328183
0.92205114707298141
1.017035268677307
0.42933263033239083
-0.0058400647045748428
0.75809353673647284
-0.041935760192847261
0.75146566916215818
0.76443346874493279
-0.062266689465652288
0.3964868792931181
0.33264322344709546
0.52913346567372654
0.022301691882819656
0.11339387890524699
1.0230971295339599
0.5546603449341756
1.0343019037852181
0.97823293989795834
0.54112564534297425
0.77088029453885509
0.85667319912492756
1.0369636941599072
0.54155430693576867
0.42347236676162703
2
30
30
0.67020448774565744
0
0
0
0
0
0
0
0
0
0
0
0
0
0
0
0
0
0
0
0
0
0
0
0
0
0
0
0
0
30
0.01491825763976252
0.9214292424323054
0
0
0
0
0
0
0
0
0
0
0
0
0
0
0
0
0
0
0
0
0
0
0
0
0
0
0
0
30
0.65169004051962498
-0.00084715808036974665
0.063527770822116067
0
0
0
0
0
0
0
0
0
0
0
0
0
0
0
0
0
0
0
0
0
0
0
0
0
0
0
30
0.67479407883942
0.0048752260000511664
0.024127398765597764
0.14556093944085
0
0
0
0
0
0
0
0
0
0
0
0
0
0
0
0
0
0
0
0
0
0
0
0
0
0
30
-0.1415204736949045
-0.20296326616836832
0.47817633773387469
0.032962780950313735
0.76403891611279517
0
0
0
0
0
0
0
0
0
0
0
0
0
0
0
0
0
0
0
0
0
0
0
0
0
30
0.057129990044808864
-0.044350463188564178
0.70095110974723407
-0.071914567653222072
0.16360359743663225
0.31958921321903827
0
0
0
0
0
0
0
0
0
0
0
0
0
0
0
0
0
0
0
0
0
0
0
0
30
0.20670647136583603
-0.013934162792046541
0.53737169562745268
0.070972490833437957
0.070438751252769341
0.15993511290401657
0.35873549449577496
0
0
0
0
0
0
0
0
0
0
0
0
0
0
0
0
0
0
0
0
0
0
0
30
0.35595419191699279
-0.059164340795227956
0.39024024698542237
0.047026222306121017
0.17691812845073041
0.080846686273150531
0.13386434498417676
0.21513631393395524
0
0
0
0
0
0
0
0
0
0
0
0
0
0
0
0
0
0
0
0
0
0
30
-0.18181270504988384
-0.081142182527225895
0.44381066326501062
-0.0033302194972366522
0.23948949540469613
0.17867255403866422
0.074231514286445574
0.068163645338593717
0.74481071819779143
0
0
0
0
0
0
0
0
0
0
0
0
0
0
0
0
0
0
0
0
0
30
-0.46780577167215115
-0.081955817447841195
0.64888006821851285
0.11868872043851857
0.25416079956237964
0.35223175362181652
0.052149232794614475
-0.023982664426580525
-0.023892092927371079
0.38322051242499783
0
0
0
0
0
0
0
0
0
0
0
0
0
0
0
0
0
0
0
0
30
0.36871990487911721
0.035592175399607004
0.16260014493919317
0.33338594577053426
0.085068251428740804
0.0307482638134614
0.037590844743386351
0.05221260352337663
0.068134371956732512
-0.011438168235601556
0.60614268514309266
0
0
0
0
0
0
0
0
0
0
0
0
0
0
0
0
0
0
0
30
-0.14208569794951145
0.43424448766413093
0.094865245789799171
0.19449420096385164
0.10679728497377874
-0.066363093439325657
0.10728538277940085
0.082681812782853512
0.078238607495328905
0.044884376935131143
0.23997717818314065
0.80224189482155406
0
0
0
0
0
0
0
0
0
0
0
0
0
0
0
0
0
0
30
0.3744303816014441
0.044369242822329208
0.26226671947467672
0.31562363524840764
0.028688968296902543
0.0043044585035794773
0.0032358431550354796
0.035280488563815562
0.054655104565823842
-0.016962433153204805
0.55884801886795921
0.011169819726927011
0.19200526636137749
0
0
0
0
0
0
0
0
0
0
0
0
0
0
0
0
0
30
0.48354742922322336
0.020533526078766049
0.13971255672310598
0.38345225590165954
0.051794100967905647
-0.0015401241926917494
0.010148494169293136
-0.0019748533834642143
0.036099005084723162
-0.03593123484730857
0.45529832738340359
-0.034252248257722301
0.038577961005840836
0.19351109654841783
0
0
0
0
0
0
0
0
0
0
0
0
0
0
0
0
30
-0.23959449748887929
0.04757564758984071
0.25557543736863425
0.32799212177067816
0.25138092769651832
-0.0081093441657783
0.082258397463082153
0.026226406384828333
-0.0073187527485254122
0.034593235126286252
0.20873501049708115
0.23276380425203011
-0.044849866020980775
-0.044371601221272067
0.76911769106160444
0
0
0
0
0
0
0
0
0
0
0
0
0
0
0
30
-0.058195599005865073
0.053068735140968951
0.61737258162123843
-0.010007226653576862
-0.10141374990047283
0.41883253357499661
0.18678983094986037
-0.08797912090799348
-0.0067596505460246958
0.02055655294532677
0.13640862416689728
0.12565771905985992
0.035333977167868569
-0.048001148191435125
0.18726446975265482
0.4664844776556003
0
0
0
0
0
0
0
0
0
0
0
0
0
0
30
-0.029479399130626714
0.021460566898312421
0.45644624040366499
0.066207671561542378
-0.070814073360039226
0.30208507525150813
0.59976315859454254
-0.1998729240068301
0.0096681903470097145
0.057133083497397756
0.12506400732141087
0.054657513650357321
0.015299795344105629
-0.079107133091007115
0.10078035308805297
0.23987447168953854
0.358217450243281
0
0
0
0
0
0
0
0
0
0
0
0
0
30
0.067179791919404583
-0.029517152667536798
0.41910661890659962
-0.039839961409881081
0.06563942638376416
0.23119853992768397
0.31743661497378894
0.10765205920943473
-9.8893314716894814e-05
0.028227827680235663
0.25797724053421156
0.11032470245386979
0.10889049435588732
-0.17030334383217693
0.21522734367712668
0.25223961304187847
0.30706245553127492
0.3958803446129055
0
0
0
0
0
0
0
0
0
0
0
0
30
-0.15705062915126938
0.0011500282299342103
0.3050601135166055
0.19150641774410002
0.051568396157643803
0.082923839641541541
0.059866352813504636
-0.0029038490958374972
0.32018171260920486
0.0056956482414697134
0.274532120635126
0.2738334638272879
0.064531465978747315
-0.052110942558840793
0.1170078509147631
0.11829727211118862
-0.0071902437443257658
-0.062402594508822205
0.73543337288335386
0
0
0
0
0
0
0
0
0
0
0
30
-0.17006089584763295
0.0095430652481727479
0.49239859377348905
0.10276738374596786
-0.024912339015070971
0.36931220274237442
0.26307753822779106
-0.065020877797261151
-0.023679229911696853
0.33051748309699619
0.187912591820245
0.11280970555972777
-0.10196260769422121
-0.068100880098647426
0.1868706730855032
0.35628385633815246
0.092656335868416637
0.021735251076647845
-0.041292771849231011
0.39306624698106718
0
0
0
0
0
0
0
0
0
0
30
0.57407954327499267
0.015703258127987372
-0.0072052228440376356
0.030137882432521055
0.013239188320820404
0.037771805590069651
-0.022838381844208298
0.015812939652650841
-0.00065280317133311011
-0.0019980490279806746
0.03685799965321699
-0.062177773519425397
-0.039474681154055113
-0.018045118414167279
-0.059996860302641314
-0.027443024221780677
-0.0065307847434401007
-0.018016161794795024
-0.038860460917254418
-0.02234359789264137
0.18005231919097087
0
0
0
0
0
0
0
0
0
30
-0.06671735233813024
0.80852405164393981
-0.02245222098174085
-0.025284100227433118
0.017049771776135828
0.0062857555733237484
-0.010294855796844594
-0.015556900973954834
-0.0075553465028842378
-0.02338387402117582
-0.11083524057418974
0.11337056366628949
-0.0068525016686630299
0.069388001666149071
-0.11435920629628453
-0.044445104858887745
-0.014716231654492744
-0.044842150440787445
-0.083220335949985624
-0.021963132280775448
0.14069171961304069
0.28740270149976765
0
0
0
0
0
0
0
0
30
0.55908170959433501
0.016991608975105519
0.072210180366140894
0.02188203555603534
-0.0087062641826859324
0.0352996140189797
-0.02800578201071147
0.0076285680206633457
-0.00071728002343351862
-0.010748422051915694
0.026827657728452269
-0.059268603582099996
0.013493552393045918
-0.027685038198398636
-0.058199752558485932
-0.023507006804622966
-0.0075908188512726982
-0.021821619276234314
-0.044276300031167358
-0.01606335917278098
0.17381214886333202
-0.00088326531501375634
0.053102320857496034
0
0
0
0
0
0
0
30
0.57862638258605281
0.027988590777167546
0.0076374125757244626
0.16111749548877816
0.012982455566692976
0.041933474740393134
-0.026694411632980235
0.017546127186278987
-0.0014138245028836797
-0.0013558827028704655
0.028249741605652082
-0.059716610697243717
-0.051413679401942448
-0.0055602021862353008
-0.062590921760291129
-0.024581248297776463
-0.0042683341530102099
-0.0078192537427642077
-0.045733644784717864
-0.025604462566839941
0.22124572248994498
-0.020505621039339911
0.015185901388214216
0.064060355479265099
0
0
0
0
0
0
30
-0.28735328085990547
-0.11362165730036261
0.33702984801797486
0.054559482453540045
0.53836546528254448
0.059426063209920714
-0.018427022896701284
-0.044783017643922139
-0.08125720321184246
-0.021107960896849413
-0.1773808337237642
-0.13677094977802207
-0.060460668454520194
0.03438580339386909
0.12788714555299963
-0.13175044972529601
-0.041997950385008941
-0.064836412443051231
-0.12235329321562556
-0.062204580496735482
0.19547321803503101
0.17715403006171188
0.0092878478836761064
-0.077379671893686636
0.34994125714881541
0
0
0
0
0
30
-0.079404341631490308
0.0053247480889127953
0.53090278971371729
-0.14138149907412234
-0.0064771357602246143
0.38255073188123134
0.00084609814047418035
-0.10378641411890201
-0.047324936868967264
-0.063523799996638153
-0.1554971197235876
-0.087735158647465186
0.044749651525644162
0.037876111211316593
-0.090573859515631558
0.096398081656719536
-0.09729091248536334
-0.047779569244772453
-0.053545895440504782
-0.042919537933999698
0.10061703571128648
0.082609086500414611
0.048640717043540463
-0.057805858803877806
0.089563026404063634
0.27596620966013358
0
0
0
0
30
0.018011482901039655
0.0061535482011369621
0.46353332607741105
-0.066811173997069234
-0.023387058236572413
0.26326885614735851
0.34009612582054943
-0.1486460251695933
-0.044101910652043587
-0.044742819182525047
-0.14415913739122777
-0.094490580892081871
0.02871313987227497
0.0042437617569701051
-0.085921788894803022
0.030162076912997139
0.001783077708465208
-0.033437658895202997
-0.042993677077083695
-0.06043345985445045
0.097382336848589657
0.056957728101562709
0.020521810558512269
-0.041824671667724425
0.07602758266355307
0.16956635998081371
0.19688652768844872
0
0
0
30
0.20940881309314863
-0.062341007853141339
0.3376036097651503
-0.090289438229971347
0.098292041639350208
0.18534051017155351
0.10790718755856273
0.12252239186411196
-0.03333036359827822
-0.032435419006502396
-0.10811750488259743
-0.10005749457482856
0.04605074912362718
0.0024896475395467421
-0.058191259508539692
0.012077221444671583
0.053824069425895495
0.097527027903304558
-0.039403267316894912
-0.039163857617805033
0.11954237679793972
0.084751963370560013
0.025676330162063749
-0.078102090621743683
0.092093616855448479
0.090523236459561118
0.049913392973989903
0.17180634614305937
0
0
30
-0.23969642688846551
-0.097151625604888492
0.24576586002392192
-0.091887261398713671
0.087843103306816134
0.22045340824925483
-0.00652271710900631
-0.039747365606917266
0.46225421555597712
-0.04101217014892336
-0.19498178871996918
-0.13232617064222871
0.010411789388713106
0.026513071404706545
-0.15368817261505657
-0.010804700373970869
-0.042734327967242594
-0.13275630075535558
0.31209750502786959
-0.059282429306128211
0.20611807601422169
0.19767476033209513
0.016315703874120204
-0.089784857143174038
0.092083106765553646
0.1131638485800809
-0.0089872066524872112
0.032213214523215919
0.32313429299433455
0
30
-0.36595276506144636
-0.026291499071666134
0.51256568567473293
-0.030354915778133769
0.068306901362380601
0.41458610778399518
0.037800636446872066
-0.10729102948290249
-0.073823783803925042
0.24311163364846419
-0.16480654435592673
-0.11852988564251457
-0.012195364399662961
0.064843467499277191
-0.086757946967217933
0.054540521529849458
-0.085017656994257076
-0.051291681452449833
-0.10410756254975172
0.093877512296720159
0.10687530570899292
0.10107373768311129
0.024061791148788418
-0.077723315581813238
0.10320765680671214
0.24880150306840107
0.060120958887825017
-0.02225089421089891
0.017979301285118217
0.22503724234457748
30
30
0.67020448774565744
0
0
0
0
0
0
0
0
0
0
0
0
0
0
0
0
0
0
0
0
0
0
0
0
0
0
0
0
0
30
0.01491825763976252
0.9214292424323054
0
0
0
0
0
0
0
0
0
0
0
0
0
0
0
0
0
0
0
0
0
0
0
0
0
0
0
0
30
0.65169004051962498
-0.00084715808036974665
0.063527770822116067
0
0
0
0
0
0
0
0
0
0
0
0
0
0
0
0
0
0
0
0
0
0
0
0
0
0
0
30
0.67479407883942
0.0048752260000511664
0.024127398765597764
0.14556093944085
0
0
0
0
0
0
0
0
0
0
0
0
0
0
0
0
0
0
0
0
0
0
0
0
0
0
30
-0.1415204736949045
-0.20296326616836832
0.47817633773387469
0.032962780950313735
0.76403891611279517
0
0
0
0
0
0
0
0
0
0
0
0
0
0
0
0
0
0
0
0
0
0
0
0
0
30
0.057129990044808864
-0.044350463188564178
0.70095110974723407
-0.071914567653222072
0.16360359743663225
0.31958921321903827
0
0
0
0
0
0
0
0
0
0
0
0
0
0
0
0
0
0
0
0
0
0
0
0
30
0.20670647136583603
-0.013934162792046541
0.53737169562745268
0.070972490833437957
0.070438751252769341
0.15993511290401657
0.35873549449577496
0
0
0
0
0
0
0
0
0
0
0
0
0
0
0
0
0
0
0
0
0
0
0
30
0.35595419191699279
-0.059164340795227956
0.39024024698542237
0.047026222306121017
0.17691812845073041
0.080846686273150531
0.13386434498417676
0.21513631393395524
0
0
0
0
0
0
0
0
0
0
0
0
0
0
0
0
0
0
0
0
0
0
30
-0.18181270504988384
-0.081142182527225895
0.44381066326501062
-0.0033302194972366522
0.23948949540469613
0.17867255403866422
0.074231514286445574
0.068163645338593717
0.74481071819779143
0
0
0
0
0
0
0
0
0
0
0
0
0
0
0
0
0
0
0
0
0
30
-0.46780577167215115
-0.081955817447841195
0.64888006821851285
0.11868872043851857
0.25416079956237964
0.35223175362181652
0.052149232794614475
-0.023982664426580525
-0.023892092927371079
0.38322051242499783
0
0
0
0
0
0
0
0
0
0
0
0
0
0
0
0
0
0
0
0
30
0.36871990487911721
0.035592175399607004
0.16260014493919317
0.33338594577053426
0.085068251428740804
0.0307482638134614
0.037590844743386351
0.05221260352337663
0.068134371956732512
-0.011438168235601556
0.60614268514309266
0
0
0
0
0
0
0
0
0
0
0
0
0
0
0
0
0
0
0
30
-0.14208569794951145
0.43424448766413093
0.094865245789799171
0.19449420096385164
0.10679728497377874
-0.066363093439325657
0.10728538277940085
0.082681812782853512
0.078238607495328905
0.044884376935131143
0.23997717818314065
0.80224189482155406
0
0
0
0
0
0
0
0
0
0
0
0
0
0
0
0
0
0
30
0.3744303816014441
0.044369242822329208
0.26226671947467672
0.31562363524840764
0.028688968296902543
0.0043044585035794773
0.0032358431550354796
0.035280488563815562
0.054655104565823842
-0.016962433153204805
0.55884801886795921
0.011169819726927011
0.19200526636137749
0
0
0
0
0
0
0
0
0
0
0
0
0
0
0
0
0
30
0.48354742922322336
0.020533526078766049
0.13971255672310598
0.38345225590165954
0.051794100967905647
-0.0015401241926917494
0.010148494169293136
-0.0019748533834642143
0.036099005084723162
-0.03593123484730857
0.45529832738340359
-0.034252248257722301
0.038577961005840836
0.19351109654841783
0
0
0
0
0
0
0
0
0
0
0
0
0
0
0
0
30
-0.23959449748887929
0.04757564758984071
0.25557543736863425
0.32799212177067816
0.25138092769651832
-0.0081093441657783
0.082258397463082153
0.026226406384828333
-0.0073187527485254122
0.034593235126286252
0.20873501049708115
0.23276380425203011
-0.044849866020980775
-0.044371601221272067
0.76911769106160444
0
0
0
0
0
0
0
0
0
0
0
0
0
0
0
30
-0.058195599005865073
0.053068735140968951
0.61737258162123843
-0.010007226653576862
-0.10141374990047283
0.41883253357499661
0.18678983094986037
-0.08797912090799348
-0.0067596505460246958
0.02055655294532677
0.13640862416689728
0.12565771905985992
0.035333977167868569
-0.048001148191435125
0.18726446975265482
0.4664844776556003
0
0
0
0
0
0
0
0
0
0
0
0
0
0
30
-0.029479399130626714
0.021460566898312421
0.45644624040366499
0.066207671561542378
-0.070814073360039226
0.30208507525150813
0.59976315859454254
-0.1998729240068301
0.0096681903470097145
0.057133083497397756
0.12506400732141087
0.054657513650357321
0.015299795344105629
-0.079107133091007115
0.10078035308805297
0.23987447168953854
0.358217450243281
0
0
0
0
0
0
0
0
0
0
0
0
0
30
0.067179791919404583
-0.029517152667536798
0.41910661890659962
-0.039839961409881081
0.06563942638376416
0.23119853992768397
0.31743661497378894
0.10765205920943473
-9.8893314716894814e-05
0.028227827680235663
0.25797724053421156
0.11032470245386979
0.10889049435588732
-0.17030334383217693
0.21522734367712668
0.25223961304187847
0.30706245553127492
0.3958803446129055
0
0
0
0
0
0
0
0
0
0
0
0
30
-0.15705062915126938
0.0011500282299342103
0.3050601135166055
0.19150641774410002
0.051568396157643803
0.082923839641541541
0.059866352813504636
-0.0029038490958374972
0.32018171260920486
0.0056956482414697134
0.274532120635126
0.2738334638272879
0.064531465978747315
-0.052110942558840793
0.1170078509147631
0.11829727211118862
-0.0071902437443257658
-0.062402594508822205
0.73543337288335386
0
0
0
0
0
0
0
0
0
0
0
30
-0.17006089584763295
0.0095430652481727479
0.49239859377348905
0.10276738374596786
-0.024912339015070971
0.36931220274237442
0.26307753822779106
-0.065020877797261151
-0.023679229911696853
0.33051748309699619
0.187912591820245
0.11280970555972777
-0.10196260769422121
-0.068100880098647426
0.1868706730855032
0.35628385633815246
0.092656335868416637
0.021735251076647845
-0.041292771849231011
0.39306624698106718
0
0
0
0
0
0
0
0
0
0
30
0.57407954327499267
0.015703258127987372
-0.0072052228440376356
0.030137882432521055
0.013239188320820404
0.037771805590069651
-0.022838381844208298
0.015812939652650841
-0.00065280317133311011
-0.0019980490279806746
0.03685799965321699
-0.062177773519425397
-0.039474681154055113
-0.018045118414167279
-0.059996860302641314
-0.027443024221780677
-0.0065307847434401007
-0.018016161794795024
-0.038860460917254418
-0.02234359789264137
0.18005231919097087
0
0
0
0
0
0
0
0
0
30
-0.06671735233813024
0.80852405164393981
-0.02245222098174085
-0.025284100227433118
0.017049771776135828
0.0062857555733237484
-0.010294855796844594
-0.015556900973954834
-0.0075553465028842378
-0.02338387402117582
-0.11083524057418974
0.11337056366628949
-0.0068525016686630299
0.069388001666149071
-0.11435920629628453
-0.044445104858887745
-0.014716231654492744
-0.044842150440787445
-0.083220335949985624
-0.021963132280775448
0.14069171961304069
0.28740270149976765
0
0
0
0
0
0
0
0
30
0.55908170959433501
0.016991608975105519
0.072210180366140894
0.02188203555603534
-0.0087062641826859324
0.0352996140189797
-0.02800578201071147
0.0076285680206633457
-0.00071728002343351862
-0.010748422051915694
0.026827657728452269
-0.059268603582099996
0.013493552393045918
-0.027685038198398636
-0.058199752558485932
-0.023507006804622966
-0.0075908188512726982
-0.021821619276234314
-0.044276300031167358
-0.01606335917278098
0.17381214886333202
-0.00088326531501375634
0.053102320857496034
0
0
0
0
0
0
0
30
0.57862638258605281
0.027988590777167546
0.0076374125757244626
0.16111749548877816
0.012982455566692976
0.041933474740393134
-0.026694411632980235
0.017546127186278987
-0.0014138245028836797
-0.0013558827028704655
0.028249741605652082
-0.059716610697243717
-0.051413679401942448
-0.0055602021862353008
-0.062590921760291129
-0.024581248297776463
-0.0042683341530102099
-0.0078192537427642077
-0.045733644784717864
-0.025604462566839941
0.22124572248994498
-0.020505621039339911
0.015185901388214216
0.064060355479265099
0
0
0
0
0
0
30
-0.28735328085990547
-0.11362165730036261
0.33702984801797486
0.054559482453540045
0.53836546528254448
0.059426063209920714
-0.018427022896701284
-0.044783017643922139
-0.08125720321184246
-0.021107960896849413
-0.1773808337237642
-0.13677094977802207
-0.060460668454520194
0.03438580339386909
0.12788714555299963
-0.13175044972529601
-0.041997950385008941
-0.064836412443051231
-0.12235329321562556
-0.062204580496735482
0.19547321803503101
0.17715403006171188
0.0092878478836761064
-0.077379671893686636
0.34994125714881541
0
0
0
0
0
30
-0.079404341631490308
0.0053247480889127953
0.53090278971371729
-0.14138149907412234
-0.0064771357602246143
0.38255073188123134
0.00084609814047418035
-0.10378641411890201
-0.047324936868967264
-0.063523799996638153
-0.1554971197235876
-0.087735158647465186
0.044749651525644162
0.037876111211316593
-0.090573859515631558
0.096398081656719536
-0.09729091248536334
-0.047779569244772453
-0.053545895440504782
-0.042919537933999698
0.10061703571128648
0.082609086500414611
0.048640717043540463
-0.057805858803877806
0.089563026404063634
0.27596620966013358
0
0
0
0
30
0.018011482901039655
0.0061535482011369621
0.46353332607741105
-0.066811173997069234
-0.023387058236572413
0.26326885614735851
0.34009612582054943
-0.1486460251695933
-0.044101910652043587
-0.044742819182525047
-0.14415913739122777
-0.094490580892081871
0.02871313987227497
0.0042437617569701051
-0.085921788894803022
0.030162076912997139
0.001783077708465208
-0.033437658895202997
-0.042993677077083695
-0.06043345985445045
0.097382336848589657
0.056957728101562709
0.020521810558512269
-0.041824671667724425
0.07602758266355307
0.16956635998081371
0.19688652768844872
0
0
0
30
0.20940881309314863
-0.062341007853141339
0.3376036097651503
-0.090289438229971347
0.098292041639350208
0.18534051017155351
0.10790718755856273
0.12252239186411196
-0.03333036359827822
-0.032435419006502396
-0.10811750488259743
-0.10005749457482856
0.04605074912362718
0.0024896475395467421
-0.058191259508539692
0.012077221444671583
0.053824069425895495
0.097527027903304558
-0.039403267316894912
-0.039163857617805033
0.11954237679793972
0.084751963370560013
0.025676330162063749
-0.078102090621743683
0.092093616855448479
0.090523236459561118
0.049913392973989903
0.17180634614305937
0
0
30
-0.23969642688846551
-0.097151625604888492
0.24576586002392192
-0.091887261398713671
0.087843103306816134
0.22045340824925483
-0.00652271710900631
-0.039747365606917266
0.46225421555597712
-0.04101217014892336
-0.19498178871996918
-0.13232617064222871
0.010411789388713106
0.026513071404706545
-0.15368817261505657
-0.010804700373970869
-0.042734327967242594
-0.13275630075535558
0.31209750502786959
-0.059282429306128211
0.20611807601422169
0.19767476033209513
0.016315703874120204
-0.089784857143174038
0.092083106765553646
0.1131638485800809
-0.0089872066524872112
0.032213214523215919
0.32313429299433455
0
30
-0.36595276506144636
-0.026291499071666134
0.51256568567473293
-0.030354915778133769
0.068306901362380601
0.41458610778399518
0.037800636446872066
-0.10729102948290249
-0.073823783803925042
0.24311163364846419
-0.16480654435592673
-0.11852988564251457
-0.012195364399662961
0.064843467499277191
-0.086757946967217933
0.054540521529849458
-0.085017656994257076
-0.051291681452449833
-0.10410756254975172
0.093877512296720159
0.10687530570899292
0.10107373768311129
0.024061791148788418
-0.077723315581813238
0.10320765680671214
0.24880150306840107
0.060120958887825017
-0.02225089421089891
0.017979301285118217
0.22503724234457748
