MLCPP_ARCHIVE_V1
"MLP"
2
16
8
2
0.01
200
3
16
30
-0.10727339693042728
0.311181316242154
0.26112472554591548
0.58997552438952183
-0.053940419470542955
0.019726925393615882
-0.61403875719427126
-0.046530225865811965
-0.094838080455205323
-0.36200211832065499
0.14973754174561252
-0.19199996569023214
0.09531503585479148
-0.032056705793547281
-0.32724126085982669
-0.21524581396068712
0.034161790542616026
-0.28459578269480001
-0.24680244907862922
-0.25479719189200645
0.52667180537912617
0.14094651666131919
-0.084996098132123374
0.80935132305626223
-0.46747948794634619
0.4417823972883152
0.37624205704266012
-0.26655218356679389
0.45265427308263673
0.1290830913450583
30
-0.26560277229174795
-0.47661750634726158
0.080525474471696265
-0.40794375517303622
-0.4542058326318324
-0.18740465688146379
-0.29103609235811073
-0.11347394819929238
-0.065182496716758881
0.34952098515243596
0.10043339470369243
-0.24045267868032805
-0.43912934391434172
0.24924554995410159
0.23495122290498202
1.0005608626207669
0.10672839520249057
0.52639678864234929
0.034673340439562994
0.051320658980854306
-0.71609905400212814
0.11290448136460653
-0.45668530608410079
-0.38750149315099841
-0.11632859259363236
-0.11713164107062622
-0.60010553833242297
-0.42856258757820836
0.21246433918733656
0.12779551401937614
30
0.168085714728087
-0.046136861265915
0.15433982886322151
0.0008887720615065927
-0.18403414087372671
0.32671161096985035
-0.19502276880086269
-0.39067228038419011
0.54524469231917028
0.38106941683722934
-0.66670609165933437
0.33689724317407965
-0.8229062040504932
0.28640003093589655
-0.16569307578256232
0.32905038140629495
-0.21896124659483865
0.13449111558833726
-0.25463563706149733
-0.07572313400220726
-0.13318361017946803
0.19785521911534765
0.54010001637737337
0.1003018491000517
-0.087413692883599264
-0.50074860855806491
-0.6315501366968741
-0.064275740913178378
-0.067091423211344661
0.023807836795623968
30
0.34630476320076936
0.26495243769480514
-0.43976534613917889
0.41588295827938282
-0.18578910269177956
-0.30681321318320581
-0.071999589725192117
-0.42886777319068792
-0.26680626927509671
0.14101366210050109
-0.050931203789808831
-0.25194292307531757
-0.031929769643916743
0.24972208064762613
-0.59525887183832471
-0.32321159340042038
0.10478186672891111
-0.42739767868745615
0.52936649565396265
0.00067437817645238862
-0.21861757587840283
-0.14534664502811115
-0.070598910715282473
-0.096988732170763092
-0.70218803132544905
0.54812260875483876
0.091707991819538912
0.093618458955980019
0.25977473153974684
-0.27998264319564475
30
-0.40799992215170283
0.0066247816796008996
-0.15578648926500249
-0.008351648302305472
-0.13972206600247214
-0.061630393569348615
0.45480312173764154
0.27685933635558396
-0.65734759149538335
0.67499314633339924
0.64124048974833292
0.47663443055837407
-0.21285401334175136
-0.38255577230970794
-0.00014287034594911597
-0.10149052872980102
0.18848704366185376
-0.057599614483971898
0.71511353130229427
-0.019225072886392199
-0.28792397409931797
0.028880571594056895
0.57104267019006838
-0.097489187384884504
-0.33777511140125899
0.38976026040149225
0.2591067912747288
-0.413203047748329
0.074082082905300412
0.54301127793302972
30
0.064237662574808785
-1.0779065678130786
0.08267226657601455
0.23957674696290371
-0.33251801506396489
0.14431176324383296
0.56946949646036349
0.040891412665679257
0.038980167029267869
-0.25766256738817855
-0.1016361972742644
0.027841656321473496
-0.079278366543969137
0.070092998614722193
-0.13831237940455737
0.024069698976603278
0.29412059585094885
-0.42322150228507405
0.36762002874031185
-0.049659781086024063
0.22245939252148261
-0.29185785484363624
0.12728765035609679
0.28675988592720714
-0.87528956424653281
0.2693805394811411
-0.48303761936014811
-0.50823388679681503
-0.84462274982605856
-0.65916833442115352
30
0.13608273914171895
0.13205749549709442
-0.02883042918317321
-0.24808546474063126
0.37960953330713509
0.40574258732190754
0.20323025962112731
-0.60129740364664441
0.93366952582365637
0.079190642985812063
0.3191844627174828
-0.24532944771465109
0.15091527437832283
0.32134841193129871
-0.039151556184952724
0.25414665976584411
0.2569912417664113
-0.60795100182336059
0.40050464966716115
0.12634131854094416
0.13612048358686943
-0.29478314007586409
0.68483197922518746
0.30925530557721831
-0.53831499835636909
-0.053055148104974907
0.091448995500496302
0.23744690812049557
0.05160954927313189
0.19688607293864932
30
0.67459330406890228
0.4674068011492109
-0.42781013639195942
-0.30579878990337928
0.11689002291772144
-0.54933390424929018
-0.53444828913616882
-0.69357336480219878
-0.15940644793558983
0.63752701565447878
-0.40493640834869193
-0.30782182618812093
0.28642226595172637
-0.26860590012427499
0.54029846722545127
-0.023175634872121185
-0.45249637408637539
0.3079734667279469
-0.25534157565050802
0.097235837562260896
-0.40896842821334789
-0.096554790524658776
-0.33141001870038206
-0.18505862213878152
-0.76648529606011928
0.67503086882564189
-0.51823616195671207
0.27298623996382471
0.048717577349055852
-0.02728970904308884
30
0.22225789006484337
-0.52512832053975078
0.4478131553613437
-0.096935431666104813
0.45754158974762082
0.16923451949655485
-0.012004970124052166
-0.35631925027544797
-0.35423727085002626
0.21044129589791372
-0.3358966984413343
-0.5680723647083149
-0.19749243746648432
0.41757250693111997
0.73234247925250262
-0.13550532433971033
-0.45923455651246764
-0.066712868098346978
-0.0043194125737646312
0.30453338499033222
0.88366428824897536
0.253067136362846
0.71074475695861328
-0.064395557088274782
0.38645464732557289
-0.079965653439387135
-0.1359168285489751
-0.0016757139466103642
-0.11241912702503862
-0.086558288944806688
30
-0.31203351604180141
0.31586331651933597
0.65104073351972658
-0.29344574891792868
-0.19383676175755463
0.10436321235159002
1.0647014703159245
-0.081382167275566727
0.27777058460485748
0.57113033336575214
0.029430168636184133
0.079708191947972143
0.13006601772439647
0.26965797805975034
-0.48001842100999931
0.085238462672497434
0.2707723467128913
0.09062715610359616
0.57871859665058811
0.18672776743589217
-0.52585966082859215
0.088908080227835778
-0.42744417686651587
-0.36563345464421126
-0.25963213794270773
-0.10281981670611541
-0.60652818588831914
0.29146781460101329
-0.48058833505856025
0.51782959703675036
30
-0.63441310046738331
0.58898047325146874
-0.24478997794431673
-0.8693011242113774
-0.30369336849848433
0.50503774346410901
0.055916252626787968
-0.34580454880305583
-0.94784506364788923
0.60610014817179181
0.39170127025109164
0.27458738009041345
-0.43719077481280444
-0.20020115091098764
0.39538761016592661
-0.26128792420564517
0.37256191786450515
0.40955265903351867
0.2747642585782048
-0.17522891273423388
-0.62643381272465759
0.075336646701900808
-0.07863251723416094
-1.1722996163039932
-0.81658132307193954
0.13951111918536468
0.027982830416157949
-0.49202701415579686
-0.27549144767262995
0.29263625589262304
30
0.15805114274400239
0.22748769450849687
-0.36301803538303573
-1.089824210007746
0.42417208937222045
0.87625704296470908
-0.013838959661295979
0.20971902003447354
0.060681025211780579
0.68582214439322897
0.43745359794493732
0.27345640764409707
0.12117403097711429
0.14923039177472988
-0.46862824641976358
-0.13034197343683415
0.24459456244768385
-0.064097580903190302
-0.059793311307109402
-0.4090701861216639
0.29727141670005303
-0.38694768419646131
0.23750120776641973
0.070198809449060831
-0.46490940274649878
0.49537369497454031
0.016639004700518292
0.79764940335574952
0.64846724764093466
-0.17419727410001576
30
-0.24298489765003017
-0.380296262225504
-0.54798609683580912
-0.098644264632705564
0.33939246574140519
-0.75142977182360415
0.32839962935416755
0.30376815825383852
-0.053442305905538334
-0.026359810840277966
-0.45081946308659632
0.1645465612579626
-0.31359052194906456
-0.93104561248185846
0.13856943670188049
-0.095400185569670323
0.62953765434275655
0.032109543275324628
-0.1898876629013122
0.28283310862870625
-0.081289986518177967
-0.039692377016579704
0.28140899098414507
-0.37592725102469071
-0.17479034027823664
-0.13091757789863948
0.74759517454398383
-0.16955916408966579
-0.14138571984446002
-0.25319853588165669
30
-0.20494770170301058
-0.33143669879309973
0.074788613243169683
-0.46688774440340497
-0.33029740800711382
-0.22828443709327928
-0.33270826336435677
-0.55768774037398083
0.10716141750045785
-0.50249673665806149
0.57115527795340426
-0.047695972566297519
-0.27491269318670053
-0.21527547824993287
0.85959620325843833
-0.37565399906888347
0.35650301113069327
0.4668704611383741
0.027652516305548717
-0.21678726767076378
-0.13178270531882094
0.47227382548714092
-0.31284043672541445
0.42865915602438331
0.017934883431789485
0.3375952434464477
-0.0075471674526245529
-0.27112129843455535
0.49531775052508248
-0.057447318442962338
30
0.16694628219980479
0.3909359747552425
0.44015630804719774
0.39930933004125718
-0.20549042799495118
-0.12815026357583509
-0.126249498980747
-0.14110220186583899
-0.32085083494226108
-0.292362433094212
0.2485414111442476
0.36751462048022754
0.11032704711155079
-0.030027663470857627
0.51234489922534887
-0.10047830875892526
0.30833119229253475
-0.11489266710641434
-0.060446614509061546
0.42846187880833081
-0.82214071636405761
-0.077703096472230948
0.32686290136157614
0.55657515508540067
0.32540583998859346
0.060290389890099508
0.65482103940070624
0.5924520058579541
-0.4912764059677176
0.072371419124286004
30
0.027438919833070858
0.52253016635955551
0.21285970878208652
-0.13823957419600819
0.15090483045714825
-0.7634532819351092
0.26069508553249471
0.17023747215179572
0.29731831596648073
-0.023782324091452738
-0.039824121321468224
-0.31052449709797025
-0.51781770638523972
-0.29855991067045812
-0.56139143920496348
0.10893494294157463
-0.99538809301191444
0.58706476007267483
-1.0876741588575287
0.32981864747237566
-0.39967447037053633
0.19388682422988865
-0.34921443093393334
0.53619671457228713
0.19987519543229026
0.27858370254617421
-0.091857119022333275
0.075089719629252996
0.072860505850415716
-0.25725953869416912
8
16
-0.51538946453739387
-0.04870863549534088
0.54706723737115692
-0.0044679598176497106
-0.80230884103639089
1.042747134354896
-0.47002346158718034
-0.8096857440308306
-0.026176505642956101
-0.6761728259691856
0.40892550363507441
1.2081069769179624
0.60698033414355435
-0.50838386897283461
-0.99907846629846786
0.22467351711351738
16
-0.088933503426235572
0.15294675941180796
-0.12283819492633588
0.13802746368773552
-0.0051613026516223928
0.74854623865562608
-0.170164796366992
-0.19723133142597762
0.36243737703714513
0.12548330101115218
-0.15956218933456409
0.3863121823166083
-0.21849274111773884
-0.28006360768548422
-0.48713557128443358
0.16668183933815517
16
0.42476743237271447
0.37772873043784894
-0.096533410622285959
-0.42272191210265692
-0.41149539533103768
-0.68446216898796031
-1.0900900758046639
-0.38830668875936686
-0.15407995702389182
0.99902933660960325
1.1515774678313837
0.27883843290641508
1.2460232797123931
0.46340072573567753
-1.0372606848357817
0.41221907696805016
16
0.45258371338337627
-0.26413098886900949
-0.55239581737219534
0.20513553225694792
-0.92752890434190949
-0.16460149933932694
-0.42118974179391094
-0.5477961363204229
0.47130904214457492
0.12675616776681914
-0.023089286440977637
0.35283158936016912
-0.11565338475542092
0.60533475236141077
0.73868534331800806
0.45881758537239653
16
0.047450277275371724
1.2935016914706927
0.52736912143133308
0.061954633920116506
-0.53430541336266257
0.26996251041001701
0.23397519255358953
0.69159734680689089
0.55315558757351302
0.28612769526970028
0.63416211748194551
-0.53231849401896214
0.06367669888253151
0.054735757052891777
-0.89532734283966076
0.51574232607513382
16
1.0914089773987903
-1.0637447734175389
-0.60142520680396028
0.011888603092609236
-0.18698200578874202
0.17560097709515657
-0.015930088783060039
-0.22947907240034343
0.72444666165192817
0.35187571050844113
-0.36051939200869182
0.82453535764435126
-0.47511073181112823
-0.37886324294389956
0.14261027209930899
0.28891574973237177
16
0.33595214740914436
0.029077875337740939
0.38521667008460259
0.1244167128188018
-0.27862976738351147
-0.36894929909681218
0.11238174264580765
0.27269411120640341
0.34936356746544472
-0.79580496724731664
-0.53504883131662218
0.81845671510811124
0.082859278905520889
0.35373088346203729
0.2182570778584674
1.2240199440584763
16
1.0385613822587885
-1.0330662362732139
-0.51401397342270927
-0.99415887755200916
-0.38961022375400067
0.064364279948679562
-0.12437485590274294
-0.73775939761939868
-0.87362464070715307
-0.40350632730556912
0.20494412271905113
0.32488050013317221
0.63102397292468648
0.10341234622677289
0.27315769753989594
0.59315057788937908
2
8
0.19093736926193408
0.21787454133168069
0.48637879245915777
-0.626643174417987
1.1860789296670227
-0.11333908670854345
0.22383546982561367
-0.58603285355895529
8
-1.1795436117118359
-1.618864085920902
0.066575501234230727
1.8633112111973962
-0.70313567704731528
2.38862752237663
0.93905604494234085
-0.51461493112423085
3
16
0.067794829923516542
0.33407116019424232
-0.092304341513728919
-0.094952129552028322
-0.11334284846617111
-0.059609829548199773
0.015806848164278495
0.087441572516687396
0.00055943270398109369
-0.05294911361670001
0.29683794245812573
-0.14815094074012508
-0.18459515395914147
-0.13667287427119595
0.10207048061352225
-0.073107075087694443
8
0.30898837629328796
-0.10584794784163251
-0.094624587468788671
-0.015440719880353969
-0.032053357019918099
0.09197924002387145
-0.10123171029437154
-0.076721613601364022
2
-0.025171613300845302
0.025171613300845257
