MLCPP_ARCHIVE_V1
"GradientBoostedTrees"
50
0.20000000000000001
3
5
1
0
1
1.7051390446035592e-17
50
"DecisionTree"
0
0
3
5
0
0
1
15
0
7
0.60713587834379468
1
8
1.5249429626028676e-17
0
16512
0
7
-0.39158367865834998
2
5
-0.28921165519092973
0
12992
0
1
-0.55260351068152969
3
4
-0.60385246718753915
0
6553
1
-1
0
0
0
-0.41042576646419848
0
3178
1
-1
0
0
0
-0.78598877975013381
0
3375
0
2
0.78766774090589275
6
7
0.030999750464264033
0
6439
1
-1
0
0
0
-0.07740221360131623
0
5114
1
-1
0
0
0
0.44939042535586937
0
1325
0
7
1.5419931256973638
9
12
1.0674539273410468
0
3520
0
2
0.6290177239767023
10
11
0.71646256316238488
0
2438
1
-1
0
0
0
0.60138877429515114
0
2045
1
-1
0
0
0
1.3152561973443155
0
393
0
7
2.0615096093971967
13
14
1.8583198662205254
0
1082
1
-1
0
0
0
1.4290903742069334
0
437
1
-1
0
0
0
2.1491311654607586
0
645
"DecisionTree"
0
0
3
5
0
0
1
15
0
7
0.89739767211568222
1
8
1.1484138360342583e-16
0
16512
0
7
-0.17120894072829923
2
5
-0.18539987117615836
0
14111
0
7
-0.71511254923650935
3
4
-0.42000091805558121
0
8334
1
-1
0
0
0
-0.61911174902613486
0
3886
1
-1
0
0
0
-0.24604752571035438
0
4448
0
1
1.0813354207290868
6
7
0.15303965187960025
0
5777
1
-1
0
0
0
0.23314194796923809
0
4904
1
-1
0
0
0
-0.29692788537536319
0
873
0
7
2.016193040204401
9
12
1.0896199842427097
0
2401
0
2
-0.084907352204654687
10
11
0.84982407873883081
0
1727
1
-1
0
0
0
0.62373974628946283
0
1099
1
-1
0
0
0
1.2454716605252194
0
628
0
7
2.569081378905171
13
14
1.7040525195620293
0
674
1
-1
0
0
0
1.4543927771941803
0
311
1
-1
0
0
0
1.9179483318937234
0
363
"DecisionTree"
0
0
3
5
0
0
1
15
0
7
0.34299004959226342
1
8
5.1813097309601846e-17
0
16512
0
7
-0.6153637079150267
2
5
-0.2328488122246313
0
11792
0
1
-0.55260351068152969
3
4
-0.46222686303387855
0
4779
1
-1
0
0
0
-0.30182763625723807
0
2290
1
-1
0
0
0
-0.60980188485730102
0
2489
0
2
1.5015928170872499
6
7
-0.076539428962491413
0
7013
1
-1
0
0
0
-0.13432098053634448
0
6380
1
-1
0
0
0
0.50584019037587225
0
633
0
7
1.3126860466720858
9
12
0.58172737155780851
0
4720
0
2
0.6290177239767023
10
11
0.3475993015288264
0
3296
1
-1
0
0
0
0.25312192505527986
0
2715
1
-1
0
0
0
0.78908996783808161
0
581
0
2
-0.1642323606692499
13
14
1.123641780838371
0
1424
1
-1
0
0
0
0.89497081581383975
0
803
1
-1
0
0
0
1.4193306454353023
0
621
"DecisionTree"
0
0
3
5
0
0
1
15
0
7
0.13621028242005145
1
8
7.4727584155062917e-17
0
16512
0
1
1.0719718738442126
2
5
-0.22328786643782778
0
10597
0
0
-1.3616804161792062
3
4
-0.14778510654597388
0
8403
1
-1
0
0
0
0.87934616700140811
0
391
1
-1
0
0
0
-0.19791095876227777
0
8012
0
1
1.7274201557854338
6
7
-0.51246274855781337
0
2194
1
-1
0
0
0
-0.44290429645251483
0
1660
1
-1
0
0
0
-0.72869314274281971
0
534
0
7
1.2586466927733939
9
12
0.400030688189631
0
5915
0
2
-0.71950741992141642
10
11
0.23302541600479407
0
4387
1
-1
0
0
0
-0.019468402632411515
0
1510
1
-1
0
0
0
0.36554737156342465
0
2877
0
7
2.5663833403925365
13
14
0.87951506585643746
0
1528
1
-1
0
0
0
0.74869647211892132
0
1164
1
-1
0
0
0
1.2978470524236492
0
364
"DecisionTree"
0
0
3
5
0
0
1
15
0
7
0.62824868456887728
1
8
1.0112496542128363e-17
0
16512
0
7
-0.54277861356055501
2
5
-0.12301098092397485
0
13094
0
1
-0.55260351068152969
3
4
-0.30523816972783391
0
5322
1
-1
0
0
0
-0.18586798343184674
0
2559
1
-1
0
0
0
-0.41579492207362645
0
2763
0
0
-1.1470165122485347
6
7
0.0017719705446479635
0
7772
1
-1
0
0
0
0.26712964366778386
0
1869
1
-1
0
0
0
-0.082245222588867323
0
5903
0
7
1.8423922098031311
9
12
0.47124218379710697
0
3418
0
2
-0.084907352204654687
10
11
0.34475275453635995
0
2608
1
-1
0
0
0
0.20607109714164876
0
1587
1
-1
0
0
0
0.56031376363078222
0
1021
0
6
-1.2324923231122891
13
14
0.87850691405888071
0
810
1
-1
0
0
0
-0.58717057077942425
0
23
1
-1
0
0
0
0.92134119887626464
0
787
"DecisionTree"
0
0
3
5
0
0
1
15
0
7
0.10179064547246
1
8
3.5555107523121536e-17
0
16512
0
0
0.89977885081135844
2
5
-0.15356067425206887
0
10345
0
1
-0.51983109658446858
3
4
-0.1008420443316176
0
8518
1
-1
0
0
0
0.12567487982741601
0
3470
1
-1
0
0
0
-0.25654999338705375
0
5048
0
1
-0.92714538607651575
6
7
-0.39935010482809907
0
1827
1
-1
0
0
0
-0.2204358879939122
0
981
1
-1
0
0
0
-0.60681446264646355
0
846
0
7
1.1559378674526133
9
12
0.25759448275298369
0
6167
0
2
0.70834273244129764
10
11
0.13885465449434489
0
4388
1
-1
0
0
0
0.065181787423483753
0
3616
1
-1
0
0
0
0.48393378315786184
0
772
0
2
-0.1642323606692499
13
14
0.55047271007108978
0
1779
1
-1
0
0
0
0.39178587092924622
0
1024
1
-1
0
0
0
0.76569830382108683
0
755
"DecisionTree"
0
0
3
5
0
0
1
15
0
7
0.96118139811825842
1
8
-2.6854595205625457e-17
0
16512
0
0
-1.1420243284361944
2
5
-0.063741492023677959
0
14287
0
1
1.0672901004017745
3
4
0.166507690779679
0
3169
1
-1
0
0
0
0.39826327314193333
0
1943
1
-1
0
0
0
-0.20078521014190492
0
1226
0
1
-0.54323996379665695
6
7
-0.12937017166964229
0
11118
1
-1
0
0
0
0.010042673204288822
0
7402
1
-1
0
0
0
-0.40707035405845837
0
3716
0
7
2.3508545939657619
9
12
0.40929199844597036
0
2225
0
2
-0.1642323606692499
10
11
0.33229576083199847
0
1765
1
-1
0
0
0
0.20524319073196462
0
1073
1
-1
0
0
0
0.52930068527901852
0
692
0
6
-1.2324923231122891
13
14
0.70472321450827535
0
460
1
-1
0
0
0
-0.62511167798976131
0
16
1
-1
0
0
0
0.75264519261631257
0
444
"DecisionTree"
0
0
3
5
0
0
1
15
0
7
-0.11310943178632227
1
8
-2.3929770740315724e-17
0
16512
0
6
0.10769340584411474
2
5
-0.13114379912879348
0
8817
0
7
-0.92079214536473453
3
4
-0.20208669464744183
0
6046
1
-1
0
0
0
-0.35555749639212336
0
1756
1
-1
0
0
0
-0.1392674107631382
0
4290
0
0
0.87481793174965383
6
7
0.023645355077538302
0
2771
1
-1
0
0
0
0.12313883308893074
0
2157
1
-1
0
0
0
-0.32587814992339575
0
614
0
0
0.65016966019429834
9
12
0.15026574099006718
0
7695
0
1
-0.6883749405122126
10
11
0.24867811866027395
0
4687
1
-1
0
0
0
0.82536561124109953
0
790
1
-1
0
0
0
0.13177200648710286
0
3897
0
1
-0.86628233132482957
13
14
-0.0030782796682631494
0
3008
1
-1
0
0
0
0.16856329299288111
0
1292
1
-1
0
0
0
-0.1323095802965838
0
1716
"DecisionTree"
0
0
3
5
0
0
1
15
0
7
0.89739767211568222
1
8
-5.1423120714227211e-17
0
16512
0
0
1.2092942471765116
2
5
-0.047136485842596325
0
14111
0
1
1.076653647286649
3
4
-0.018036738118808536
0
12983
1
-1
0
0
0
0.035437157424409747
0
10330
1
-1
0
0
0
-0.22624832536398151
0
2653
0
0
1.6635829740995627
6
7
-0.38206735880175963
0
1128
1
-1
0
0
0
-0.32033763713234953
0
975
1
-1
0
0
0
-0.77544303610682419
0
153
0
1
1.0906989676139613
9
12
0.27702746844018167
0
2401
0
0
-1.2169070856213118
10
11
0.3113368356302712
0
2244
1
-1
0
0
0
0.56748805784392953
0
447
1
-1
0
0
0
0.24761975364390137
0
1797
0
0
-1.4091061623964469
13
14
-0.21335609827676555
0
157
1
-1
0
0
0
0.48142460554690514
0
38
1
-1
0
0
0
-0.43521884403558458
0
119
"DecisionTree"
0
0
3
5
0
0
1
15
0
7
-0.17144469166629636
1
8
-5.2277034983409596e-17
0
16512
0
2
1.8188928509456308
2
5
-0.099941662234729112
0
8332
0
6
0.60309279981632624
3
4
-0.12389001423140211
0
7799
1
-1
0
0
0
-0.1606475076381334
0
6527
1
-1
0
0
0
0.064723318681912903
0
1272
0
0
-1.394129610959423
6
7
0.25047709427944181
0
533
1
-1
0
0
0
0.80715178771568608
0
140
1
-1
0
0
0
0.052170587711822924
0
393
0
0
-1.3766569676162304
9
12
0.10179876891684142
0
8180
0
1
1.2171068505597682
10
11
0.45617423319083544
0
695
1
-1
0
0
0
0.59281154797294333
0
505
1
-1
0
0
0
0.09300663337523303
0
190
0
1
0.91279157680134437
13
14
0.068894166689663264
0
7485
1
-1
0
0
0
0.12866982038082433
0
6102
1
-1
0
0
0
-0.19484483462882154
0
1383
"DecisionTree"
0
0
3
5
0
0
1
15
0
0
-1.1420243284361944
1
8
-3.4412072674609687e-17
0
16512
0
1
1.42310488202701
2
5
0.16454575935334548
0
3867
0
1
0.91747335024378252
3
4
0.23437715216393859
0
3393
1
-1
0
0
0
0.44274296819906295
0
1098
1
-1
0
0
0
0.13468840880595703
0
2295
0
7
-0.27850181206569219
6
7
-0.33532326133514034
0
474
1
-1
0
0
0
-0.30007526220799291
0
395
1
-1
0
0
0
-0.51156325697087779
0
79
0
1
-0.54323996379665695
9
12
-0.050320162231663787
0
12645
0
0
0.62021655732025005
10
11
0.051693136151813923
0
8724
1
-1
0
0
0
0.48236961107307619
0
1933
1
-1
0
0
0
-0.070895234636405832
0
6791
0
0
-0.16854848502965891
13
14
-0.27729389727309711
0
3921
1
-1
0
0
0
-0.1507675637770462
0
2780
1
-1
0
0
0
-0.58557015241684784
0
1141
"DecisionTree"
0
0
3
5
0
0
1
15
0
0
0.9097632184360388
1
8
-2.772868067801687e-17
0
16512
0
1
-0.93650893296138848
2
5
0.036877780249095542
0
13713
0
7
1.1634818974685235
3
4
1.2376825417433386
0
88
1
-1
0
0
0
1.5868781087582402
0
47
1
-1
0
0
0
0.83738518443357279
0
41
0
4
-0.05241110614891771
6
7
0.029122123807884891
0
13625
1
-1
0
0
0
-0.035687699717300223
0
8723
1
-1
0
0
0
0.14444976367124501
0
4902
0
1
-0.82414637034289395
9
12
-0.18067345500387452
0
2799
0
0
1.2092942471765116
10
11
-0.043352553186926594
0
1853
1
-1
0
0
0
0.25076430830844615
0
767
1
-1
0
0
0
-0.25107597194102499
0
1086
0
0
1.0345678137445689
13
14
-0.44965403752692407
0
946
1
-1
0
0
0
-0.3123450966783497
0
288
1
-1
0
0
0
-0.50975278367341259
0
658
"DecisionTree"
0
0
3
5
0
0
1
15
0
0
-1.4066100704902786
1
8
-5.9689952162729088e-17
0
16512
0
1
1.4371502023543226
2
5
0.25574456929981687
0
1259
0
1
0.98769995188034132
3
4
0.4234745759135714
0
943
1
-1
0
0
0
0.081242154575666012
0
251
1
-1
0
0
0
0.54760801197688658
0
692
0
7
-0.37329988368923361
6
7
-0.2447914947405975
0
316
1
-1
0
0
0
-0.20347523456312233
0
255
1
-1
0
0
0
-0.41750700859725609
0
61
0
7
1.4175952140808405
9
12
-0.021109448157639221
0
15253
0
1
-0.51983109658446858
10
11
-0.04396298840772591
0
14038
1
-1
0
0
0
0.024091178348651581
0
7996
1
-1
0
0
0
-0.13402606642560033
0
6042
0
3
-1.1199592837547694
13
14
0.2429382868470682
0
1215
1
-1
0
0
0
-0.77402921870557939
0
20
1
-1
0
0
0
0.25995866350903707
0
1195
"DecisionTree"
0
0
3
5
0
0
1
15
0
0
-1.0371884683770289
1
8
-1.0099049073322342e-17
0
16512
0
1
1.0672901004017745
2
5
0.11430616440780668
0
4357
0
0
-1.3616804161792062
3
4
0.2287118627421609
0
2833
1
-1
0
0
0
0.45527790951910108
0
678
1
-1
0
0
0
0.1574302944290458
0
2155
0
1
1.5073768039908813
6
7
-0.098365320750478769
0
1524
1
-1
0
0
0
-0.025543170184406803
0
1011
1
-1
0
0
0
-0.24188031923449183
0
513
0
1
-0.1452892211894859
9
12
-0.040973423144780863
0
12155
0
0
0.63519310875727419
10
11
0.032627427187331047
0
9138
1
-1
0
0
0
0.31560290424567744
0
2500
1
-1
0
0
0
-0.07394664522090412
0
6638
0
0
-0.1585641174049785
13
14
-0.26389837188022719
0
3017
1
-1
0
0
0
-0.17115608755949735
0
2103
1
-1
0
0
0
-0.47728680068382962
0
914
"DecisionTree"
0
0
3
5
0
0
1
15
0
0
0.9097632184360388
1
8
-6.2658480901658395e-17
0
16512
0
1
-0.93182715951895201
2
5
0.027756902791286727
0
13713
0
2
-0.32288237759844035
3
4
0.88976704538920126
0
108
1
-1
0
0
0
0.42798128934302337
0
34
1
-1
0
0
0
1.1019388792482561
0
74
0
4
0.39525488840145573
6
7
0.02091404388643012
0
13605
1
-1
0
0
0
-0.013154209620265683
0
10960
1
-1
0
0
0
0.16208155180075345
0
2645
0
1
-0.96928134705844959
9
12
-0.13598799856267138
0
2799
0
0
1.2092942471765116
10
11
0.01066396348153892
0
1503
1
-1
0
0
0
0.34398089261690257
0
576
1
-1
0
0
0
-0.19644558471907547
0
927
0
5
-1.1264707206718021
13
14
-0.3060635378778318
0
1296
1
-1
0
0
0
0.24202791860667888
0
33
1
-1
0
0
0
-0.32038421726341298
0
1263
"DecisionTree"
0
0
3
5
0
0
1
15
0
2
1.8188928509456308
1
8
-3.1255279372396076e-17
0
16512
0
7
-0.85936592874213025
2
5
-0.014550529970756761
0
15496
0
5
-1.0189068832457033
3
4
-0.13626616207338382
0
2619
1
-1
0
0
0
0.19162929626121603
0
138
1
-1
0
0
0
-0.1545046035285127
0
2481
0
7
2.5663833403925365
6
7
0.010204711193860761
0
12877
1
-1
0
0
0
0.0014084549719265457
0
12560
1
-1
0
0
0
0.35872514699037161
0
317
0
4
-0.20004563626659405
9
12
0.22192422482957294
0
1016
0
7
0.23182038505224989
10
11
0.097980588196094204
0
672
1
-1
0
0
0
0.0081607070029092663
0
458
1
-1
0
0
0
0.29021192271234991
0
214
0
0
-1.4165944381149591
13
14
0.46404667778799602
0
344
1
-1
0
0
0
0.77378007671467053
0
132
1
-1
0
0
0
0.27119380675818022
0
212
"DecisionTree"
0
0
3
5
0
0
1
15
0
4
-0.34291776218692599
1
8
-1.3686161377328647e-17
0
16512
0
5
-0.47237807365155804
2
5
-0.058925574151434679
0
6979
0
4
-0.64056802452095085
3
4
0.0091481644362319762
0
4647
1
-1
0
0
0
-0.058754996517347037
0
2942
1
-1
0
0
0
0.12631596474440129
0
1705
0
3
-0.21480020496854291
6
7
-0.19457680194598365
0
2332
1
-1
0
0
0
-0.23264847180424145
0
1958
1
-1
0
0
0
0.0047395873119547519
0
374
0
5
-0.23460538039386614
9
12
0.043138737228874957
0
9533
0
1
-0.67901139362733831
10
11
0.26317656127080047
0
1960
1
-1
0
0
0
0.44330844737734332
0
849
1
-1
0
0
0
0.12552402184284786
0
1111
0
4
0.27857598556651797
13
14
-0.013810178012400006
0
7573
1
-1
0
0
0
-0.093151991153879163
0
3741
1
-1
0
0
0
0.063647474117629874
0
3832
"DecisionTree"
0
0
3
5
0
0
1
15
0
0
0.99962252705818377
1
8
-5.8093065242014008e-18
0
16512
0
1
-0.67901139362733831
2
5
0.020623380979328317
0
14178
0
0
0.60524000588322591
3
4
0.10283092657444363
0
5544
1
-1
0
0
0
0.63445366778008272
0
827
1
-1
0
0
0
0.0096250739187164099
0
4717
0
0
-1.0072353655029804
6
7
-0.032163118068542669
0
8634
1
-1
0
0
0
0.077613522215308733
0
4455
1
-1
0
0
0
-0.14918990257788883
0
4179
0
1
-0.81478282345801945
9
12
-0.12527776157879905
0
2334
0
0
1.2142864309888517
10
11
-0.042076646146981839
0
1657
1
-1
0
0
0
0.15784910317702566
0
592
1
-1
0
0
0
-0.15320908145197001
0
1065
0
7
-0.15923803198777464
13
14
-0.32891771471103182
0
677
1
-1
0
0
0
-0.27353824931460413
0
425
1
-1
0
0
0
-0.4223156226216741
0
252
"DecisionTree"
0
0
3
5
0
0
1
15
0
1
1.0719718738442126
1
8
3.0088711453473688e-18
0
16512
0
0
-0.85247766732040575
2
5
0.020977251175458501
0
13625
0
1
0.91747335024378252
3
4
0.15075266267035034
0
2989
1
-1
0
0
0
0.26015652948541268
0
1469
1
-1
0
0
0
0.045019583491845962
0
1520
0
1
-0.1452892211894859
6
7
-0.01549310468748168
0
10636
1
-1
0
0
0
0.027041815816834062
0
9138
1
-1
0
0
0
-0.27496179865840131
0
1498
0
0
-1.4066100704902786
9
12
-0.099000709132532935
0
2887
0
1
1.1094260613837101
10
11
0.014628456170572946
0
681
1
-1
0
0
0
0.57597006623231239
0
54
1
-1
0
0
0
-0.033716754265366328
0
627
0
0
-0.83250893207103771
13
14
-0.13407843423290264
0
2206
1
-1
0
0
0
-0.17727257680753411
0
1733
1
-1
0
0
0
0.024178329153642323
0
473
"DecisionTree"
0
0
3
5
0
0
1
15
0
0
1.5837080331021016
1
8
3.052239232246789e-17
0
16512
0
4
-0.24052607194402142
2
5
0.0046497905930504473
0
16324
0
5
-0.58560316567903037
3
4
-0.033939027594182082
0
8236
1
-1
0
0
0
0.048190327401679556
0
3593
1
-1
0
0
0
-0.097495084561688178
0
4643
0
5
-0.080445062787230737
6
7
0.043944734533461531
0
8088
1
-1
0
0
0
0.23362751845592794
0
2096
1
-1
0
0
0
-0.022406252633008387
0
5992
0
1
-0.94587247984626455
9
12
-0.40374032787741831
0
188
0
7
0.022525941208067717
10
11
-0.50780625188156303
0
108
1
-1
0
0
0
-0.45848416995994989
0
95
1
-1
0
0
0
-0.86823685053950506
0
13
0
4
-0.8179675808720297
13
14
-0.26325133047182292
0
80
1
-1
0
0
0
-0.029418121629048888
0
13
1
-1
0
0
0
-0.30862195308310753
0
67
"DecisionTree"
0
0
3
5
0
0
1
15
0
0
0.90477103462369857
1
8
1.7629631604694528e-17
0
16512
0
1
-0.93650893296138848
2
5
0.019047064248794723
0
13684
0
7
0.75814745140533524
3
4
0.75006198535431168
0
83
1
-1
0
0
0
1.0593770980612824
0
39
1
-1
0
0
0
0.47589631727313325
0
44
0
1
1.0719718738442126
6
7
0.014586051201830623
0
13601
1
-1
0
0
0
0.041051230268855439
0
10714
1
-1
0
0
0
-0.083629372602846364
0
2887
0
1
-0.96928134705844959
9
12
-0.092164083161423604
0
2828
0
0
1.2092942471765116
10
11
0.0085930195468953818
0
1508
1
-1
0
0
0
0.21226463855008756
0
581
1
-1
0
0
0
-0.1190587718671874
0
927
0
4
-1.1549076778341458
13
14
-0.20727143989183605
0
1320
1
-1
0
0
0
0.30254533234971087
0
23
1
-1
0
0
0
-0.21631213824307399
0
1297
"DecisionTree"
0
0
3
5
0
0
1
15
0
0
0.64517747638195466
1
8
-4.5755012612489036e-18
0
16512
0
1
-0.6883749405122126
2
5
0.030403892395128484
0
10074
0
0
0.60024782207088556
3
4
0.32530693759931273
0
1481
1
-1
0
0
0
0.61258191549227026
0
613
1
-1
0
0
0
0.12242725851131317
0
868
0
0
-0.46807951377013168
6
7
-0.020422525613413015
0
8593
1
-1
0
0
0
0.023740568140476068
0
6229
1
-1
0
0
0
-0.13678966224326675
0
2364
0
1
-0.86628233132482957
9
12
-0.047575149423504888
0
6438
0
0
1.1693567766777828
10
11
0.029467220977301027
0
2473
1
-1
0
0
0
0.13675335300450173
0
1190
1
-1
0
0
0
-0.070042129850733673
0
1283
0
1
-0.72114735460927215
13
14
-0.095627049045495585
0
3965
1
-1
0
0
0
-0.13901699630433895
0
2866
1
-1
0
0
0
0.017526352996220206
0
1099
"DecisionTree"
0
0
3
5
0
0
1
15
0
0
-1.3267351294928176
1
8
-8.0684812836130567e-18
0
16512
0
1
1.0157905925349646
2
5
0.09634689220109495
0
2029
0
1
0.99706349876521583
3
4
0.25856291157223893
0
790
1
-1
0
0
0
0.15466284694441604
0
563
1
-1
0
0
0
0.51625338023067224
0
227
0
1
1.4371502023543226
6
7
-0.0070838223293356595
0
1239
1
-1
0
0
0
0.066726176946757962
0
836
1
-1
0
0
0
-0.16019836177056201
0
403
0
1
0.85661029549209644
9
12
-0.013497745237590444
0
14483
0
0
-1.2218992694336519
10
11
0.011944214563617423
0
11487
1
-1
0
0
0
0.47497828726507391
0
275
1
-1
0
0
0
0.00058724256995880376
0
11212
0
2
-0.32288237759844035
13
14
-0.1110450724193242
0
2996
1
-1
0
0
0
-0.040445485866038862
0
1440
1
-1
0
0
0
-0.17638145072056524
0
1556
"DecisionTree"
0
0
3
5
0
0
1
15
0
4
-0.13099077540510029
1
8
-6.7842480126379779e-18
0
16512
0
5
-0.37221741531956332
2
5
-0.028597185299272274
0
9491
0
4
-0.61199359933688446
3
4
0.018071896616620713
0
6134
1
-1
0
0
0
-0.050460216923861677
0
3389
1
-1
0
0
0
0.10268221821541661
0
2745
0
3
-0.10362033322233638
6
7
-0.11387217739700448
0
3357
1
-1
0
0
0
-0.14860839723437871
0
2556
1
-1
0
0
0
-0.0030285096013384139
0
801
0
5
0.23832711938242215
9
12
0.038657724779289609
0
7021
0
6
0.62004067382063877
10
11
0.15003940104413321
0
3072
1
-1
0
0
0
0.11699670150430815
0
2836
1
-1
0
0
0
0.54711184127694823
0
236
0
6
0.88990297527392237
13
14
-0.047988137334055631
0
3949
1
-1
0
0
0
-0.12577676018777545
0
2171
1
-1
0
0
0
0.046994483709490845
0
1778
"DecisionTree"
0
0
3
5
0
0
1
15
0
0
0.79494299075219277
1
8
-5.5269096792749433e-18
0
16512
0
1
-0.51280843642081397
2
5
0.018263917254422196
0
12517
0
1
-0.76328331559120954
3
4
0.090125272032459097
0
4850
1
-1
0
0
0
-0.047567783365102811
0
2088
1
-1
0
0
0
0.19421763252127494
0
2762
0
0
-0.1585641174049785
6
7
-0.027194224218576209
0
7667
1
-1
0
0
0
0.0089777138886185989
0
6650
1
-1
0
0
0
-0.26371673003258306
0
1017
0
1
-0.91310006574920322
9
12
-0.057223892934569205
0
3995
0
0
1.1643645928654425
10
11
0.026110623832370953
0
1861
1
-1
0
0
0
0.18136422418712997
0
619
1
-1
0
0
0
-0.051266170547335878
0
1242
0
1
-0.75860154214877151
13
14
-0.12989752728474513
0
2134
1
-1
0
0
0
-0.081438827360430746
0
1167
1
-1
0
0
0
-0.18837870909619764
0
967
"DecisionTree"
0
0
3
5
0
0
1
15
0
1
1.7555107964400587
1
8
-4.9016023797949319e-18
0
16512
0
0
-1.3916335190532547
2
5
0.005336113675665769
0
15988
0
1
0.9923817253227778
3
4
0.14488530094869723
0
1107
1
-1
0
0
0
-0.036859426366363225
0
336
1
-1
0
0
0
0.22408922880584425
0
771
0
1
0.91279157680134437
6
7
-0.0050449729657727127
0
14881
1
-1
0
0
0
0.015094436717693697
0
11806
1
-1
0
0
0
-0.0823672073472375
0
3075
0
7
-0.54725788138250198
9
12
-0.16281256764607671
0
524
0
4
-0.061935914543606502
10
11
-0.11594402264160854
0
380
1
-1
0
0
0
-0.079666059449073498
0
269
1
-1
0
0
0
-0.203860888396491
0
111
0
2
1.0653052705319759
13
14
-0.2864934502967571
0
144
1
-1
0
0
0
-0.26013534118571774
0
133
1
-1
0
0
0
-0.6051869513665985
0
11
"DecisionTree"
0
0
3
5
0
0
1
15
0
4
-0.44530945242983055
1
8
-5.8160302586044117e-18
0
16512
0
5
-0.65528014538824408
2
5
-0.039074209255153751
0
5745
0
4
-0.69771687488908363
3
4
0.03949564849949367
0
2747
1
-1
0
0
0
-0.019101473724614959
0
2080
1
-1
0
0
0
0.22222730401095706
0
667
0
3
-0.38840484076897197
6
7
-0.11106600353534594
0
2998
1
-1
0
0
0
-0.15075373021453217
0
2273
1
-1
0
0
0
0.013361862315399289
0
725
0
5
-0.26160521003118647
9
12
0.020849013854449514
0
10767
0
1
1.0157905925349646
10
11
0.13605015384997571
0
2513
1
-1
0
0
0
0.18749315600902841
0
1811
1
-1
0
0
0
0.0033389331803970082
0
702
0
4
0.095223423968758644
13
14
-0.014224946020611908
0
8254
1
-1
0
0
0
-0.080061282134408537
0
3392
1
-1
0
0
0
0.031706121872846993
0
4862
"DecisionTree"
0
0
3
5
0
0
1
15
0
0
1.0096068946828642
1
8
1.1490862094745595e-17
0
16512
0
1
-0.68369316706977457
2
5
0.011554289602630425
0
14196
0
0
0.60524000588322591
3
4
0.056746216161282184
0
5458
1
-1
0
0
0
0.39096661605409982
0
761
1
-1
0
0
0
0.0025963919504169027
0
4697
0
0
0.046115418901012589
6
7
-0.016673855871977179
0
8738
1
-1
0
0
0
0.010178308605749557
0
7216
1
-1
0
0
0
-0.14398346091223746
0
1522
0
1
-1.1518705113135046
9
12
-0.070822407253429157
0
2316
0
0
1.1643645928654425
10
11
0.0093969250833256818
0
1239
1
-1
0
0
0
0.53591183010095211
0
123
1
-1
0
0
0
-0.048632943480444911
0
1116
0
0
1.1743489604901232
13
14
-0.16310815726757899
0
1077
1
-1
0
0
0
-0.2239524102786245
0
619
1
-1
0
0
0
-0.080875422302869066
0
458
"DecisionTree"
0
0
3
5
0
0
1
15
0
0
1.6236455036008339
1
8
1.2744838560907124e-17
0
16512
0
5
0.72171116611509256
2
5
0.0027912965719212178
0
16338
0
6
0.6343811825935185
3
4
0.013291854829997446
0
14128
1
-1
0
0
0
0.00045253999672470918
0
13377
1
-1
0
0
0
0.24198894474303265
0
751
0
6
1.2132162639715762
6
7
-0.064336254138531793
0
2210
1
-1
0
0
0
-0.15019811246095172
0
1016
1
-1
0
0
0
0.0087254276500600379
0
1194
0
7
-0.20125408804860925
9
12
-0.26209312294280734
0
174
0
1
-0.94587247984626455
10
11
-0.21952873582855276
0
149
1
-1
0
0
0
-0.2915893234714429
0
91
1
-1
0
0
0
-0.10646815866470762
0
58
0
1
-1.2595513004895627
13
14
-0.51577687014376461
0
25
1
-1
0
0
0
-0.60346589328844946
0
14
1
-1
0
0
0
-0.40417265886871073
0
11
"DecisionTree"
0
0
3
5
0
0
1
15
0
1
1.0813354207290868
1
8
5.4495867336403181e-18
0
16512
0
0
-1.3616804161792062
2
5
0.011083709521806708
0
13728
0
1
0.9923817253227778
3
4
0.16744806311670501
0
742
1
-1
0
0
0
0.037291004091642613
0
401
1
-1
0
0
0
0.32050665745409512
0
341
0
1
0.90810980335890634
6
7
0.0021492916589225643
0
12986
1
-1
0
0
0
0.011597950379711669
0
11727
1
-1
0
0
0
-0.085860573963550818
0
1259
0
0
-0.82252456444635746
9
12
-0.054654153848909245
0
2784
0
7
-0.61300619853505478
10
11
-0.075659769929501269
0
2358
1
-1
0
0
0
-0.021866297742877697
0
917
1
-1
0
0
0
-0.10989197950280706
0
1441
0
1
1.7180566089005596
13
14
0.061616368963381928
0
426
1
-1
0
0
0
0.10964718419854903
0
347
1
-1
0
0
0
-0.14935442706956742
0
79
"DecisionTree"
0
0
3
5
0
0
1
15
0
5
0.10594085793491603
1
8
2.9517194029217763e-18
0
16512
0
6
0.0033987965868070655
2
5
0.016180288744881356
0
11388
0
5
-0.45147497973879391
3
4
-0.008454698076462942
0
9927
1
-1
0
0
0
0.026359823511404448
0
5476
1
-1
0
0
0
-0.051286493227027316
0
4451
0
2
-0.71950741992141642
6
7
0.18356667763980603
0
1461
1
-1
0
0
0
-0.0093157380772239534
0
413
1
-1
0
0
0
0.25957854566569627
0
1048
0
4
0.66433072555141426
9
12
-0.035960407538389763
0
5124
0
7
-1.5557218104885309
10
11
-0.086535698441185707
0
2876
1
-1
0
0
0
1.3929850302279718
0
7
1
-1
0
0
0
-0.090145543369970604
0
2869
0
5
1.2042242506013976
13
14
0.028743567833692661
0
2248
1
-1
0
0
0
0.12731933347882812
0
1108
1
-1
0
0
0
-0.067065158775789932
0
1140
"DecisionTree"
0
0
3
5
0
0
1
15
0
4
-0.378635793667009
1
8
1.5783966511068042e-17
0
16512
0
5
-0.68924767299648582
2
5
-0.028698771173131497
0
6555
0
4
-0.69533567279041153
3
4
0.038167988733359887
0
2490
1
-1
0
0
0
-0.011718793361921075
0
1971
1
-1
0
0
0
0.22762241553451357
0
519
0
4
-0.74772211896119989
6
7
-0.069657745876000737
0
4065
1
-1
0
0
0
-0.23510768620760591
0
363
1
-1
0
0
0
-0.053434534546888679
0
3702
0
5
-0.10918681691728141
9
12
0.01889328563220621
0
9957
0
6
0.13637442338987438
10
11
0.10083168544054837
0
3258
1
-1
0
0
0
0.078037774999884152
0
2950
1
-1
0
0
0
0.31914998349236479
0
308
0
6
0.25109849357291281
13
14
-0.020956737740771673
0
6699
1
-1
0
0
0
-0.079479630977073432
0
2655
1
-1
0
0
0
0.017465191424010793
0
4044
"DecisionTree"
0
0
3
5
0
0
1
15
0
0
1.0145990784952046
1
8
1.2301072090308405e-17
0
16512
0
1
0.92215512368621888
2
5
0.0093147452909068933
0
14209
0
0
-1.2518523723077004
3
4
0.03167241815364915
0
9572
1
-1
0
0
0
0.40140592226249755
0
352
1
-1
0
0
0
0.017556778951228782
0
9220
0
0
-1.4066100704902786
6
7
-0.036837431686053961
0
4637
1
-1
0
0
0
0.047402382717075711
0
1241
1
-1
0
0
0
-0.067621180117821908
0
3396
0
1
-1.1752793785256914
9
12
-0.05746991569192169
0
2303
0
0
1.1643645928654425
10
11
0.010350071139085025
0
1178
1
-1
0
0
0
0.48309926358499855
0
105
1
-1
0
0
0
-0.035911499417132051
0
1073
0
3
-1.1764605300520219
13
14
-0.12848497745807808
0
1125
1
-1
0
0
0
0.86321584112852712
0
5
1
-1
0
0
0
-0.13291221325533975
0
1120
"DecisionTree"
0
0
3
5
0
0
1
15
0
1
1.9825768083982673
1
8
1.5424246720506959e-17
0
16512
0
0
0.79494299075219277
2
5
0.0032217711643238102
0
16165
0
1
-0.88032765165214211
3
4
0.01583431776072482
0
12170
1
-1
0
0
0
0.4881518602531294
0
129
1
-1
0
0
0
0.010774192938739924
0
12041
0
1
-0.75860154214877151
6
7
-0.035199928980407184
0
3995
1
-1
0
0
0
-0.0087565818878199923
0
3028
1
-1
0
0
0
-0.11800288140683338
0
967
0
2
1.7395678424810355
9
12
-0.15008625611323881
0
347
0
4
0.2380955498890906
10
11
-0.13560503738051086
0
332
1
-1
0
0
0
-0.11589461711388463
0
284
1
-1
0
0
0
-0.25222502395805008
0
48
0
4
-0.4941240954526106
13
14
-0.47060389739761871
0
15
1
-1
0
0
0
-0.64253217203607205
0
5
1
-1
0
0
0
-0.38463976007839185
0
10
"DecisionTree"
0
0
3
5
0
0
1
15
0
5
0.45258383198825441
1
8
3.8997659537463107e-19
0
16512
0
6
0.38668148560741278
2
5
0.010099124946394995
0
13363
0
5
-0.13618664655460172
3
4
-0.0035132335380096578
0
12408
1
-1
0
0
0
0.012084687859501149
0
9126
1
-1
0
0
0
-0.046885150257596361
0
3282
0
2
-0.79883242838601176
6
7
0.18696000879403146
0
955
1
-1
0
0
0
-0.027098559076057609
0
314
1
-1
0
0
0
0.29181865202524498
0
641
0
4
1.2286756229367255
9
12
-0.042856337459090538
0
3149
0
3
-0.59572796226292257
10
11
-0.087043395594922052
0
1953
1
-1
0
0
0
0.40391942639975492
0
21
1
-1
0
0
0
-0.092379948007907595
0
1932
0
2
-0.1642323606692499
13
14
0.029298616169068856
0
1196
1
-1
0
0
0
-0.017003893558015369
0
1016
1
-1
0
0
0
0.29065055996194422
0
180
"DecisionTree"
0
0
3
5
0
0
1
15
0
4
-0.55960715316609611
1
8
-1.3985367558262631e-18
0
16512
0
5
-0.71798942712653646
2
5
-0.035781987579711225
0
4261
0
4
-0.73581610846783885
3
4
0.022988715243190974
0
2104
1
-1
0
0
0
-0.014374521632541434
0
1711
1
-1
0
0
0
0.18565664983448379
0
393
0
3
-0.45584181215601527
6
7
-0.093108625845537155
0
2157
1
-1
0
0
0
-0.12679452183802417
0
1739
1
-1
0
0
0
0.047034372075359814
0
418
0
5
-0.52463580843346835
9
12
0.012445273779866917
0
12251
0
2
-0.56085740299222597
10
11
0.13524144837216234
0
1133
1
-1
0
0
0
-0.007765633123935879
0
346
1
-1
0
0
0
0.19811368496383963
0
787
0
3
-0.09131764249632171
13
14
-6.849360752927058e-05
0
11118
1
-1
0
0
0
-0.035141902707390614
0
4507
1
-1
0
0
0
0.023842541759748773
0
6611
"DecisionTree"
0
0
3
5
0
0
1
15
0
1
-0.46833158871765845
1
8
-5.4966528744613943e-18
0
16512
0
0
0.13597472752315409
2
5
0.019997794716290679
0
8821
0
0
-0.10365009546922557
3
4
0.66092749933926143
0
155
1
-1
0
0
0
0.28164455758520074
0
48
1
-1
0
0
0
0.83107311807005491
0
107
0
1
-0.74455622182146075
6
7
0.0085341316402970484
0
8666
1
-1
0
0
0
-0.020876827102453498
0
5709
1
-1
0
0
0
0.065317074982320561
0
2957
0
0
-0.46807951377013168
9
12
-0.022935970249954515
0
7691
0
1
0.45397777944248896
10
11
0.012426724856895629
0
6229
1
-1
0
0
0
0.45492358118271492
0
190
1
-1
0
0
0
-0.0014951831911099458
0
6039
0
7
-0.40902924807014285
13
14
-0.17360233674829176
0
1462
1
-1
0
0
0
-0.078645254873782391
0
945
1
-1
0
0
0
-0.34716992354018938
0
517
"DecisionTree"
0
0
3
5
0
0
1
15
0
1
0.92215512368621888
1
8
-8.1020999556281112e-18
0
16512
0
0
-1.2618367399323809
2
5
0.012258008774256816
0
11875
0
1
0.79574724074041203
3
4
0.32716880725635755
0
322
1
-1
0
0
0
-0.2593321833580835
0
12
1
-1
0
0
0
0.34987207140917465
0
310
0
0
-0.5329779033305686
6
7
0.0034809571762964104
0
11553
1
-1
0
0
0
0.082841720667996679
0
1381
1
-1
0
0
0
-0.0072934445521776513
0
10172
0
0
-1.4066100704902786
9
12
-0.031391816733728567
0
4637
0
1
1.3013787725236394
10
11
0.033371342519953162
0
1241
1
-1
0
0
0
0.10475352814518687
0
769
1
-1
0
0
0
-0.082927176009294376
0
472
0
2
0.47036770704751185
13
14
-0.055058212680082812
0
3396
1
-1
0
0
0
-0.011271865551041454
0
2198
1
-1
0
0
0
-0.13539409831416735
0
1198
"DecisionTree"
0
0
3
5
0
0
1
15
0
5
0.23832711938242215
1
8
-4.7469564885256814e-18
0
16512
0
6
0.22502484125858591
2
5
0.011752554733747781
0
12275
0
3
-0.28405979720388463
3
4
-0.00062184078479882437
0
11331
1
-1
0
0
0
-0.019792765994194446
0
7280
1
-1
0
0
0
0.033829982351315638
0
4051
0
2
-0.56085740299222597
6
7
0.1602846263657946
0
944
1
-1
0
0
0
-0.0022979811261395946
0
318
1
-1
0
0
0
0.24287451323869427
0
626
0
4
1.1239027305951488
9
12
-0.03404829109198839
0
4237
0
7
-1.5660948517604076
10
11
-0.065431381472453531
0
2854
1
-1
0
0
0
0.81603542291264108
0
7
1
-1
0
0
0
-0.067598669013969354
0
2847
0
5
1.5190771026624073
13
14
0.030714789129159287
0
1383
1
-1
0
0
0
0.14251159575646069
0
617
1
-1
0
0
0
-0.059335641274293652
0
766
"DecisionTree"
0
0
3
5
0
0
1
15
0
1
-0.68369316706977457
1
8
1.1329492469073334e-18
0
16512
0
0
0.61023218969556958
2
5
0.021183200732891243
0
7619
0
7
0.88411703594183988
3
4
0.24400306794843224
0
867
1
-1
0
0
0
0.39994190670096341
0
578
1
-1
0
0
0
-0.067874609556630008
0
289
0
1
-0.74455622182146075
6
7
-0.0074282958423270299
0
6752
1
-1
0
0
0
-0.038237555414922603
0
5212
1
-1
0
0
0
0.09684304239947078
0
1540
0
0
0.17591219802188285
9
12
-0.018148522026751206
0
8893
0
1
-0.47301336216009648
10
11
1.9904040937690478e-05
0
7457
1
-1
0
0
0
0.46893654212678615
0
193
1
-1
0
0
0
-0.012438921833314629
0
7264
0
5
-0.98798772349973973
13
14
-0.11249528608438082
0
1436
1
-1
0
0
0
0.22553932011723851
0
48
1
-1
0
0
0
-0.1241852436475492
0
1388
"DecisionTree"
0
0
3
5
0
0
1
15
0
1
-0.83350991722776846
1
8
1.6190752442450201e-17
0
16512
0
0
0.64517747638195466
2
5
0.040376471225986574
0
3232
0
7
0.92390655536603417
3
4
0.36577411558477779
0
177
1
-1
0
0
0
0.45557054679076747
0
120
1
-1
0
0
0
0.17672899725637881
0
57
0
2
0.70834273244129764
6
7
0.021523645349879737
0
3055
1
-1
0
0
0
0.0055374570477617893
0
2740
1
-1
0
0
0
0.16057810867623901
0
315
0
1
-0.7679650890336458
9
12
-0.0098265628766858321
0
13280
0
0
0.59026345444620165
10
11
-0.11706215865490945
0
1733
1
-1
0
0
0
0.30176864494497269
0
104
1
-1
0
0
0
-0.14380151014317691
0
1629
0
1
-0.69305671395465063
13
14
0.0062675990254238935
0
11547
1
-1
0
0
0
0.081426672952460158
0
2409
1
-1
0
0
0
-0.013546168657901867
0
9138
"DecisionTree"
0
0
3
5
0
0
1
13
0
5
-1.2257604167574316
1
6
9.7830335563808308e-19
0
16512
0
1
0.96195019794693637
2
5
0.49362686329515759
0
22
0
0
0.87481793174965028
3
4
0.7393876214800662
0
16
1
-1
0
0
0
1.0366927894894653
0
11
1
-1
0
0
0
0.085316251859388736
0
5
1
-1
0
0
0
-0.16173515853126574
0
6
0
3
-1.1775996680822085
7
10
-0.00065856828335314639
0
16490
0
7
0.49049155313251253
8
9
-0.48113661527724583
0
35
1
-1
0
0
0
-0.18986630004109173
0
25
1
-1
0
0
0
-1.2093124033676317
0
10
0
3
-1.17577704723391
11
12
0.00036341480049895185
0
16455
1
-1
0
0
0
1.0740153449225209
0
6
1
-1
0
0
0
-2.8214573975615776e-05
0
16449
"DecisionTree"
0
0
3
5
0
0
1
13
0
0
1.7359696393785082
1
8
1.5972231074352347e-17
0
16512
0
1
-0.81946459690045592
2
5
0.0015717024698486363
0
16385
0
0
0.64517747638195466
3
4
0.03983207367755668
0
3450
1
-1
0
0
0
0.22664370209800758
0
277
1
-1
0
0
0
0.023523589255096872
0
3173
0
1
-0.77732863591852186
6
7
-0.0086330351155083779
0
12935
1
-1
0
0
0
-0.13672037965293979
0
1136
1
-1
0
0
0
0.0036991306099363559
0
11799
0
7
0.35231530891748619
9
12
-0.2027743698304702
0
127
0
1
-0.58537592477859257
10
11
-0.1819939672858788
0
121
1
-1
0
0
0
-0.20164526838744409
0
114
1
-1
0
0
0
0.13804150779675578
0
7
1
-1
0
0
0
-0.62184582114639453
0
6
"DecisionTree"
0
0
3
5
0
0
1
15
0
5
0.85496838980896384
1
8
2.803797246055537e-18
0
16512
0
6
1.2836151252202588
2
5
0.0063815925658619998
0
14583
0
3
0.51926034168366497
3
4
0.0033346495141951837
0
14429
1
-1
0
0
0
-0.0026771422682510043
0
13298
1
-1
0
0
0
0.074019713283398667
0
1131
0
2
-0.1642323606692499
6
7
0.29186432823145086
0
154
1
-1
0
0
0
0.10556764423449123
0
96
1
-1
0
0
0
0.60021746036434953
0
58
0
6
1.6434315271579703
9
12
-0.048244045820614784
0
1929
0
3
-0.24054472445075875
10
11
-0.09884794824464356
0
1099
1
-1
0
0
0
0.20338596690219704
0
56
1
-1
0
0
0
-0.11507527254782966
0
1043
0
3
0.33950436052022859
13
14
0.018760398473370351
0
830
1
-1
0
0
0
0.73398501541484451
0
13
1
-1
0
0
0
0.0073798354131020911
0
817
"DecisionTree"
0
0
3
5
0
0
1
15
0
5
-0.14054145778642757
1
8
-9.9175082444410486e-19
0
16512
0
3
-0.055776535954501591
2
5
0.016031699785048231
0
9156
0
5
-0.42534611234783876
3
4
-0.00019318208922241314
0
8171
1
-1
0
0
0
0.019913907946627379
0
5681
1
-1
0
0
0
-0.046068032889890205
0
2490
0
6
0.065975562141191685
6
7
0.15062409551567299
0
985
1
-1
0
0
0
0.10609316527682856
0
770
1
-1
0
0
0
0.31010696195246418
0
215
0
3
0.28186397619278958
9
12
-0.01995462795430953
0
7356
0
7
-0.20376876472057948
10
11
-0.051013434668146618
0
3678
1
-1
0
0
0
-0.01700728100588941
0
2427
1
-1
0
0
0
-0.11698700376350908
0
1251
0
5
0.45258383198825441
13
14
0.011104178759527579
0
3678
1
-1
0
0
0
0.07919237005920822
0
1305
1
-1
0
0
0
-0.026340022524114697
0
2373
"DecisionTree"
0
0
3
5
0
0
1
15
0
1
1.7976467574219925
1
8
1.142026288351398e-17
0
16512
0
5
-1.2179217565401452
2
5
0.0028254710254999376
0
16021
0
7
0.032086951471287491
3
4
0.30809682528202864
0
44
1
-1
0
0
0
0.6339851072783601
0
26
1
-1
0
0
0
-0.16263069315711665
0
18
0
4
-1.20253171980759
6
7
0.0019847662882346625
0
15977
1
-1
0
0
0
-0.25516854907038899
0
107
1
-1
0
0
0
0.0037185662090520955
0
15870
0
7
-0.6143945096143717
9
12
-0.092193220569316267
0
491
0
6
0.1089970884598311
10
11
-0.062746313886943031
0
335
1
-1
0
0
0
-0.037196850562494048
0
274
1
-1
0
0
0
-0.17750947701643521
0
61
0
2
1.2636177916934641
13
14
-0.15542856504748928
0
156
1
-1
0
0
0
-0.14304083712270108
0
149
1
-1
0
0
0
-0.41911020230369489
0
7
"DecisionTree"
0
0
3
5
0
0
1
13
0
0
1.5287940111663487
1
8
-1.2539764661615291e-18
0
16512
0
1
-0.14997099463192226
2
5
0.0018160750958605
0
16283
0
0
0.036131051276328624
3
4
0.016864927549305318
0
8895
1
-1
0
0
0
0.28357629565953518
0
319
1
-1
0
0
0
0.0069441105685260429
0
8576
0
0
-0.52798571951822482
6
7
-0.016302433644447088
0
7388
1
-1
0
0
0
0.0081300024117556165
0
6117
1
-1
0
0
0
-0.13388953935317349
0
1271
0
3
4.2617844260585311
9
12
-0.12913166282050925
0
229
0
7
-0.053647806313694812
10
11
-0.13953506362164045
0
223
1
-1
0
0
0
-0.11503065061852012
0
192
1
-1
0
0
0
-0.29130433125387017
0
31
1
-1
0
0
0
0.2575280669548678
0
6
"DecisionTree"
0
0
3
5
0
0
1
15
0
5
-0.056929082135371088
1
8
-8.0348626115980023e-18
0
16512
0
4
-0.14051558379978907
2
5
0.012260093557256258
0
10007
0
2
0.47036770704751185
3
4
-0.0037968543181597179
0
8413
1
-1
0
0
0
0.02529904194781514
0
4525
1
-1
0
0
0
-0.03765974799190875
0
3888
0
2
-0.56085740299222597
6
7
0.097007334759185049
0
1594
1
-1
0
0
0
-0.019718062321160312
0
558
1
-1
0
0
0
0.15987680538740218
0
1036
0
3
0.51926034168366497
9
12
-0.018860377590693912
0
6505
0
6
1.7985697584282154
10
11
-0.042983191465920972
0
3873
1
-1
0
0
0
-0.045425951795286565
0
3860
1
-1
0
0
0
0.68232872171494818
0
13
0
5
0.53271235865385025
13
14
0.016636453009136739
0
2632
1
-1
0
0
0
0.1041506151403081
0
705
1
-1
0
0
0
-0.015380923380316129
0
1927
"DecisionTree"
0
0
3
5
0
0
1
15
0
1
0.91747335024378252
1
8
-6.7842480126379779e-18
0
16512
0
0
-1.2218992694336519
2
5
0.0094836301790168359
0
11850
0
1
0.72083886566141508
3
4
0.20494454847734814
0
511
1
-1
0
0
0
-0.1916563907303373
0
46
1
-1
0
0
0
0.24417818977531261
0
465
0
1
0.80511078762528632
6
7
0.00067504659576898308
0
11339
1
-1
0
0
0
0.0049804892944127427
0
11032
1
-1
0
0
0
-0.15404040568904542
0
307
0
1
0.9923817253227778
9
12
-0.024105752385531847
0
4662
0
0
-1.2318836370583361
10
11
-0.09985438438273439
0
852
1
-1
0
0
0
-0.16196744102276681
0
554
1
-1
0
0
0
0.015617539706453446
0
298
0
0
-1.4066100704902786
13
14
-0.0071666882223779529
0
3810
1
-1
0
0
0
0.067910491817221683
0
954
1
-1
0
0
0
-0.032244989958294605
0
2856
"DecisionTree"
0
0
3
5
0
0
1
15
0
5
-0.30254043561034955
1
8
-1.5637725287802555e-17
0
16512
0
6
-0.3616323358137698
2
5
0.016413630692497603
0
7328
0
5
-0.65179629640278347
3
4
-0.0061397867983272606
0
5892
1
-1
0
0
0
0.027636264904333931
0
2975
1
-1
0
0
0
-0.040587422662371454
0
2917
0
2
-0.71950741992141642
6
7
0.10895174758382048
0
1436
1
-1
0
0
0
-0.036966246330137002
0
331
1
-1
0
0
0
0.15266111951641761
0
1105
0
3
0.064060784821122652
9
12
-0.013096590343491112
0
9184
0
7
-0.37683614775919166
10
11
-0.040266047389738699
0
4055
1
-1
0
0
0
-0.0017640945576393367
0
2338
1
-1
0
0
0
-0.092693284268858395
0
1717
0
5
0.13206972532587119
13
14
0.0083836491422827411
0
5129
1
-1
0
0
0
0.083781383614902061
0
1340
1
-1
0
0
0
-0.018281160621061082
0
3789
0
0
