MLCPP_ARCHIVE_V1
"LinearTextClassifier_V1"
0.0001
-2.5211513342592675
500
1000
-3.3238515427025286
2.1835854630968821
-1.2841624773137306
0.4939076739160535
-0.59021247106813168
0.096138597924611172
-0.47636614627985147
0.40403904686546421
-1.6092464741258345
0.45025520015726905
-1.3525544310189881
1.0818891089196756
-0.70384821668876596
3.0330379400246281
-1.1599665629246194
-0.27521911939990212
-0.27274718367897621
-1.2197180572248731
3.2569500252396342
0.3446210880984128
1.1437200369382809
-0.86376113690298384
-0.58387948260320777
-0.89602819735995309
0.75044026459487356
-0.77307600778009267
1.6647193974723578
-0.84552774231110395
-0.900487211245251
-0.007140435829106874
-0.11019811502147836
-0.79292396783873775
-0.123277965442147
1.403406350095616
-1.0172958663376421
-0.19222887695842089
-0.2552675296716862
-0.87579321874014682
0.027904223926597901
-0.35654534383723108
0.86123388214485641
-0.44293124458337529
1.211973822428783
-0.042362952371068761
-0.44228665704768366
-0.66681911492320645
0.9241118459156632
-0.10379160013586133
0.49651348397073225
-0.43089586415674336
1.5789438503099533
-0.4522636255135446
-0.51342351152688603
0.30841275839753501
-0.31937158941545796
-0.50809333577246385
-0.30734026051235613
-0.71400199482529525
-0.67514970411797859
2.1620187683133483
-0.49882754534412721
-0.41019491474053593
-0.22707465150408163
-0.39307898309683093
-0.41611272817316863
-0.56926020746765116
-0.24807844434879966
-0.079688284462064815
-0.73333938689428924
-0.32317131506721047
-0.74723763687983968
-0.77687328419385404
-0.73182684927086528
-0.18740248024917266
-0.61846750988208521
-0.087305667270491064
-0.41638958867325904
0.2741919871310628
0.097811494518128692
-0.72965150606037699
2.8824978431916661
-0.59098771431106734
-0.8234739238706259
-0.33765097114680986
-0.1937961621968643
2.0267413685582967
2.4226313455284552
-0.25564983054106821
-0.13539903505772022
-0.55673833993228405
0.10912673630891964
0.066058550928775314
-0.3695380708230766
-0.43298400245122648
-0.30962658646549429
-0.2174958779886268
-0.50165264938023435
-0.49427993024547651
1.5690279982020465
-0.39410554585326424
1.1248046613801606
-0.53127300669565169
-0.46945728282089783
-0.092686376837914017
-0.32815069373487699
-0.10018264799846188
0.54691222247004179
-0.10770173541302355
-0.097738175074196743
-0.13575394217696174
0.66043870952716877
-0.439937818848957
-0.51306201409205532
1.0273789302509351
1.0124682001117353
0.43588230726914712
-0.022968196149586347
-0.11290915024093919
-0.46242722463261271
-0.091889338236005313
0.57278424384367443
-0.24668762743457717
0.014899886150881137
-0.39639392766251413
-0.38579138500972943
0.45967470884093287
-0.28924862677307317
-0.028034209016208834
1.7706480418741775
0.52193750691572827
-0.43773824355347901
-0.33729056105374677
-0.23307255397301752
0.093647753567101824
0.28277180961267079
-0.35226229581960322
-0.3494224254062312
0.32022773383911296
-0.14752616796039236
0.58218491271777439
-0.33687420967843196
0.050818551365237739
-0.29595395623534915
0.4953275688918844
0.43389863995958072
-0.27695150343090336
0.013810420150189701
-0.32031200077875854
0.12761640208028568
-0.036617398233248055
-0.39135082341802391
0.38884480545705552
-0.37577265607819155
0.1412301557531225
0.17007064476032085
-0.15461863814057833
-0.31264568429359085
-0.082110201855510836
-0.24896193282997636
-0.066021777548829708
-0.029345036821486876
0.20417950623858466
0.68312718542590889
-0.20088788732629442
-0.094449119831641754
-0.26499390516432747
-0.065605712025098531
0.53183636775929755
0.99586934272162064
-0.26561049829046296
0.090396542796690349
0.5441543670016975
-0.25968117977596933
-0.16838725377306377
-0.2669657103633592
-0.24978356449262887
-0.32029239867173304
1.3987260050687966
0.66770896676377844
-0.014744690569956889
-0.023393279215459997
-0.16873714977238219
-0.25412004150931344
-0.2265929242217542
-0.30886835868694523
-0.28482367320743612
-0.2538402583249873
-0.21651161013962461
-0.35996014451366537
1.2177886930015536
0.49439219395827583
-0.24156952710881899
0.77995707814804716
1.1741100860238816
1.3207398368517387
-0.24289138245533445
-0.189952384128448
0.04391485204762334
0.17533267382475584
-0.054250554415284188
-0.28478414498703492
-0.13855867036442635
-0.19748586696841439
-0.014295249712709981
0.90923850072951784
-0.18552174429264565
-0.27231411405052769
-0.30586971420460685
1.4286652107466697
1.1514924468349168
1.2682459202537979
-0.16360691406288644
-0.23780432145027144
-0.20325347143931097
-0.20486363031263785
-0.21049126806703219
-0.23871937767600723
-0.18480763202212891
-0.17344245733785921
-0.19402418738768168
-0.21623317543838408
-0.217463549171929
-0.20964325219150723
-0.20762192988333728
-0.2531466072415367
-0.18871063638844235
-0.23855476661175404
-0.23680857087700072
-0.17462996548311599
-0.29505086321223539
-0.21501267167437838
-0.22395879674773203
-0.41888979871720788
1.4083269660201498
-0.25266041743144191
-0.28328215963256015
1.1292322675688211
0.0028911526606701394
-0.077932653573583033
-0.23975147652531956
-0.20176716220288934
1.2560984121409844
-0.23861079108324593
-0.0001588242641496864
-0.041377431313118454
-0.22808940395355062
0.27580903082455732
-0.30140850260969854
0.062312033593879552
-0.16816309239843263
-0.11867623514098248
-0.2681508459572951
1.122232666249295
-0.18697435700367906
-0.18163177382805676
0.11598279450428496
-0.20435190431499881
0.13589606912432284
-0.2393349263500146
-0.066556298145963075
-0.18403834349363266
-0.16680248067619946
0.030673767652849095
0.1165971335271456
1.3247814614286755
-0.37356524849756639
-0.16990217370617369
-0.12708955510541733
-0.20428240527144664
-0.15910901883425149
-0.058299577725453404
0.12603167657392542
-0.199252173721298
0.0062230555993881198
-0.15856155438631006
0.059437899867941235
-0.22561477697944649
-0.15517672018747358
0.83828410284408672
1.3105316663495745
0.48599963487327008
0.98217245491753435
-0.15358036421682722
0.74404446550561887
-0.16157951855065864
-0.12838938736280123
-0.12700235855595696
-0.15562625903101493
-0.13112727528463691
-0.15150104092761515
-0.14821444568549189
0.30411112684121883
0.52162940425900417
0.62821498720099145
-0.2484259386512126
-0.16375581532454309
-0.12570287497761498
0.78543410849108997
-0.14097170271504647
-0.1280179643496212
-0.12101001878639664
0.17989640958243766
-0.12865857414097945
-0.16679573782377369
-0.16433404379595973
-0.14900595577764741
-0.10611143692927898
-0.14832089287839811
-0.20892268001121447
0.036245761432336161
-0.13692801784044786
-0.079537200968547439
0.7404507664026696
-0.18564433937511093
0.53492233189768534
-0.20092590675717983
-0.17362474353291998
-0.27394511855145043
-0.1654427663213206
-0.18085492426707542
-0.10825284076790738
0.21096568509998537
-0.17007220436139103
-0.13205476478927308
-0.16397811008891958
0.018419881352995611
-0.25693613241111524
-0.32544621757001058
-0.11769013030920791
1.1715531874680667
-0.19317836737497307
0.13063329570390159
1.0799189288815125
-0.040961930925976907
-0.16345313906146575
0.069472579980201371
-0.13228953867071125
0.72911478209965319
0.71858616972807587
0.57191102196268073
-0.13743199659999616
-0.19380913049389459
0.17289667206483697
0.86363558321479195
-0.12812401464707102
-0.087399556661595781
-0.078250176044665817
-0.17524499471581978
-0.21831355671827279
-0.15592679626831502
0.6536251967592388
0.5031783387294686
0.05594981439014593
1.0651917507292645
-0.21530718322960274
0.71734244527308577
-0.1494071911508579
-0.13231402298211856
0.52730722384399653
0.48147586028210287
-0.21487141996521816
0.080375758093898853
-0.11208593514845532
-0.13830350152987661
0.7758139612094429
-0.18818227535060161
-0.11694471424703247
-0.11705795997478202
-0.16497431143288199
-0.12413286303566659
0.80379993886139978
-0.1809391816085561
-0.12472399387026128
0.017722306444766141
0.35556948982936143
0.11388697251491477
-0.16990361456621977
-0.16012134432158165
0.0026050723522418897
-0.087557854351664868
-0.10647683284210664
-0.13376721911744857
-0.10795166645695203
0.037606873591391511
-0.16009138251377117
-0.091231175220452224
0.20300165154901967
0.3035342062872366
0.14699084976358259
-0.17024197521959919
-0.1485632189420712
0.9584294090354164
-0.084364005610619075
0.029055292126348609
0.81992596042235599
-0.13331996772789986
-0.14290966712861886
0.36468690629113315
-0.15801572368501571
-0.25140677048567606
0.01863304248406248
-0.20044369767495943
0.064752650692286043
0.096451315984052016
0.29595442024869278
0.65354582822408913
0.53348884146798892
-0.067809234591108158
-0.079943552730188605
-0.12530290876602776
0.60046907119072923
0.72989245053283069
-0.096295164411759726
0.19975092946366088
-0.091739611314934272
-0.12756836569512245
-0.15064440195351744
-0.13202062554655838
0.42650486622718747
-0.17739891245187242
-0.17736652556343011
0.57977629322229252
1.037605274939736
-0.070199304830182094
-0.20321071741846319
0.70681209282420909
0.66358477429155693
0.1174886702586813
-0.095412147018811344
0.056124636059357004
-0.071454377617525267
-0.092865131612862292
0.0077600988346737338
-0.17488860058865496
-0.14904366448747638
-0.11033144536732542
-0.084408709402170337
-0.15458921385838598
-0.13213022182584858
-0.092433679044834349
0.5953810331810826
0.10994123219866454
0.085175109508249691
-0.14253219537246084
0.53454073791892909
-0.12622820138033292
-0.16649172905691131
0.32942223459137876
0.31666105831288394
-0.078482228128986253
-0.12259136401611515
-0.11607742254009598
-0.19593874065426276
-0.087079019162844024
-0.095120544929639908
-0.11716108041527717
0.31113039247188978
0.31606426260799736
-0.16391379898565087
0.32941718443749857
0.74244571443111806
0.0082778372879184475
-0.11717100234922931
-0.09890933131679526
-0.15261701258652688
-0.07048263838735605
-0.098957170654615206
-0.10085999802341479
-0.11568922777166794
-0.10961577184878245
-0.12837428668028072
-0.1019534291299672
-0.13563999639292054
0.6878441867360694
-0.089262701906152264
-0.15647013314065855
0.63529659674328365
0.211498923251072
-0.14395315069180853
-0.089958361095073824
-0.20591609417937407
0.60168509763907274
0.17806986679663361
0.61163573605032429
-0.11652114050945674
-0.086708825959023725
-0.13155194788395927
-0.15492945908906355
-0.089069661749113321
-0.11902364030823903
-0.10635205028214988
-0.082397405834200702
-0.086057388124644973
0.35413581159490382
-0.11771575780395618
-0.15558767007586916
0.05500560278543204
-0.15237484142651828
-0.21234811974360232
-0.087542502242878392
0.13702259703754893
0.086203032515875841
-0.10412194930529613
-0.086781160734390517
-0.096244740317492083
-0.12982208569733564
-0.19466364424641408
-0.13012567434383324
0.41629775661584784
-0.17269534676450682
-0.10773846953719952
-0.12485779449339166
-0.14877952429342522
0.69009478490168497
-0.13418210375330816
0.64728066313922872
-0.13944569276992269
-0.12268145240618381
0.67926897047892965
0.48253991359785425
-0.090987833400615586
-0.074031585391212462
-0.06165738349224311
-0.073471744756677615
-0.11359336808328688
-0.12721205019643442
0.44301820838174399
-0.089723459136966305
0.13837997468431992
-0.14131965553995235
-0.07058231461425199
-0.080952790955883619
-0.075169267910437501
0.1907666464501018
-0.060228991096063937
0.31923113743469411
0.43425270636724922
-0.088325516589741637
-0.11688332479268504
0.45352099563488496
-0.10229708959665135
-0.1095187614573986
0.098293164410709344
-0.077915867505692973
-0.045295692337165475
-0.13002821573453222
-0.090291970293885471
-0.091374888077940489
0.1204731502412565
-0.11194543173104274
-0.088610076567482432
-0.10614329769017898
-0.14429178469624507
-0.11869413649882782
0.42498326444833617
-0.055308526579581935
-0.054636293509233907
-0.19689565890387942
-0.11402527510795725
0.090136565293637047
-0.069256888062738692
-0.081471931189265476
0.50979472192323738
-0.081675241152134287
-0.050828738157638158
-0.061740007478167928
-0.11114514919723392
-0.084935137704241978
0.37991795851178062
-0.11384285969657393
-0.040914494123018438
0.047817646321786422
-0.049525613313014569
-0.15849037915051636
-0.13392754304318447
-0.12923430531547944
-0.073585784861841794
0.040878783188085945
-0.094785360324385587
-0.092717440968817566
0.5091745603952198
0.0530165098389404
-0.053061245888929943
0.18051170744493389
-0.11919714338518354
0.14771372195880447
0.095687199702447198
-0.069594544538344821
-0.065768383884043241
-0.091169555874788241
0.13156624074012344
-0.078359502630549513
-0.058861317964077488
-0.16908314725398754
-0.080515186459196267
0.093292244202533875
0.043769179625383001
0.70071672955240094
-0.060476460548587081
-0.10415563994859195
-0.050217677839215401
-0.12791043017395975
-0.10791206180059057
-0.13221817227319269
0.25413175280179201
-0.063140753473932901
-0.14238089939460169
0.52783635970207166
-0.1080674929581727
-0.12667978636625313
-0.067450286214352451
-0.081370531870238863
-0.078202559888266562
-0.077672327402223879
-0.063834954928395915
-0.10207587111956735
-0.08988137253092017
-0.11141186629125401
-0.069985908099636493
-0.075239848723904101
0.48715174973917769
-0.097713711121316882
-0.071708467720527178
-0.2910383670143919
0.67899273994720599
-0.079159462980191178
0.086570057190372321
0.40877183721975402
-0.14686210959929027
0.36097665272439494
0.63249518737742194
0.16652125164236337
0.30592326998897579
-0.078644603394658452
-0.10085552482769716
-0.065828089828574937
-0.074031585391212462
-0.12082276481428519
-0.17260442051406727
-0.079954428503446473
0.37094209218717394
-0.098479967753864403
0.59644472287350592
0.17375911807380492
-0.084112068240621909
0.28682956044473384
-0.12116748984424186
-0.1319375256101212
-0.082781628089827586
-0.14437593712241042
-0.066348162240476669
0.1776048012486991
-0.12926222319852829
-0.066396272391591307
0.26015309919116147
-0.052757352823910135
-0.083031418384154704
-0.074653865923512377
-0.073661592137083662
0.76347272808393818
0.43270680289220154
-0.082603056295606034
-0.070869481074334828
0.49396921724593434
0.61710772707057948
0.5357450984788642
0.47622799228363621
-0.10588704846898259
-0.059239183434227329
-0.063987787283686245
-0.072053762921672537
-0.11471215222135614
-0.13249642748798948
-0.066907620581172222
-0.18898781374682766
0.12752486683526468
-0.12771143162661025
-0.13341061817315225
-0.068399221821696055
-0.080368356192904666
0.1446565064009748
0.36543169027110123
0.37361212349188988
0.31219152080372198
0.31975159375712314
0.30239760648192859
0.30239760648192859
0.31839423095019748
0.3387380385823367
0.37361212349188988
0.35789276289011895
0.38279943849682802
0.29004834055514145
0.37361212349188988
0.31067564447259444
0.30239760648192859
0.3286541830075162
0.12179058872570468
0.36147587378283852
0.73261918180992613
0.35997794650569914
0.38163412659616519
0.34915419357497707
-0.056719602523772339
0.30239760648192859
0.36010649177524667
0.42047430598066698
0.31067564447259444
0.282539839300887
-0.072663229404101595
-0.050101828772873919
-0.085617752002297584
0.12052151599282297
-0.058671020870999277
-0.04654455948091428
-0.059855308599955727
-0.083448369147745893
-0.060032870177017986
-0.063943581127150304
-0.070441528275208887
0.1388617549871479
-0.058163416369991124
-0.096126401728225189
-0.096426713752623031
0.20476254611064473
0.30442309030381692
-0.035736116737377546
-0.059261460375920026
-0.10005401835735586
-0.05205342015081945
0.56180094601462127
-0.066740359598575313
0.37361212349188988
-0.047353796540424785
-0.033693731235121691
-0.057858732827851402
-0.047291197374511193
-0.050631318917812064
0.13426305950726092
-0.033073642233080347
-0.089979388910868013
-0.078224768069647344
-0.078098140032772267
0.3508258301324319
-0.075081022801808422
-0.075744148935008068
-0.060875061724785684
-0.057830360890584645
-0.081487646724302074
0.31975159375712314
0.37361212349188988
0.39077678071911909
0.22196716725698631
0.13001097566044412
-0.050900512857506963
0.31067564447259444
-0.054142002722161534
-0.064739914191750139
0.26849911156271056
-0.075569517384848656
0.53450121177130905
-0.075741415798995557
-0.056991580728260341
-0.03294223888822418
-0.059829808010128924
0.29353232084822239
-0.091701287587630673
0.35599912515432475
0.14601236448960322
0.8224165778953938
0.18778070224932178
0.30239760648192859
0.19484412115049879
0.31975159375712314
0.30239760648192859
0.27701702637529985
0.37361212349188988
0.31839423095019748
-0.057074643861583597
-0.076741014118865747
0.45185769848320873
0.29211621586599945
-0.072576497872621284
-0.047654781669457059
-0.075866272047186101
-0.061569932946911682
0.10612918176741561
0.35445358919068504
-0.066919395787587682
-0.050140770676830877
0.18483943440229769
0.22155291492395934
-0.064164004457607976
-0.06601417321634051
0.20673081560123183
-0.038386825519258524
-0.075509040697084362
-0.095256804629663419
-0.087304739312409937
0.18362388075227448
0.083568447007212734
0.32807771241812567
0.58545032047716372
-0.088459763390818
-0.043679328478809863
-0.041784703753213082
-0.031962107208439151
0.57422598700693861
-0.077783972640559598
0.21360835560020525
0.47246886220521322
-0.04575063767096485
-0.063562712495057669
0.3286541830075162
-0.067785536474412489
-0.059375136779759301
-0.10310811417741758
0.12957761378782889
-0.053806561978875227
0.094423964781385109
0.60052899859721531
-0.074047017170067231
-0.15805693484042355
-0.077901227331859085
-0.079867693016752742
-0.086300529178188715
0.14118680903858627
-0.18233760921993275
-0.033991854513089281
-0.059609416230963962
0.34940426614668491
-0.10186490005819665
-0.0511013431311464
0.14893166074298678
0.282539839300887
-0.089928355835491663
-0.038642905511783336
-0.056583427284910899
-0.08401862339764174
-0.057167013759776127
0.42749012845428902
-0.079838767109863484
-0.060047740976043727
-0.096295735108326938
-0.09703910709816177
-0.054790466685113316
0.32741305477128629
-0.065865721138041788
-0.058671020870999277
-0.041083373628881606
-0.052392695230162732
-0.095427402164236994
0.21811580629117325
-0.055966717429546717
-0.050039384911374329
-0.099627736140267931
-0.066648622387843373
-0.032015061618772683
-0.065886557874101567
-0.066861451555721055
-0.051062031603774018
-0.062472403982977903
-0.11384583307350933
-0.050741700269817031
-0.054609724232616293
-0.076144325865155613
-0.055104593460066124
-0.041628373679763755
-0.057447411243638384
0.37578155411807879
-0.035613561705062774
-0.063643452645497367
-0.072755378130246282
-0.061504057094258005
-0.094273309194924715
0.30239760648192859
-0.026010241005908444
-0.041926543215206877
-0.067373885765535393
-0.055373278535980133
-0.051859570236952611
0.37361212349188988
-0.076508108074359635
0.18737517915380048
-0.07845449656893945
-0.055744360067273041
0.10059609566753716
-0.068920440846309078
0.36922664214867063
0.37361212349188988
-0.10406911236445504
-0.035163689623118069
-0.05501725077782911
-0.059072122067781035
-0.04393972226941701
-0.065970447849878266
-0.045547294183218789
-0.08950980805900989
-0.050318291239041753
0.19122141249111055
0.31067564447259444
0.13403857695455668
-0.09664007984900623
-0.037052972974963301
-0.10244115810070969
0.20388447034821702
-0.056416653261848762
-0.065719557634310338
-0.059574643271986444
-0.054447180321436951
-0.048128012120660535
-0.05780786857714168
0.15823280083536306
-0.10182189926083064
0.30239760648192859
0.31975159375712314
0.17742683019545316
-0.073754424848317041
-0.048876056493332244
-0.04935821150068842
-0.10809453559624378
-0.043893086030273885
-0.036696059240210382
0.17116139924236065
-0.071646059769841744
0.18713941399027009
-0.036877226052034279
-0.054963037455738724
-0.066004977507144208
0.31975159375712314
-0.093760809515083088
-0.042574768127608506
-0.052327467505628715
-0.095427402164236994
0.22976749150360584
-0.061788002179524112
0.32807771241812567
0.35598451977039391
-0.087064831815543212
0.094844129293769994
-0.044973852680714042
0.31975159375712314
-0.046989122490048094
0.27442634117864606
-0.040286891089009173
0.45171010384504734
-0.12513535009341847
-0.0615078411387113
0.19705622985835256
0.59348925407319331
0.27924387436526771
-0.08360174645020281
-0.060319438019070665
-0.047568235515278758
0.38318601317102569
0.32477279908348838
-0.057257656401773195
-0.035293688537434982
-0.068855730314047819
-0.13802134159813717
-0.0837632180287355
0.60916239569215958
-0.04776778688525958
-0.079385250902585192
-0.021781725559979495
-0.051913869648055222
0.52695784473333629
-0.082940639498406687
-0.066226762031911759
0.49010509763274079
-0.055523726309279105
-0.043474831328446088
-0.043474831328446088
-0.064398418347588582
-0.054534010462285287
0.4738409733557773
-0.044356531528896993
-0.056655262821142881
-0.10232002116126293
-0.037312690527166195
-0.074881567205964394
0.46729800489471335
0.73261918180992613
-0.037343072716652811
-0.04027252317199987
0.43712485819340979
-0.085757988018653919
-0.12584081086585328
0.2500656850177374
-0.13695032282504005
-0.065815454543903293
-0.11022775863244512
0.15134814058038659
-0.071652483631299793
-0.045801236601457358
-0.06721598394469766
-0.057005291857307343
-0.13297994704700747
-0.075133645125830609
0.17839499653028437
