MLCPP_ARCHIVE_V1
"MLP"
2
16
8
1
0.01
150
3
16
8
-0.42101274244389469
0.17073577232097184
0.079715537195367267
0.79262729312731528
-0.28978071459719451
0.086103277092297995
-0.7980462709422278
-0.11416788667127772
8
0.31916974760539235
-0.20825324187915245
0.068528246658750527
-0.14594517389940406
-0.17844683684833118
0.040166110606520727
-0.4241656871807411
-0.20837710250815772
8
0.16193973387851474
-0.26419065917374529
0.013531818091689202
-0.11973216787092363
0.46482302715188634
0.040266786046506686
-0.34788768717742019
0.8396011098828513
8
-0.78691933864256924
0.50142014804426904
0.40387574455158581
-0.41643111806703736
0.32487834923526598
0.25684381137101936
-0.57882462643168586
-0.54406444534001264
8
0.070549231634549764
-0.49734128793840954
-0.2347001014780084
-0.040046158307964347
-0.012642532153130817
-0.29163733588276319
0.084489575086188887
0.64830587244170568
8
0.20693637362918404
0.016023765401155687
-0.52287118577176184
0.68346693406404679
0.47199324195737657
1.4240490322976869
0.22309642602359198
0.92928757630011449
8
-0.037328278055797248
0.21810862423333363
-0.55778044523202042
0.36361551911244516
-0.47110147994837137
-0.21253820723915784
-0.077134979571890777
0.039827931765732551
8
-0.79193931117013283
-0.60250070038630299
0.37324821304510525
0.34747354052450197
0.34080835281043115
-0.0022812539305089499
0.32935238433721037
0.24525406863465571
8
-0.13924520285702358
0.61996732414560207
0.093675517462997723
-0.52393537348230146
0.4865144417157175
0.4818336146658781
-0.90258186231337489
0.23876064774702871
8
-0.96537522387556973
0.63088952623347327
-0.21828635331388552
0.35807628670771313
-0.30828111115440615
0.079946079612425433
-0.68912974611755762
-0.28897501410613291
8
-0.26510034750545541
0.36608654213245317
1.0101365242010436
0.21806874037497442
0.12263101999438193
-0.67494545815010298
-0.76003248583019356
0.21666127220614928
8
0.088008558119694824
0.28477467668925927
0.24666225183486637
0.34833365253659199
-0.62187639131477113
0.44581648398912399
0.035528810563488882
-0.27695109925599859
8
-0.13980145332315808
-0.65384221727411129
-0.44427575590157609
0.25927176209515856
-0.14595524119313141
-0.33285108983221423
-0.08518711971501676
0.10676004951621931
8
-0.58104026950477339
-0.50183172452128977
-0.025143169819147181
-0.7737442321882344
0.87056804835699342
-0.199257637545739
-0.41172582661677842
-0.4310255033596177
8
-0.14148154181277325
-0.037973876427604206
-0.92916613814717386
0.53159807545256887
-0.13315755184615716
-0.0638526506917899
0.27343428849123852
-0.61530927994885354
8
-0.39809473886076352
-0.31914615028379273
0.00022120438827693398
0.20409651848195057
0.022595542633150136
-0.85737318460355139
0.77438893268895204
0.62381107139223224
8
16
-1.1136573606315248
0.68822336982835675
0.96879229334418326
0.66214187960235704
-0.14805569755710246
-0.4298736879850717
0.32258983819579345
-0.39654572938115568
0.14913611211645916
-0.19439715604149738
0.75367689209875743
0.018261438958540398
-0.37490981299990223
-0.036014530530260859
0.8219721944215409
-0.070987512519380042
16
0.084910841601587378
0.44490388244328616
0.21292252015955626
-0.62647864240107476
-0.34789557574128305
0.50842840405091472
0.17981864421797672
-1.2793100061827123
0.16008124222220008
0.43917945824019156
-0.54554031811728243
0.57559357133038858
0.80650650445830396
-0.071950328953636511
-0.38272176158241616
-0.38786487353598664
16
-0.1656275967747475
0.14712577207913932
0.21632265527863315
0.037357456032340648
-0.023863410194285738
0.11443123702010288
0.32371536741514045
0.093698636940045557
-0.27184479092203545
0.065398423833725114
0.15529597334712858
-0.48000112469486478
0.58446944028851588
0.83161001878405583
-0.84562810928099119
1.1910912287160442
16
-0.58631736619697494
-0.31189056385507341
-0.41002873112629795
-0.021506370482362942
-0.17414574344721503
-0.36939731087523681
-0.25253986895304492
-0.16482880500941352
0.38004250741751289
0.55379957548846137
0.36568605343894323
-1.1790503986266092
1.2011294811981212
0.74196818364717088
0.5031996847691278
-0.55492959837032529
16
-0.1021249317082767
0.13134549114377336
0.017489831989626864
0.34816974184421873
0.59412738083784633
-0.66344119283032121
0.31467601758476821
0.11382285343962495
-0.023286659416635973
-0.69247639508115166
0.61805249569265408
0.0070874842421310459
-0.75017311156628352
-0.096728562818525488
0.25956370714820265
0.35530229468366897
16
-0.19441227923646914
0.231923419222826
1.2089540900731095
0.56134444186113153
-0.39318355712049974
-0.23216729207252715
-0.10047695520812791
-0.86743267442261973
-0.79345261959997215
-0.99574262711004191
-0.2047238604973064
0.4434154939867862
-0.25440484760658116
-0.60193793837957221
0.49215796047289456
-0.1249525790537042
16
0.10850654028390484
-0.53770947272564884
-0.78344589206711523
0.13292973206484407
-1.0666238644274229
-0.40075805398252945
-0.024146016130352822
-0.086172252636308108
-0.34371734598846765
-0.12207879489750739
-0.8881346787644242
0.83945384640878018
-0.83327023635753306
0.47608628422183913
0.22166362879078044
0.26288560918214965
16
0.028073120751041635
-1.0514974683749483
0.35263250671965146
-0.45530328218331295
0.49422031695117191
-0.16631032865185857
-0.28893389883561577
-0.73691090652510904
-0.52269777726129074
0.047384170097310205
-0.79570627033962926
-0.99415950518307339
-0.55280956933532766
0.16990396534753541
0.78936809951325182
-0.46517864139020948
1
8
-1.0738961865298573
-0.18644187931272554
0.55938938378259828
0.5611396375394867
1.3509804501240092
0.24161306911942143
1.2096628554879341
-0.25813730796143447
3
16
-0.23555447720882025
0.076147962961551866
-0.17244315058897516
-0.041218361705520241
0.20011469295970138
0.054343325824755477
-0.16422473456251907
0.20113559314830051
0.10092137352174316
0.1074175573660926
0.22425819829303131
-0.10174964412085587
-0.16663060144921799
-0.03827037559165155
-0.07079157247608335
0.42289577336096806
8
-0.016796731094339604
0.042735936771830796
-0.19798135504932068
-0.075979718751242639
-0.17009196328190868
-0.040993826382436455
-0.1899442095338251
-0.10087280908392798
1
-0.16812289710581421
