MLCPP_ARCHIVE_V1
"LogisticRegression"
2
100
0.029999999999999999
600
1
30
0.49299893911026849
0.37530172081578267
0.47992772067457135
0.4717502029742347
0.11590886455519932
-0.015142495869072669
0.49877785032898037
0.48560529650078416
0.084219085134532981
-0.28360665285312409
0.60369688460739801
0.024346661882751124
0.46494349130002904
0.52837322239266005
0.11869635989241724
-0.32253689392578638
-0.028339703624037638
0.11183593171733955
-0.14706505667981551
-0.30015497242860933
0.64723742527588812
0.72146398921837351
0.61330221558967779
0.59670391959822122
0.49529045320947529
0.13826572689233682
0.4945385795086738
0.56888810031957127
0.58296970458290009
0.19775680377042523
1
-0.45097795379543554
