MLCPP_ARCHIVE_V1
"LinearSVM"
10
0.01
800
30
0.1644725755052838
0.1640888208317082
0.16086503804732133
0.16705687032264951
0.10178419881261597
-0.016749585925516279
0.19477882036402197
0.20365444936281807
0.023638221004415403
-0.11896399821311034
0.19222406202374479
-0.059654857919275744
0.10480637643835208
0.20846970672542725
0.044290188958171217
-0.097988338639524747
-0.0044024704813119637
-0.060672368928523457
0.0016929069316602915
-0.050800986521544612
0.27558930654197084
0.32398041316389636
0.24923639145240195
0.25313838972919717
0.18251859033954745
0.039058581518157297
0.1423952061169837
0.21975364096359934
0.25563541527970435
0.081300369114268994
-0.28318367349362084
