MLCPP_ARCHIVE_V1
"VotingStacking_V1"
1
3
"LogisticRegression"
3
1
0.050000000000000003
600
3
13
0.14945719527218293
-0.031185015055047748
0.062015368660557728
-0.12338373431325704
0.048762827196792286
0.11064896979651175
0.13410539239445671
-0.070538268083292471
0.051614907910982513
0.036265427192850815
0.068468619027528044
0.11738615536622941
0.19011848331775677
13
-0.19040774106414227
-0.081053845581584696
-0.098662816903338377
0.062457822791057403
-0.04655757899816064
-0.0069114758485922627
0.016408477370950827
0.010309984737513236
0.032991123728925639
-0.17630722998828033
0.079844132005424867
0.047234721500240662
-0.15180146242074039
13
0.040967847348533148
0.11218754901323343
0.03670216766653675
0.061080347506014022
-0.0021986990443282305
-0.10372998590769811
-0.15050665165654489
0.060206247463008185
-0.08459493514427352
0.14004679102463918
-0.1481894143498565
-0.1645818553438966
-0.038361231310488776
3
-0.010803773414658449
0.27361254682898944
-0.28870929555532915
"KNNClassifier"
5
3
141
13
0.27177127260230766
-0.49062891836602718
-0.87815287287084676
-2.4252800896648687
0.0062714863217533555
0.55778389027978537
0.73616534022382929
-0.79420370373126048
-0.50120141070429347
-0.26663419205822775
0.42297983311060527
1.1381322411181649
1.015053134958219
13
0.22300289915410673
0.043142971270445814
1.129322324120231
-0.27309668640213203
0.074292991811540726
0.79491211700174436
1.2172281018956339
-0.47764477164332381
2.0805602973004098
0.31513045484140129
0.33372488478885243
0.81233447803702741
1.4660904481831527
13
1.4909806088073563
-0.50903484559487111
0.2960307329163881
-1.2619377095228492
0.82252955219920176
1.5379138940638832
1.3675602149180728
-0.16108583955538666
0.66312249682723923
0.79396751036648083
0.42297983311060527
0.35905063375022772
2.3514599889580223
13
1.3202913017386508
-0.15011926463241512
0.90206098106463717
-0.56393228143763685
1.4347231016072881
0.47874114803913265
0.48561181851976465
-0.39850503862133951
-0.551824189292621
0.033198356728504158
0.46760730727148164
1.3931044035294899
1.8336023330330984
13
2.2590824906165379
-0.61947040896793459
-0.7645222013430506
-1.6109404235654547
-0.19779303014760874
0.79491211700174436
0.95665243932340649
-0.55678450466530804
0.67999675635668178
0.1003250467553846
0.55686225559323443
0.35905063375022772
0.99834804928322152
13
1.0764494344976399
-0.88635635378617095
-0.3857532962503939
-1.0292692334944451
-0.12977152465782138
1.0794659890680955
1.1270288340821704
-1.1107626358191973
0.46063138247392937
1.0042978057840388
0.24446993646709961
1.3506090431276021
0.99834804928322152
13
1.3690596751868518
-0.14091630101799296
-0.27212262472259774
-0.4475980434234354
0.34637901377069019
1.032040343723704
1.2974052288409343
-1.1107626358191973
1.3549671375343817
0.34645624352061222
1.3155293163281325
0.81233447803702741
2.5519210170579925
13
1.3934438619109522
-0.76671782679868572
-0.1963688437040664
-0.79660075746604098
-0.33383604112718346
-0.15360078988609149
0.40543469157446427
-0.79420370373126048
-0.01184788435046078
0.010822793386210809
0.95850952304112125
0.31655527334833988
1.7834870760081059
13
0.94233640751508518
-0.53664373643813701
0.14452317087932545
-1.0292692334944451
-0.74196507406590761
0.47874114803913265
0.73616534022382929
-0.55678450466530804
0.39313434435615929
0.27932955349373179
0.8692545747193684
0.42987623442003997
1.9171277614080862
13
2.1615457437201337
-0.53664373643813701
0.068769389860794103
-2.3671129706577676
-0.6059220630863329
1.269168570445663
1.6682244409629501
0.55117175764247095
2.0805602973004098
0.1898273001245584
1.3155293163281325
0.18906919214267762
1.3491548484581699
13
1.7104382893242669
-0.40780224583622954
0.030892499351527596
-2.1926116136364646
0.14231449730132809
1.5853395394082748
1.6181137366221374
-0.55678450466530804
2.3336741902420468
1.1296009605008821
1.0923919455237505
0.57152743575966503
2.6755386510529742
13
0.79603128717048033
-0.46302002752276128
1.242952995648029
-0.68026651945183947
0.82252955219920176
0.8739548592423978
0.8864974532462685
-0.47764477164332381
-0.1974647391743285
1.0400987071317085
1.4494117388107617
0.40154599415211495
1.8837175900580911
13
1.0398731544114892
-0.68389115426888814
0.93993787157390363
0.13407314664757436
1.0265940686685637
1.032040343723704
1.377582355786235
0.31375255857651857
0.24126600859117661
0.72684082033960029
0.77999962639761555
-0.037572730000722532
1.2823345057581796
13
0.80822338053253062
0.72416227873767036
0.71267652851830965
-1.2619377095228492
1.0946155741583512
0.63682663252043881
1.0067631436642193
-1.5064613009291183
0.14002045141452152
0.055573920070797506
0.021332565662717531
1.0814717605823148
0.33014462228332003
13
1.3202913017386508
-0.62867337258235656
-0.3478764057411291
-1.0292692334944451
1.7748306290562248
1.1110830859643568
1.1470731158184955
-0.95248316977522907
0.88248787070999191
0.30170511683602552
0.60148972975411086
1.5772509652710023
0.11297850850835206
13
-0.057415248173054947
1.3683697317472066
1.0535685431016999
-0.27309668640213203
0.14231449730132809
0.1783787275246512
0.3853904098381391
-0.87334343675324477
0.67999675635668178
-0.21293284003672347
0.33372488478885243
1.3081136827257149
0.079568337158356983
13
0.89356803406688434
-0.4170052094506515
-0.04486128166700374
-0.85476787647314179
0.074292991811540726
0.49454969648726294
0.8564310306417805
-0.71506397070927619
0.19064323000284905
-0.5261907268288315
0.69074467807586371
1.9880394491559148
0.9649378779332265
13
-0.15495199506945892
-0.65628226342562224
0.56116896648124692
-0.50576516243053615
-0.33383604112718346
0.28903856666156519
0.34530184636548872
-0.79420370373126048
-0.1974647391743285
-0.46801426213886849
0.60148972975411086
1.4639300041993022
0.89811753523323634
13
0.63753407346382307
-0.46302002752276128
0.90206098106463717
0.13407314664757436
-0.2658145356373961
0.36808130890221796
0.58583322720139064
-0.63592423768729189
0.14002045141452152
-0.65149388154567467
0.73537215223674013
1.7330672867445895
0.33014462228332003
13
0.088889872171552087
-0.2421489007766347
3.212551302129842
1.5882511218250988
1.6387876180766501
0.52616679338352412
0.65598821327852896
0.86773068973040768
0.5787511991800266
-0.62464320553492247
0.77999962639761555
0.85482983843891525
0.28002936525832745
13
0.5034210464812684
-0.49983188198044914
0.93993787157390363
-1.0001856739908943
-0.46987905210675818
0.8739548592423978
0.91656387585075605
-0.16108583955538666
-0.21433899870377099
-0.078679459982962982
-0.15717733098078762
0.88316007870684032
1.4995006195331477
13
0.39369220622281426
-0.54584670005255886
-0.87815287287084676
-0.73843363845894028
-0.40185754661697082
0.16257017907652022
0.16490331073856196
-0.71506397070927619
-0.3830815939981958
-0.45906403680195113
0.289097410627976
0.24572967267852766
1.8001921616831034
13
1.0886415278596902
-0.38019335499296386
1.621721900740684
-0.040428210373728971
0.48242202475026491
1.032040343723704
0.94663029845524405
0.076333359510565746
0.30876304670894672
-0.21293284003672347
1.3155293163281325
1.1381322411181649
0.56401582173328557
13
0.91795222079098482
-0.74831189956984179
1.242952995648029
0.86116213423633647
0.074292991811540726
1.1110830859643568
1.2272502427637964
-0.55678450466530804
1.3549671375343817
0.32408068017831887
1.047764471362874
0.16073895187475259
1.8001921616831034
13
0.85699175398073146
-0.44461410029391735
-0.04486128166700374
-0.68026651945183947
0.27835750828090283
0.19418727597278146
0.66601035414669141
0.47203202462048671
0.66312249682723923
-0.50829027615499678
1.2262743680063797
0.38738087401815274
0.81459210685824868
13
0.95452850087713548
-0.72070300872657589
1.242952995648029
-0.011344650870178073
2.182959661994949
1.032040343723704
0.71612105848750462
1.1051498887963604
-0.3830815939981958
0.1898273001245584
1.3155293163281325
0.57152743575966503
1.633141304933128
13
0.64972616682587336
-0.47222299113718325
1.0535685431016999
-0.15676244838793052
0.68648654121962704
0.083527436835867469
0.50565610025608987
-0.55678450466530804
-0.062470662938788335
-0.34718622009048394
0.64611720391498728
0.38738087401815274
1.1653989060331968
13
0.61314988673972259
-0.46302002752276128
0.14452317087932545
0.27949094416532677
0.0062714863217533555
0.63682663252043881
0.95665243932340649
-0.79420370373126048
0.47750564200337187
0.055573920070797506
0.37835235894972885
1.2372880820559027
0.58072090740828308
13
0.36930801949871161
-0.61947040896793459
1.7732294627777467
-1.1746870310121975
0.68648654121962704
0.47874114803913265
0.65598821327852896
-0.16108583955538666
-0.36620733446875331
-0.16818171335213677
0.60148972975411086
0.25989479281248984
0.44708022200830283
13
0.088889872171552087
-0.61026744535351263
0.67479963800904308
-0.4475980434234354
-0.12977152465782138
0.24161292131717368
0.40543469157446427
-0.55678450466530804
-0.23121325823321351
-0.3248106567481906
0.73537215223674013
-0.1225634508044976
1.1988090773831921
13
0.11327405889565255
-0.74831189956984179
-1.0296604349079095
-1.1746870310121975
-0.12977152465782138
0.16257017907652022
0.61589964980587864
-0.63592423768729189
-0.34933307493931076
-0.5709418535134182
1.0031369972019977
0.13240871160682757
0.91482262090823385
13
1.5153647955314589
1.5432260404212241
0.52329207597198046
-1.8436088995938589
1.9108736400357995
1.1110830859643568
1.0167852845323819
-1.2690421018631657
0.84873935165110692
0.055573920070797506
-0.29105975346341689
1.322278802859677
0.046158165808361906
13
0.71068663363612661
-0.55504966366698083
-0.23424573421333122
-0.97110211448734429
1.1626370796481384
1.3482113126863158
1.2673388062364468
-0.16108583955538666
1.2874700994166117
0.51651052492204219
-0.023294908498158882
1.1098020008502398
0.16309376553334468
13
1.1008336212217424
-0.38939631860738583
0.82630720004610581
-1.3201048285299499
0.074292991811540726
1.506296797167622
1.5379366096768365
-1.5064613009291183
0.20751748953229157
0.20325263812993416
-0.33568722762429326
1.3647741632615651
1.1653989060331968
13
0.088889872171552087
-0.49983188198044914
-1.0296604349079095
-0.73843363845894028
0.48242202475026491
1.1110830859643568
0.9766967210597316
-0.63592423768729189
0.76436805400389396
0.028723244060045568
-0.33568722762429326
1.0673066404483527
0.46378530768330034
13
1.5031727021694086
1.5892408584933335
0.25815384240712158
-0.1858460078914814
0.7545080467094144
0.8739548592423978
0.62592179067404097
-0.47764477164332381
-0.551824189292621
0.11822549742921935
-0.38031470178516968
1.0389764001804276
1.1152836490082043
13
1.7104382893242669
1.1751074958443457
-0.3478764057411291
-1.0292692334944451
0.14231449730132809
1.506296797167622
1.1470731158184955
-0.71506397070927619
1.0343562064749743
-0.033928333298375885
0.37835235894972885
1.1947927216540148
1.0651683919832118
13
1.125217807945843
-0.58265855451024673
-0.95390665388937812
-1.0292692334944451
0.074292991811540726
1.269168570445663
1.3675602149180728
-1.1899023688411816
0.94998490882776199
0.50308518691666604
-0.20180480514166405
1.0389764001804276
0.79788702118325106
13
1.1739861813940438
-0.53664373643813701
-0.3857532962503939
-0.62209940044473866
0.55044353024005233
0.92138050458678933
1.5178923279405114
-0.31936530559935522
0.84873935165110692
1.7561167340850983
0.73537215223674013
0.71317863709929019
1.7166667333081156
13
0.088889872171552087
-0.53664373643813701
-1.2569217779635034
-2.0762773756222623
-0.53790055759654554
0.66844372941670005
1.2472945245001215
-1.5064613009291183
2.2493028925948346
0.99534758044712168
0.73537215223674013
0.44404135455400279
1.3491548484581699
13
1.0276810610494389
-0.51823780920929308
0.18240006138859027
-1.6109404235654547
0.7545080467094144
2.5022353493998502
1.7183351453037634
-0.31936530559935522
0.49437990153281441
0.92822089042024125
0.24446993646709961
0.9398205592426897
1.4827955338581502
13
0.96672059423918566
-0.38019335499296386
1.1671992146294976
-0.70935007895538937
1.0265940686685637
1.1110830859643568
0.76623176282831729
0.2346128255545343
0.17376897047340656
0.59258744028583987
0.77999962639761555
0.47237159482192781
2.100883703833059
13
0.930144314153035
-0.5918615181246687
-0.46150707726892526
-0.91293499548024359
1.2306585851379259
0.47874114803913265
0.87647531237810572
-1.1899023688411816
0.072523413296751812
0.39120737020519891
-0.15717733098078762
0.85482983843891525
1.0484633063082143
13
0.71068663363612661
-0.53664373643813701
0.33390762342565294
0.27949094416532677
1.0946155741583512
1.0478488921718343
0.75620962196015451
-1.2690421018631657
1.4730869542404796
0.57021187694354647
0.11058751398447035
0.61402279616155231
1.2489243344081846
13
1.5153647955314589
-0.5642526272814028
-0.27212262472259774
-0.94201855498379339
1.2306585851379259
1.4272540549269692
0.9766967210597316
-0.79420370373126048
0.76436805400389396
0.62838834163350943
-0.067922382659035302
1.0106461599125025
0.74777176415825852
13
0.38150011286076185
-0.31577260969201015
1.1671992146294976
-0.79660075746604098
0.14231449730132809
1.1110830859643568
1.2072059610274712
-0.39850503862133951
0.14002045141452152
0.45833406023207934
0.51223478143235812
0.3448855136162649
1.7500769046581108
13
0.90576012742893453
-0.81273264487079555
0.48541518546271561
-0.82568431696959188
0.55044353024005233
1.743425023889581
1.648180159226625
-1.34818183488515
0.78124231353333684
0.81634307370877413
-0.29105975346341689
0.38738087401815274
1.8001921616831034
13
-0.78894084989608371
-1.1164304441467197
-0.3478764057411291
-1.0292692334944451
0.074292991811540726
-0.39072901660805115
-0.93753218475932254
2.1339664180821551
-1.9692619897657915
-0.7633716982571418
1.3155293163281325
-1.3124335420573472
-0.22112320499159871
13
-0.410985955672518
-0.87715339017174898
-1.3326755589820347
-0.79660075746604098
0.0062714863217533555
-0.43815466195244268
-0.61682367697811991
1.3425690878623133
-1.6149025396474987
0.34645624352061222
0.11058751398447035
-1.4257545031290468
-0.98955714604148548
13
0.84479966061868128
-0.97838598993039061
-1.7114444640746915
-0.4475980434234354
-0.40185754661697082
-0.31168627436739771
-0.23598232398794147
-0.31936530559935522
-1.4292856848236313
-0.5261907268288315
1.2262743680063797
-0.19338905147430982
-0.38817406174157409
13
-0.74017247644788275
-1.088821553303454
-0.80239909185231539
-0.15676244838793052
-0.87800808504548233
1.9015105083708872
1.0769181297413577
-1.34818183488515
0.49437990153281441
-0.23530840337901682
1.1816468938455034
0.38738087401815274
-1.0897876600914707
13
-0.74017247644788275
-1.0520096988457661
-1.7114444640746915
0.017738908633372828
-1.4902016344535687
-0.29587772591926742
-0.02551736575652715
-0.71506397070927619
-0.90618363941091351
-0.13238081200446725
0.73537215223674013
1.251453202189865
-0.78909611794151502
13
0.44246057967101515
-1.2636778619774711
-0.04486128166700374
-0.73843363845894028
0.68648654121962704
0.36808130890221796
-0.72706722652790823
1.5008485539062819
-1.9523877302363488
-0.80812282494172871
0.289097410627976
-0.94414041857432218
0.012747994458366829
13
-0.93524597024068856
-1.0336037716169224
-2.355351602732207
-0.79660075746604098
3.4753682663009089
-0.70689998557066291
-0.74711150826423345
-1.743880499995071
1.5574582518876918
-0.9513264303324066
1.4494117388107617
0.67068327669740235
-0.094164553861617414
13
-0.83770922334428677
-0.64707929981120027
-0.61301463930598787
0.25040738466177587
0.21033600279111545
-1.8925411191804584
-1.0076871708364608
0.076333359510565746
-0.1974647391743285
-0.86182417696323299
-0.2196557948060146
-1.0999567400479096
0.41367005065830775
13
0.62534198010177289
-0.60106448173909066
-0.49938396777819005
1.2974155267895939
-0.87800808504548233
-0.65947434022627138
-0.18587161964712848
-0.71506397070927619
-0.92305789894035606
-0.55304140283958347
0.11058751398447035
0.25989479281248984
-0.9160547690714963
13
0.01573731199924857
-0.5918615181246687
0.86418409055537226
3.0424290970026231
2.6591102004234606
1.5853395394082748
0.86645317150994328
-1.1899023688411816
0.64624823729779668
-0.72757079690947224
1.5832941612933911
1.2797834424577899
0.79788702118325106
13
-1.2400483042919508
-1.1256334077611416
-0.27212262472259774
0.42490874168307924
0.074292991811540726
1.7118079269933197
0.1147926063977492
-1.8230202330170553
0.123146191885079
-0.79022237426789388
0.15521498814534676
0.75567399750117736
0.46712632481829985
13
-1.605811105153466
-0.39859928222180779
-1.7114444640746915
-1.0292692334944451
-0.19779303014760874
-1.0863051483257975
-0.45646942308751837
-0.16108583955538666
-0.72056678458704615
-0.5261907268288315
1.2262743680063797
-0.64667289576110953
-1.0630595230114745
13
0.064505685447449473
-1.300489716435159
-2.5068591647692697
-1.0292692334944451
-0.94602959053526969
-0.54881450108935703
0.004549056847960419
-0.95248316977522907
-0.1974647391743285
-0.16818171335213677
1.047764471362874
-0.1650588112063848
-1.1833361398714568
13
-1.3863534246365576
0.5309000428348094
-0.53726085828745662
-0.4475980434234354
0.82252955219920176
-0.91241111539636099
-0.70702294479158312
0.55117175764247095
-1.0580519751758961
-1.0408286837015803
0.021332565662717531
-0.10839833067053477
-0.82250628929151004
13
-0.78894084989608371
-1.2176630439053613
-1.5978137925468945
-1.3782719475370508
2.4550456839540984
-0.62785724333001014
-0.17584947877896587
-0.081946106533402827
1.9961889996531967
-0.70519523356717895
0.46760730727148164
-0.40586585348374715
0.012747994458366829
13
-0.31344920877611404
-0.46302002752276128
-0.65089152981525278
-0.21492956739503127
-0.94602959053526969
-0.15360078988609149
0.50565610025608987
-0.79420370373126048
0.32563730623838921
-0.48143960014424464
0.91388204888024482
0.76983911763514024
-0.10752862240161544
13
-1.0937431839473457
-1.088821553303454
0.52329207597198046
1.2974155267895939
-1.4902016344535687
-0.46977175884870392
-0.44644728221935576
0.31375255857651857
-0.29871029635098362
-1.2422087537822211
1.5832941612933911
0.17490407200871544
-0.38817406174157409
13
0.088889872171552087
1.4235875134337383
-0.1963688437040664
0.86116213423633647
-1.0140510960250571
-1.0230709545332752
-0.43642514135119315
1.9756869520381868
0.072523413296751812
-0.078679459982962982
-0.51419712426779896
-0.83081945750262243
-0.7723910322665174
13
-1.3863534246365576
-1.3096926800495807
0.7884303095368409
-0.4475980434234354
-0.40185754661697082
-0.15360078988609149
0.18494759247488715
-1.1107626358191973
1.3043443589460546
-0.86182417696323299
-0.73733449507218052
0.68484839683136511
-0.75568594659151989
13
-0.37440967558636734
-1.2268660075197833
-0.49938396777819005
-0.4475980434234354
-0.061750019168034007
-0.15360078988609149
-0.085650210965502724
-0.47764477164332381
-0.1974647391743285
-1.0542540217069563
1.2262743680063797
0.7981693579030652
-0.98955714604148548
13
-0.99620643705094181
-0.64707929981120027
-0.23424573421333122
0.94841281274698819
-0.67394356857612026
-0.81755982470757727
-0.33620373266956743
0.55117175764247095
-0.028722143879903298
-1.1303309370707539
1.6725491096151439
-0.47669145415356001
-0.83921137496650755
13
-1.6180031985155163
-0.5918615181246687
0.93993787157390363
1.8790867168606036
-0.80998657955569497
-0.5962401464337489
-0.41638085961486798
0.31375255857651857
-0.39995585352763835
-1.0632042470438736
1.8064315320977731
0.86899495857287745
-0.61536322692154055
13
-1.6301952918775666
-0.23294593716221254
0.33390762342565294
0.59941009870438255
-1.0820726015148445
-0.54881450108935703
-0.33620373266956743
0.94687042275239197
-0.3830815939981958
-0.97370199367470012
0.19984246230622318
0.21739943241060264
-0.22112320499159871
13
-1.0937431839473457
-0.90476228101501488
-0.27212262472259774
1.1810812887753923
-2.0343736783718676
-0.15360078988609149
-0.43642514135119315
0.47203202462048671
-0.3324588154098686
-1.4480639365313206
0.51223478143235812
0.86899495857287745
-0.40487914741657161
13
-1.0937431839473457
-0.44461410029391735
-0.1963688437040664
-0.30218024590568293
-1.2861371179842065
-1.102113696773928
-0.52662440916465658
1.263429354840329
0.10627193235563648
-1.1527065004130475
0.55686225559323443
-0.4625263340195972
-0.88932663199150019
13
-0.35002548886226686
-0.72070300872657589
-0.42363018675966041
0.33765806317242758
-1.354158623473994
-1.4499017626328017
-0.56671297263730691
1.7382677529722339
0.072523413296751812
-0.86182417696323299
0.021332565662717531
-0.75999385683280962
-0.83921137496650755
13
-1.6545794786016692
-0.29736668246316622
-0.3478764057411291
-0.4475980434234354
-0.12977152465782138
1.142700182860618
0.23505829681569992
-1.5064613009291183
-0.3830815939981958
-0.77232192359405916
0.91388204888024482
0.51486695522381498
-1.3403639452164338
13
-0.61825154282737615
-0.72990597234099786
-0.65089152981525278
-0.15676244838793052
4.22360482668857
0.32065566355782643
0.24508043768386276
-0.31936530559935522
2.873650495184207
-1.0632042470438736
0.91388204888024482
0.04741799080305252
0.63751819870327475
13
-1.4229297047227083
-0.17772815547568077
1.3944605576850917
0.57032653920083165
2.3190026729745239
-1.102113696773928
-1.0377535934409485
-1.743880499995071
-0.028722143879903298
-1.1079553737284606
-0.023294908498158882
-0.47669145415356001
-0.40487914741657161
13
-0.83770922334428677
-0.83113857209963937
-1.4841831210190974
-1.0292692334944451
-1.0140510960250571
0.39969840579847921
0.47558967765160226
-0.55678450466530804
0.32563730623838921
-0.9289508669901132
1.2262743680063797
0.20323431227664043
-1.0630595230114745
13
-0.74017247644788275
-1.1440393349899856
-1.0296604349079095
-0.30218024590568293
-0.80998657955569497
1.9331276052671484
1.7283572861719256
-0.95248316977522907
0.62937397776835413
-0.21293284003672347
0.37835235894972885
0.24572967267852766
-0.28794354769158886
13
-0.83770922334428677
0.78858302403862379
-0.61301463930598787
-0.4475980434234354
-0.80998657955569497
0.8739548592423978
0.96667458019156927
0.70945122368643954
2.0805602973004098
-1.1974576270976345
2.0741963770630307
0.3307203934823027
-1.1365618999814637
13
-1.0937431839473457
-0.21454000993336861
-2.5447360552785354
-0.59301584094118776
-0.19779303014760874
-0.10617514454169999
0.14485902900223677
-0.79420370373126048
-0.29871029635098362
-0.74994636025176586
1.4047842646498854
0.51486695522381498
-0.12089269094161348
13
-0.45975432912072106
-0.89555931740059291
-1.7871982450932227
-0.30218024590568293
-0.80998657955569497
-1.3392419234958874
-0.66693438131893268
-0.55678450466530804
-0.3830815939981958
-1.1303309370707539
0.37835235894972885
0.24572967267852766
-0.61536322692154055
13
-0.77674875653403341
0.12596964380024364
0.33390762342565294
0.42490874168307924
-0.12977152465782138
0.41550695424661016
0.084726183793261189
-0.16108583955538666
-0.45057863211596588
-0.97370199367470012
-0.69270702091130409
1.1098020008502398
-1.0296493516614795
13
-1.4107376113606582
-0.54584670005255886
-1.862952026111754
-0.011344650870178073
-0.94602959053526969
0.32065566355782643
-0.38631443701038043
0.076333359510565746
-0.26496177729209858
-1.3048603311406428
-0.067922382659035302
-0.22171929174223484
-1.1064927457664682
13
-0.67921200963762951
0.21799927994446283
-0.3857532962503939
0.71574433671858406
-0.67394356857612026
-0.97564530918888348
-0.18587161964712848
2.3713856171481082
-0.26496177729209858
-1.0184531203592868
-0.42494217594604611
0.99648103977853975
-1.440594459266419
13
-0.31344920877611404
-0.51823780920929308
-0.3478764057411291
0.86116213423633647
-1.0820726015148445
-1.4499017626328017
-0.26604874659242927
0.94687042275239197
0.089397672826193958
-0.74994636025176586
-0.33568722762429326
-0.25004953201015989
-0.8625984949115042
13
-1.6667715719637195
-0.88635635378617095
1.242952995648029
0.13407314664757436
-0.40185754661697082
0.70006082631296129
0.89651959411443083
-0.55678450466530804
1.5405839923582498
-1.0408286837015803
0.021332565662717531
0.9398205592426897
-0.22112320499159871
13
-1.849652972394475
1.3131519500606752
-2.0902133691673472
-0.011344650870178073
0.48242202475026491
1.395636958030708
0.55576680459690297
-0.95248316977522907
3.3798782810674819
-0.9289508669901132
-0.9158443917156861
0.30239015321437768
-0.61536322692154055
13
-0.55729107601712502
0.10756371657139972
-0.7645222013430506
0.42490874168307924
-0.80998657955569497
0.39969840579847921
0.24508043768386276
-0.79420370373126048
-0.60244696788094854
-1.3317110071513949
-0.24643227930254044
0.25989479281248984
-1.4071842879164238
13
-1.9106134392047283
-1.44773713426591
0.48541518546271561
0.42490874168307924
-0.80998657955569497
0.28903856666156519
-0.015495224888364774
0.47203202462048671
-0.23121325823321351
-0.84839883895785684
0.64611720391498728
-0.40586585348374715
-1.0430134202014776
13
-1.0937431839473457
-0.8495444993284833
0.48541518546271561
0.86116213423633647
-1.0820726015148445
0.41550695424661016
0.26512471942018795
0.55117175764247095
-0.90618363941091351
-0.9289508669901132
-0.11254985681991121
0.84066471830495249
-1.2067232598164535
13
-2.3739129869626479
-0.73910893595541982
-0.65089152981525278
0.57032653920083165
-1.0140510960250571
0.25742146976530395
0.14485902900223677
1.263429354840329
0.73061953494500886
-1.3764621338359817
3.3683931277284453
0.38738087401815274
-1.1332208828464643
13
-1.4107376113606582
-0.77592079041310769
-1.4463062305098318
0.36674162267597848
-0.94602959053526969
-0.50138885574496517
-0.42640300048303059
-0.47764477164332381
-0.079344922468230855
-1.3540865704936882
-0.023294908498158882
1.0389764001804276
-0.83921137496650755
13
-0.67921200963762951
-0.64707929981120027
-0.68876842032451924
0.86116213423633647
0.55044353024005233
-0.46977175884870392
0.064681902056935997
-0.16108583955538666
0.055649153767309292
-1.3048603311406428
0.46760730727148164
0.51486695522381498
-1.3403639452164338
13
-0.25248874196586291
1.0278600780135947
-1.4841831210190974
-1.0292692334944451
-1.354158623473994
-1.0546880514295365
-0.77717793086872122
0.55117175764247095
-1.2605430895292062
-0.70519523356717895
-1.1389817625200682
-0.6750031360290345
-1.2501564825714471
13
-1.1912799308437498
1.0278600780135947
-1.4084293400005661
-0.15676244838793052
-0.87800808504548233
-0.46977175884870392
-0.38631443701038043
0.076333359510565746
0.49437990153281441
-1.6539191192804201
-0.11254985681991121
0.64235303642947728
-0.60868119265154152
13
-1.8618450657565273
0.079954825728133644
0.18240006138859027
0.13407314664757436
-0.2658145356373961
0.95299760148305057
0.76623176282831729
-0.31936530559935522
0.42688286341504433
-0.77232192359405916
-0.69270702091130409
1.1239671209842026
-0.40487914741657161
13
-1.7277320387739705
-0.2421489007766347
3.2504281926391068
2.6061757044493659
1.2986800906277132
1.395636958030708
3.0613020216375499
0.86773068973040768
0.49437990153281441
0.45833406023207934
-0.11254985681991121
1.5489207250030772
-0.93944188901649284
13
-0.67921200963762951
1.9481564394557893
1.3565836671758251
2.0245045143783558
0.14231449730132809
-0.15360078988609149
0.10477046552958638
0.55117175764247095
0.22439174906173409
-1.2959101058037255
-0.15717733098078762
0.74150887736721516
-1.2735436025164435
13
-1.349777144550407
1.8377208760827259
0.068769389860794103
0.42490874168307924
-1.2181156124944192
0.88976340769052809
1.0067631436642193
-1.1899023688411816
2.2493028925948346
-0.97370199367470012
-0.9158443917156861
1.478095124333265
-1.223428345491451
13
-0.66701991627557922
-0.72070300872657589
-0.30999951523186259
0.57032653920083165
-0.94602959053526969
0.70006082631296129
1.1270288340821704
0.2346128255545343
0.32563730623838921
-0.46353914947040986
-1.1836092366809445
0.3448855136162649
-1.3169768252714371
13
-1.4473138914468111
-0.16852519186125903
1.5459681197221526
2.6061757044493659
-0.53790055759654554
-0.26426062902300618
0.21501401507937518
1.7382677529722339
0.30876304670894672
-0.88419974030552628
0.065960039823593941
-0.22171929174223484
-0.93610087188149327
13
-0.74017247644788275
-0.62867337258235656
-0.27212262472259774
1.4428333243073463
-0.80998657955569497
-0.12198369298983025
0.42547897331078949
0.31375255857651857
0.54500268012114161
-1.2780096551298905
-0.29105975346341689
0.25989479281248984
-1.3503869966214324
13
-1.1425115573955489
1.8285179124683042
0.030892499351527596
0.71574433671858406
-1.354158623473994
-0.31168627436739771
-0.27607088746059183
0.47203202462048671
-0.3830815939981958
-1.0632042470438736
-0.73733449507218052
-0.037572730000722532
-0.55522491849154942
13
-0.14275990170740871
-0.88635635378617095
-0.1963688437040664
-0.4475980434234354
1.5027446070970754
-1.2443906328071037
-0.77717793086872122
-1.1899023688411816
-1.0749262347053388
-0.39193734677507103
-0.87121691755480979
-1.8507081071479219
-0.38817406174157409
13
-0.11837571498330608
0.62292967897902896
0.10664628037005894
0.13407314664757436
0.27835750828090283
-1.5763701502178464
-0.807244353473209
-0.95248316977522907
-1.2605430895292062
0.1898273001245584
-0.96047186587656252
-1.6665615454064096
-0.72227577524152486
13
-0.20372036851765982
-0.0028718468016637752
0.10664628037005894
1.2974155267895939
-0.12977152465782138
-1.8134983769398056
-0.93753218475932254
-0.71506397070927619
-1.2605430895292062
0.32408068017831887
-1.3174916591635735
-1.7515522662101843
-0.62204526119153958
13
-0.33783339550021663
1.1382956413866578
-0.04486128166700374
0.57032653920083165
0.41440051926047755
-0.94402821229262224
-0.82728863520953422
-1.5064613009291183
-1.2436688299997636
0.010822793386210809
-0.78196196923305694
-1.8507081071479219
-0.48840457579155933
13
-0.56948316937917531
-0.98758895354481246
-0.46150707726892526
-0.59301584094118776
-1.0140510960250571
-0.46977175884870392
-1.4486613690356145
1.8965472190162025
-0.551824189292621
0.21220286346685174
-0.9158443917156861
-1.5390754642007469
-0.32135371904158394
13
-0.45975432912072106
0.13517260741466539
-0.65089152981525278
-0.30218024590568293
-0.40185754661697082
-1.0704965998776668
-1.3684842420903138
2.1339664180821551
-1.0749262347053388
0.95059645376253465
-1.0050993400374391
-1.4399196232630094
-0.17100794796660609
13
-0.88647759679248761
2.2150423842740259
0.63692274749977829
0.42490874168307924
-0.74196507406590761
-1.4499017626328017
-1.5589049185854031
1.3425690878623133
-1.3111658681175336
-0.50381516348653799
-0.9158443917156861
-1.879038347415847
-0.087482519591618402
13
0.62534198010177289
1.1751074958443457
-0.68876842032451924
-0.011344650870178073
-0.80998657955569497
-1.0704965998776668
-1.5488827777172405
1.7382677529722339
-1.1761717918819936
0.32408068017831887
-0.64807954675042767
-1.0999567400479096
-0.55522491849154942
13
-0.16714408843150916
0.59532078813576295
0.90206098106463717
1.2974155267895939
0.074292991811540726
0.036101791491475257
-1.4286170872992894
1.3425690878623133
-1.2942916085880911
-0.024978107961458707
-0.29105975346341689
-0.63250777562714733
-0.5218147471415544
13
0.66191826018792355
0.78858302403862379
1.3187067766665603
1.1519977292718413
-0.19779303014760874
-1.1811564390145812
-1.50879421424459
1.1051498887963604
-1.7330223563535962
-0.2800595300636039
-0.29105975346341689
-0.75999385683280962
-0.75568594659151989
13
0.78383919380842793
2.4267105474057313
-0.082738172176268568
0.13407314664757436
-0.53790055759654554
-0.46977175884870392
-1.2281742699360376
0.86773068973040768
-0.9399321584697985
-0.25768396672131016
-0.20180480514166405
-0.77415897696677238
-0.65545543254153471
13
-0.88647759679248761
1.4419934406625823
-0.65089152981525278
-0.30218024590568293
0.82252955219920176
-1.4499017626328017
-1.248218551672363
-0.55678450466530804
-0.7374410441164887
1.4473339599614492
-1.3621191333244498
-0.84498457763658463
0.36355479363331511
13
0.22300289915410673
1.1567015686155018
-0.84027598236158196
0.42490874168307924
0.14231449730132809
-1.2601991812552342
-1.4787277916401023
0.55117175764247095
-0.46745289164540837
-0.43668847345965778
-1.5852565041288318
-1.2982684219233847
0.28002936525832745
13
1.1008336212217424
2.5095372199355288
-0.53726085828745662
0.13407314664757436
-1.354158623473994
-2.0822437005580259
-1.6891927498715167
0.31375255857651857
-1.5136569824708437
-0.033928333298375885
-1.6745114524505846
-1.794047626612072
-1.1064927457664682
13
-0.13056780834535847
2.1138097845153849
0.40966140444418425
0.57032653920083165
-0.94602959053526969
-0.94402821229262224
-1.3785063829584767
0.86773068973040768
-1.2099203109408787
1.1967276505277626
-1.8530213490940899
-1.0432962595120594
-0.40487914741657161
13
0.41807639294691468
0.85300376933957778
0.030892499351527596
0.57032653920083165
-0.53790055759654554
-0.58043159798561828
-1.2682628334086881
0.70945122368643954
-0.551824189292621
1.5413113259990812
-1.8083938749332134
-1.3832591427271594
-0.32135371904158394
13
0.12546615225770277
1.4603993678914262
-0.04486128166700374
0.57032653920083165
0.89055105768898912
-1.4024761172884099
-0.63686795871444513
-0.16108583955538666
-0.7374410441164887
1.9798723675080325
-1.7191389266114612
-1.794047626612072
-0.65545543254153471
13
0.63753407346382307
0.74256820596651429
0.93993787157390363
1.2974155267895939
1.5707661125868628
-1.4182846657365404
-0.45646942308751837
-1.1107626358191973
-0.551824189292621
1.6218633540313374
-1.6298839782897083
-1.8365429870139593
-0.82250628929151004
13
0.16204243234385346
-0.38019335499296386
1.4323374481943565
1.7336689193428512
1.0946155741583512
-0.15360078988609149
-0.74711150826423345
-0.79420370373126048
-0.028722143879903298
0.95059645376253465
-1.5406290299679555
-1.794047626612072
-1.0730825744164731
13
0.23519499251615697
2.6475816741518581
-0.1963688437040664
0.71574433671858406
-0.46987905210675818
-0.88079401850009975
-1.3985506646948018
1.9756869520381868
-0.045596403409345815
1.3086054672392298
-1.5852565041288318
-1.5815708246026345
-0.070777433916620863
13
1.0520652477735395
1.6628645674087092
0.030892499351527596
-0.011344650870178073
-0.74196507406590761
-0.78594272781131602
-1.1981078473315498
0.94687042275239197
-0.028722143879903298
1.8053429734381437
-1.7191389266114612
-1.3549289024592346
-0.88932663199150019
13
-0.64263572955147874
0.65974153343671638
1.0156916525924349
2.1699223118961086
-0.19779303014760874
-0.62785724333001014
-1.4486613690356145
2.1339664180821551
-0.7374410441164887
1.1296009605008821
-1.2728641850026969
-1.2274428212535722
0.44708022200830283
13
1.6616699158760637
-0.58265855451024673
1.242952995648029
1.5882511218250988
-0.12977152465782138
0.79491211700174436
-0.71704508565974567
1.3425690878623133
1.8949434424765423
3.5909129281531591
-1.7191389266114612
-0.90164505817243468
-0.28794354769158886
13
0.61314988673972259
-0.5918615181246687
1.0156916525924349
0.86116213423633647
-0.74196507406590761
0.47874114803913265
-0.92751004389115999
1.263429354840329
1.2030988017693993
3.0315238445958235
-1.7191389266114612
-1.1566172205837595
-0.42158423309156917
13
-0.75236456980993294
1.3959786225904727
0.030892499351527596
0.42490874168307924
-0.80998657955569497
0.0044846945952140118
-1.1079085795180867
1.1051498887963604
-0.90618363941091351
1.1967276505277626
-1.763766400772337
-1.4399196232630094
-0.75568594659151989
13
0.86918384734278176
0.87140969656842127
0.63692274749977829
0.13407314664757436
0.48242202475026491
-0.73851708246692416
-1.4687056507719398
1.1051498887963604
-1.3111658681175336
0.40463270821057512
0.021332565662717531
-1.0999567400479096
-0.22112320499159871
13
-0.15495199506945892
0.88061266018284345
0.7884303095368409
0.71574433671858406
0.41440051926047755
-1.0230709545332752
-1.4286170872992894
1.8965472190162025
-1.0411777156464537
0.27037932815681459
-0.38031470178516968
-0.68916825616299737
-0.58863508984154456
13
-0.020838968086902106
1.0462660052424386
-0.082738172176268568
-0.30218024590568293
0.41440051926047755
-1.4340932141846712
-1.3283956786176636
0.31375255857651857
-1.0749262347053388
0.13612594810305412
-1.2282367108418206
-1.1991125809856471
-0.23782829066659625
13
0.97891268760123595
0.41126151584732373
-0.27212262472259774
0.71574433671858406
-0.67394356857612026
-1.4973274079771932
-1.3484399603539885
0.39289229159850242
-0.92305789894035606
2.0604243955402888
-1.1389817625200682
-1.2982684219233847
-0.43828931876656668
13
0.91795222079098482
1.8837356941548362
-0.42363018675966041
0.86116213423633647
-0.80998657955569497
-1.6079872471141077
-1.5589049185854031
1.263429354840329
-0.72056678458704615
0.73579104567651787
-0.78196196923305694
-1.1991125809856471
-0.75568594659151989
13
-0.19152827515560961
0.97264229632706301
-0.27212262472259774
-0.011344650870178073
-0.80998657955569497
-1.2918162781514955
-1.3684842420903138
0.31375255857651857
-1.0243034561170112
2.3647320569954795
-1.0497268141983154
-1.1991125809856471
-0.20441811931660117
13
0.73507082036022708
0.2456081707877289
1.2050761051387624
1.4428333243073463
0.34637901377069019
-1.1811564390145812
-1.1880857064633874
0.2346128255545343
-0.062470662938788335
1.6487140300420897
-0.96047186587656252
-1.1282869803158346
0.012747994458366829
13
0.51561313984331869
2.1046068209009623
1.8489832437962779
1.5882511218250988
0.82252955219920176
-0.50138885574496517
-1.0678200160454363
-0.71506397070927619
-0.7880638227048159
1.5771122273467508
-1.2728641850026969
-0.95830553870828472
-0.38817406174157409
13
-0.94743806360274097
0.65974153343671638
-0.1963688437040664
-0.15676244838793052
-0.2658145356373961
-1.6554128924584994
-1.538860636849078
0.31375255857651857
-1.4292856848236313
0.23457842680914509
-1.3174916591635735
-1.085791619913947
-0.78909611794151502
13
-0.25248874196586291
0.070751862113711886
-0.3478764057411291
-0.011344650870178073
-0.94602959053526969
-1.4340932141846712
-1.5188163551127527
0.94687042275239197
-1.5811540205886137
2.2036275534196994
-1.7191389266114612
-1.3690940225931971
-0.92273680334149533
13
1.4422122353591553
0.18118742548677499
0.40966140444418425
0.13407314664757436
-0.6059220630863329
-0.97564530918888348
-1.3283956786176636
0.63031149066445524
-0.56869844882206355
2.1141257475617925
-1.4960015558070789
-1.255773061521497
-0.28794354769158886
13
0.89356803406688434
3.0709180004152681
0.2960307329163881
0.27949094416532677
-0.33383604112718346
-0.97564530918888348
-1.4185949464311269
1.263429354840329
-0.87243512035202841
1.2191032138700559
-1.4067466074853261
-1.2132777011196096
-0.020662176891628248
13
1.4056359552730047
1.6444586401798649
1.3944605576850917
1.4428333243073463
-0.2658145356373961
-0.39072901660805115
-1.2682628334086881
1.5799882869282662
-0.3830815939981958
1.8903701141388585
-1.5406290299679555
-1.4115893829950843
-0.62204526119153958
141
0
0
0
0
0
0
0
0
0
0
0
0
0
0
0
0
0
0
0
0
0
0
0
0
0
0
0
0
0
0
0
0
0
0
0
0
0
0
0
0
0
0
0
0
0
0
0
1
1
1
1
1
1
1
1
1
1
1
1
1
1
1
1
1
1
1
1
1
1
1
1
1
1
1
1
1
1
1
1
1
1
1
1
1
1
1
1
1
1
1
1
1
1
1
1
1
1
1
1
1
1
1
1
2
2
2
2
2
2
2
2
2
2
2
2
2
2
2
2
2
2
2
2
2
2
2
2
2
2
2
2
2
2
2
2
2
2
2
2
2
2
"RandomForest"
50
0
8
2
50
"DecisionTree"
1
0
8
2
0
3
3
13
0
9
-0.66491921955105071
1
2
0
3
0.37588652482269502
0.37588652482269502
0.24822695035460993
141
1
-1
0
0
0
1
3
0
1
0
39
0
11
-0.42711353368469107
3
6
0
3
0.51960784313725494
0.13725490196078433
0.34313725490196079
102
0
6
-0.53664655003281914
4
5
2
3
0
0.054054054054054057
0.94594594594594594
37
1
-1
0
0
0
2
3
0
0
1
35
1
-1
0
0
0
1
3
0
1
0
2
0
1
-0.93237117185828078
7
8
0
3
0.81538461538461537
0.18461538461538463
0
65
1
-1
0
0
0
1
3
0
1
0
5
0
4
-0.80998657955569497
9
10
0
3
0.8833333333333333
0.11666666666666667
0
60
1
-1
0
0
0
1
3
0
1
0
5
0
0
-0.94134201692171471
11
12
0
3
0.96363636363636362
0.036363636363636362
0
55
1
-1
0
0
0
1
3
0
1
0
2
1
-1
0
0
0
0
3
1
0
0
53
"DecisionTree"
1
0
8
2
0
3
3
17
0
0
-0.28296897537098847
1
8
1
3
0.39007092198581561
0.3971631205673759
0.21276595744680851
141
0
12
-0.77239103226651751
2
3
1
3
0
0.8771929824561403
0.12280701754385964
57
1
-1
0
0
0
1
3
0
1
0
32
0
11
-0.66083801589507229
4
7
1
3
0
0.71999999999999997
0.28000000000000003
25
0
0
-0.77065270985300827
5
6
2
3
0
0.125
0.875
8
1
-1
0
0
0
1
3
0
0.5
0.5
2
1
-1
0
0
0
2
3
0
0
1
6
1
-1
0
0
0
1
3
0
1
0
17
0
6
-0.035539506624689757
9
14
0
3
0.65476190476190477
0.071428571428571425
0.27380952380952384
84
0
3
-0.22947134714680673
10
11
2
3
0
0.14814814814814814
0.85185185185185186
27
1
-1
0
0
0
1
3
0
1
0
3
0
8
0.021900634708424259
12
13
2
3
0
0.041666666666666664
0.95833333333333337
24
1
-1
0
0
0
2
3
0
0
1
21
1
-1
0
0
0
2
3
0
0.33333333333333331
0.66666666666666663
3
0
9
-0.67610700122219736
15
16
0
3
0.96491228070175439
0.035087719298245612
0
57
1
-1
0
0
0
1
3
0
1
0
2
1
-1
0
0
0
0
3
1
0
0
55
"DecisionTree"
1
0
8
2
0
3
3
17
0
4
-0.77597582681080124
1
6
1
3
0.31914893617021278
0.41134751773049644
0.26950354609929078
141
0
8
-0.56026131905734222
2
5
1
3
0
0.93181818181818177
0.068181818181818177
44
0
9
0.3017051168360253
3
4
1
3
0
0.66666666666666663
0.33333333333333331
9
1
-1
0
0
0
1
3
0
1
0
6
1
-1
0
0
0
2
3
0
0
1
3
1
-1
0
0
0
1
3
0
1
0
35
0
9
-0.66491921955105071
7
8
0
3
0.46391752577319589
0.17525773195876287
0.36082474226804123
97
1
-1
0
0
0
1
3
0
1
0
16
0
10
-0.67039328383086616
9
10
0
3
0.55555555555555558
0.012345679012345678
0.43209876543209874
81
1
-1
0
0
0
2
3
0
0
1
30
0
7
0.98644028926338412
11
14
0
3
0.88235294117647056
0.019607843137254902
0.098039215686274508
51
0
5
-0.035036676525112012
12
13
0
3
0.97777777777777775
0.022222222222222223
0
45
1
-1
0
0
0
0
3
0.5
0.5
0
2
1
-1
0
0
0
0
3
1
0
0
43
0
5
-0.95983676074075275
15
16
2
3
0.16666666666666666
0
0.83333333333333337
6
1
-1
0
0
0
2
3
0
0
1
3
1
-1
0
0
0
2
3
0.33333333333333331
0
0.66666666666666663
3
"DecisionTree"
1
0
8
2
0
3
3
21
0
6
0.57080001589914686
1
16
1
3
0.31205673758865249
0.44680851063829785
0.24113475177304963
141
0
1
0.15357853464350932
2
11
1
3
0.033333333333333333
0.58888888888888891
0.37777777777777777
90
0
10
-0.8042757063134951
3
4
1
3
0.054545454545454543
0.8545454545454545
0.090909090909090912
55
1
-1
0
0
0
2
3
0
0
1
5
0
6
0.48060074808568343
5
10
1
3
0.059999999999999998
0.93999999999999995
0
50
0
10
0.69074467807586371
6
7
1
3
0.020833333333333332
0.97916666666666663
0
48
1
-1
0
0
0
1
3
0
1
0
33
0
12
-0.10752862240161545
8
9
1
3
0.066666666666666666
0.93333333333333335
0
15
1
-1
0
0
0
1
3
0
1
0
13
1
-1
0
0
0
0
3
0.5
0.5
0
2
1
-1
0
0
0
0
3
1
0
0
2
0
9
-0.68281967022488543
12
13
2
3
0
0.17142857142857143
0.82857142857142863
35
1
-1
0
0
0
1
3
0
1
0
5
0
6
-0.54666869090098169
14
15
2
3
0
0.033333333333333333
0.96666666666666667
30
1
-1
0
0
0
2
3
0
0
1
27
1
-1
0
0
0
2
3
0
0.33333333333333331
0.66666666666666663
3
0
12
-0.087482519591618402
17
18
0
3
0.80392156862745101
0.19607843137254902
0
51
1
-1
0
0
0
1
3
0
1
0
9
0
9
-0.61121786752954643
19
20
0
3
0.97619047619047616
0.023809523809523808
0
42
1
-1
0
0
0
0
3
0.66666666666666663
0.33333333333333331
0
3
1
-1
0
0
0
0
3
1
0
0
39
"DecisionTree"
1
0
8
2
0
3
3
19
0
0
-0.28296897537098847
1
6
1
3
0.31205673758865249
0.3971631205673759
0.29078014184397161
141
0
1
0.13057112560745451
2
3
1
3
0
0.82758620689655171
0.17241379310344829
58
1
-1
0
0
0
1
3
0
1
0
38
0
9
-0.71638301523832559
4
5
1
3
0
0.5
0.5
20
1
-1
0
0
0
1
3
0
1
0
10
1
-1
0
0
0
2
3
0
0
1
10
0
10
-0.64807954675042789
7
8
0
3
0.53012048192771088
0.096385542168674704
0.37349397590361444
83
1
-1
0
0
0
2
3
0
0
1
26
0
5
-0.2326435321267446
9
12
0
3
0.77192982456140347
0.14035087719298245
0.08771929824561403
57
0
6
-0.83229970564361544
10
11
1
3
0
0.54545454545454541
0.45454545454545453
11
1
-1
0
0
0
2
3
0
0
1
5
1
-1
0
0
0
1
3
0
1
0
6
0
1
-0.78972523583474064
13
14
0
3
0.95652173913043481
0.043478260869565216
0
46
1
-1
0
0
0
0
3
0.5
0.5
0
2
0
11
1.2372880820559025
15
16
0
3
0.97727272727272729
0.022727272727272728
0
44
1
-1
0
0
0
0
3
1
0
0
35
0
10
0.71305841515630197
17
18
0
3
0.88888888888888884
0.1111111111111111
0
9
1
-1
0
0
0
0
3
1
0
0
7
1
-1
0
0
0
0
3
0.5
0.5
0
2
"DecisionTree"
1
0
8
2
0
3
3
13
0
9
-0.67834455755642686
1
2
1
3
0.34042553191489361
0.45390070921985815
0.20567375886524822
141
1
-1
0
0
0
1
3
0
1
0
44
0
11
-0.15797625113940372
3
10
0
3
0.49484536082474229
0.20618556701030927
0.29896907216494845
97
0
2
-1.0864757706718082
4
5
2
3
0
0.29268292682926828
0.70731707317073167
41
1
-1
0
0
0
1
3
0
1
0
8
0
12
-0.76403848942901864
6
9
2
3
0
0.12121212121212122
0.87878787878787878
33
0
12
-0.8308588321290088
7
8
1
3
0
0.5
0.5
8
1
-1
0
0
0
2
3
0
0
1
4
1
-1
0
0
0
1
3
0
1
0
4
1
-1
0
0
0
2
3
0
0
1
25
0
12
-0.12089269094161348
11
12
0
3
0.8571428571428571
0.14285714285714285
0
56
1
-1
0
0
0
1
3
0
1
0
8
1
-1
0
0
0
0
3
1
0
0
48
"DecisionTree"
1
0
8
2
0
3
3
17
0
6
-0.76214471956647734
1
8
1
3
0.28368794326241137
0.3971631205673759
0.31914893617021278
141
0
7
-1.4668914344181263
2
3
2
3
0
0.083333333333333329
0.91666666666666663
48
1
-1
0
0
0
1
3
0
1
0
2
0
1
-0.93697265366549165
4
5
2
3
0
0.043478260869565216
0.95652173913043481
46
1
-1
0
0
0
1
3
0
0.5
0.5
2
0
4
-1.1500941070046318
6
7
2
3
0
0.022727272727272728
0.97727272727272729
44
1
-1
0
0
0
2
3
0
0.33333333333333331
0.66666666666666663
3
1
-1
0
0
0
2
3
0
0
1
41
0
0
-0.26468083532791314
9
10
1
3
0.43010752688172044
0.55913978494623651
0.010752688172043012
93
1
-1
0
0
0
1
3
0
1
0
46
0
9
-0.6895323392275734
11
12
0
3
0.85106382978723405
0.1276595744680851
0.021276595744680851
47
1
-1
0
0
0
1
3
0
1
0
2
0
5
-0.2326435321267446
13
16
0
3
0.88888888888888884
0.088888888888888892
0.022222222222222223
45
0
6
-0.33620373266956732
14
15
1
3
0
0.80000000000000004
0.20000000000000001
5
1
-1
0
0
0
1
3
0
0.5
0.5
2
1
-1
0
0
0
1
3
0
1
0
3
1
-1
0
0
0
0
3
1
0
0
40
"DecisionTree"
1
0
8
2
0
3
3
17
0
12
0.029453080133364368
1
12
1
3
0.32624113475177308
0.41843971631205673
0.25531914893617019
141
0
9
-0.056303896640669433
2
9
1
3
0
0.60869565217391308
0.39130434782608697
92
0
6
-0.76214471956647734
3
8
1
3
0
0.94545454545454544
0.054545454545454543
55
0
5
-1.1732521647905159
4
5
1
3
0
0.625
0.375
8
1
-1
0
0
0
2
3
0
0
1
2
0
4
-0.23180378289250242
6
7
1
3
0
0.83333333333333337
0.16666666666666666
6
1
-1
0
0
0
1
3
0
0.5
0.5
2
1
-1
0
0
0
1
3
0
1
0
4
1
-1
0
0
0
1
3
0
1
0
47
0
8
-1.5980282801180561
10
11
2
3
0
0.10810810810810811
0.89189189189189189
37
1
-1
0
0
0
1
3
0
1
0
4
1
-1
0
0
0
2
3
0
0
1
33
0
7
-1.0711927693082053
13
16
0
3
0.93877551020408168
0.061224489795918366
0
49
0
4
2.28499192022963
14
15
0
3
0.72727272727272729
0.27272727272727271
0
11
1
-1
0
0
0
0
3
1
0
0
8
1
-1
0
0
0
1
3
0
1
0
3
1
-1
0
0
0
0
3
1
0
0
38
"DecisionTree"
1
0
8
2
0
3
3
19
0
6
-0.62684581784628257
1
8
1
3
0.31914893617021278
0.3971631205673759
0.28368794326241137
141
0
3
-0.69480829920361442
2
3
2
3
0
0.11363636363636363
0.88636363636363635
44
1
-1
0
0
0
1
3
0
1
0
3
0
2
-0.57513774879672219
4
7
2
3
0
0.04878048780487805
0.95121951219512191
41
0
1
-0.25595334619826743
5
6
2
3
0
0.33333333333333331
0.66666666666666663
6
1
-1
0
0
0
1
3
0
1
0
2
1
-1
0
0
0
2
3
0
0
1
4
1
-1
0
0
0
2
3
0
0
1
35
0
1
-0.76211634499147474
9
10
1
3
0.46391752577319589
0.52577319587628868
0.010309278350515464
97
1
-1
0
0
0
1
3
0
1
0
27
0
0
0.052313592085400332
11
16
0
3
0.6428571428571429
0.34285714285714286
0.014285714285714285
70
0
1
1.1981149048804007
12
15
1
3
0.076923076923076927
0.92307692307692313
0
26
0
9
-0.59779252952417039
13
14
1
3
0.043478260869565216
0.95652173913043481
0
23
1
-1
0
0
0
1
3
0
1
0
20
1
-1
0
0
0
1
3
0.33333333333333331
0.66666666666666663
0
3
1
-1
0
0
0
1
3
0.33333333333333331
0.66666666666666663
0
3
0
6
0.44552325504711443
17
18
0
3
0.97727272727272729
0
0.022727272727272728
44
1
-1
0
0
0
0
3
0.66666666666666663
0
0.33333333333333331
3
1
-1
0
0
0
0
3
1
0
0
41
"DecisionTree"
1
0
8
2
0
3
3
23
0
5
0.4471240511428714
1
20
1
3
0.30496453900709219
0.41134751773049644
0.28368794326241137
141
0
6
-0.72706722652790834
2
11
1
3
0.054945054945054944
0.50549450549450547
0.43956043956043955
91
0
10
-0.11254985681991146
3
8
2
3
0
0.11904761904761904
0.88095238095238093
42
0
0
-0.79503689657710985
4
5
2
3
0
0.052631578947368418
0.94736842105263153
38
1
-1
0
0
0
1
3
0
0.5
0.5
2
0
11
-0.68208569609601599
6
7
2
3
0
0.027777777777777776
0.97222222222222221
36
1
-1
0
0
0
2
3
0
0
1
34
1
-1
0
0
0
1
3
0
0.5
0.5
2
0
11
-1.2061951410526284
9
10
1
3
0
0.75
0.25
4
1
-1
0
0
0
1
3
0
1
0
2
1
-1
0
0
0
1
3
0
0.5
0.5
2
0
9
-0.033928333298376086
12
17
1
3
0.10204081632653061
0.83673469387755106
0.061224489795918366
49
0
9
-0.41431291011736426
13
14
1
3
0.046511627906976744
0.95348837209302328
0
43
1
-1
0
0
0
1
3
0
1
0
37
0
5
-0.10617514454169998
15
16
1
3
0.33333333333333331
0.66666666666666663
0
6
1
-1
0
0
0
1
3
0
1
0
4
1
-1
0
0
0
0
3
1
0
0
2
0
0
1.0154889676873875
18
19
0
3
0.5
0
0.5
6
1
-1
0
0
0
2
3
0
0
1
3
1
-1
0
0
0
0
3
1
0
0
3
0
0
0.052313592085400332
21
22
0
3
0.76000000000000001
0.23999999999999999
0
50
1
-1
0
0
0
1
3
0
1
0
12
1
-1
0
0
0
0
3
1
0
0
38
"DecisionTree"
1
0
8
2
0
3
3
15
0
0
-0.34392944218124177
1
4
1
3
0.33333333333333331
0.34042553191489361
0.32624113475177308
141
0
6
-1.0728310864795176
2
3
1
3
0
0.83018867924528306
0.16981132075471697
53
1
-1
0
0
0
2
3
0
0
1
9
1
-1
0
0
0
1
3
0
1
0
44
0
5
0.059814614163671363
5
12
0
3
0.53409090909090906
0.045454545454545456
0.42045454545454547
88
0
4
-0.84399733230058871
6
9
2
3
0
0.076923076923076927
0.92307692307692313
39
0
6
-1.077842156913599
7
8
2
3
0
0.40000000000000002
0.59999999999999998
5
1
-1
0
0
0
2
3
0
0
1
3
1
-1
0
0
0
1
3
0
1
0
2
0
11
-0.69625081622997853
10
11
2
3
0
0.029411764705882353
0.97058823529411764
34
1
-1
0
0
0
2
3
0
0
1
32
1
-1
0
0
0
1
3
0
0.5
0.5
2
0
12
0.029453080133364368
13
14
0
3
0.95918367346938771
0.020408163265306121
0.020408163265306121
49
1
-1
0
0
0
1
3
0
0.5
0.5
2
1
-1
0
0
0
0
3
1
0
0
47
"DecisionTree"
1
0
8
2
0
3
3
15
0
11
-0.58292985515827866
1
4
1
3
0.36879432624113473
0.38297872340425532
0.24822695035460993
141
0
6
-0.62684581784628257
2
3
2
3
0
0.078947368421052627
0.92105263157894735
38
1
-1
0
0
0
2
3
0
0
1
35
1
-1
0
0
0
1
3
0
1
0
3
0
6
0.29519114202467572
5
8
0
3
0.50485436893203883
0.49514563106796117
0
103
0
9
-0.49262738181539134
6
7
1
3
0.04878048780487805
0.95121951219512191
0
41
1
-1
0
0
0
1
3
0
1
0
38
1
-1
0
0
0
0
3
0.66666666666666663
0.33333333333333331
0
3
0
7
0.63031149066445524
9
14
0
3
0.80645161290322576
0.19354838709677419
0
62
0
12
-0.030685228296626767
10
11
0
3
0.84745762711864403
0.15254237288135594
0
59
1
-1
0
0
0
1
3
0
1
0
8
0
4
1.8428521345460123
12
13
0
3
0.98039215686274506
0.019607843137254902
0
51
1
-1
0
0
0
0
3
1
0
0
49
1
-1
0
0
0
0
3
0.5
0.5
0
2
1
-1
0
0
0
1
3
0
1
0
3
"DecisionTree"
1
0
8
2
0
3
3
19
0
11
-0.95122297864130345
1
6
1
3
0.28368794326241137
0.50354609929078009
0.21276595744680851
141
0
8
-1.5980282801180561
2
3
2
3
0
0.09375
0.90625
32
1
-1
0
0
0
1
3
0
1
0
2
0
12
0.19650393688333975
4
5
2
3
0
0.033333333333333333
0.96666666666666667
30
1
-1
0
0
0
2
3
0
0
1
28
1
-1
0
0
0
1
3
0
0.5
0.5
2
0
9
-0.22412062170787014
7
14
1
3
0.3669724770642202
0.62385321100917435
0.0091743119266055051
109
0
11
1.5064253646011898
8
13
1
3
0.057142857142857141
0.94285714285714284
0
70
0
9
-0.51724050149191414
9
10
1
3
0.029411764705882353
0.97058823529411764
0
68
1
-1
0
0
0
1
3
0
1
0
61
0
12
0.35353174222831663
11
12
1
3
0.2857142857142857
0.7142857142857143
0
7
1
-1
0
0
0
1
3
0
1
0
5
1
-1
0
0
0
0
3
1
0
0
2
1
-1
0
0
0
0
3
1
0
0
2
0
2
-1.8818904713663867
15
16
0
3
0.92307692307692313
0.05128205128205128
0.02564102564102564
39
1
-1
0
0
0
1
3
0
1
0
2
0
11
0.17490407200871511
17
18
0
3
0.97297297297297303
0
0.027027027027027029
37
1
-1
0
0
0
0
3
0.66666666666666663
0
0.33333333333333331
3
1
-1
0
0
0
0
3
1
0
0
34
"DecisionTree"
1
0
8
2
0
3
3
21
0
10
-0.75964823215261879
1
4
1
3
0.24822695035460993
0.46099290780141844
0.29078014184397161
141
0
9
-0.57094185351341831
2
3
2
3
0
0.054054054054054057
0.94594594594594594
37
1
-1
0
0
0
1
3
0
1
0
2
1
-1
0
0
0
2
3
0
0
1
35
0
9
-0.47025181847309788
5
14
1
3
0.33653846153846156
0.60576923076923073
0.057692307692307696
104
0
10
0.66843094099542544
6
7
1
3
0.048387096774193547
0.95161290322580649
0
62
1
-1
0
0
0
1
3
0
1
0
40
0
1
-0.45381706390833931
8
11
1
3
0.13636363636363635
0.86363636363636365
0
22
0
0
0.064505685447450556
9
10
1
3
0.058823529411764705
0.94117647058823528
0
17
1
-1
0
0
0
1
3
0
1
0
15
1
-1
0
0
0
0
3
0.5
0.5
0
2
0
6
0.45053432548119565
12
13
1
3
0.40000000000000002
0.59999999999999998
0
5
1
-1
0
0
0
1
3
0
1
0
3
1
-1
0
0
0
0
3
1
0
0
2
0
7
0.5907416241534631
15
18
0
3
0.76190476190476186
0.095238095238095233
0.14285714285714285
42
0
12
-0.10418760526661594
16
17
0
3
0.94117647058823528
0.058823529411764705
0
34
1
-1
0
0
0
1
3
0
1
0
2
1
-1
0
0
0
0
3
1
0
0
32
0
12
-0.84756391780400642
19
20
2
3
0
0.25
0.75
8
1
-1
0
0
0
1
3
0
1
0
2
1
-1
0
0
0
2
3
0
0
1
6
"DecisionTree"
1
0
8
2
0
3
3
15
0
9
-0.67834455755642686
1
2
1
3
0.34042553191489361
0.46099290780141844
0.19858156028368795
141
1
-1
0
0
0
1
3
0
1
0
49
0
5
0.059814614163671363
3
10
0
3
0.52173913043478259
0.17391304347826086
0.30434782608695654
92
0
10
-0.090236119739473264
4
7
2
3
0.025000000000000001
0.32500000000000001
0.65000000000000002
40
0
6
-0.60179046567587591
5
6
2
3
0
0.037037037037037035
0.96296296296296291
27
1
-1
0
0
0
2
3
0
0
1
25
1
-1
0
0
0
1
3
0
0.5
0.5
2
0
4
-0.36784679387207714
8
9
1
3
0.076923076923076927
0.92307692307692313
0
13
1
-1
0
0
0
1
3
0
1
0
10
1
-1
0
0
0
1
3
0.33333333333333331
0.66666666666666663
0
3
0
7
1.1842896218183447
11
14
0
3
0.90384615384615385
0.057692307692307696
0.038461538461538464
52
0
12
-0.12089269094161348
12
13
0
3
0.93999999999999995
0.059999999999999998
0
50
1
-1
0
0
0
1
3
0
1
0
3
1
-1
0
0
0
0
3
1
0
0
47
1
-1
0
0
0
2
3
0
0
1
2
"DecisionTree"
1
0
8
2
0
3
3
15
0
12
0.029453080133364368
1
10
1
3
0.3546099290780142
0.38297872340425532
0.26241134751773049
141
0
6
-0.80223328303912766
2
5
1
3
0
0.59523809523809523
0.40476190476190477
84
0
4
0.61846503572983968
3
4
2
3
0
0.03125
0.96875
32
1
-1
0
0
0
2
3
0
0
1
30
1
-1
0
0
0
1
3
0
0.5
0.5
2
0
2
0.73161497377294205
6
7
1
3
0
0.94230769230769229
0.057692307692307696
52
1
-1
0
0
0
1
3
0
1
0
41
0
4
0.61846503572983968
8
9
1
3
0
0.72727272727272729
0.27272727272727271
11
1
-1
0
0
0
1
3
0
1
0
8
1
-1
0
0
0
2
3
0
0
1
3
0
5
-0.54881450108935703
11
12
0
3
0.8771929824561403
0.070175438596491224
0.052631578947368418
57
1
-1
0
0
0
2
3
0
0.25
0.75
4
0
4
2.4210349312092045
13
14
0
3
0.94339622641509435
0.056603773584905662
0
53
1
-1
0
0
0
0
3
1
0
0
50
1
-1
0
0
0
1
3
0
1
0
3
"DecisionTree"
1
0
8
2
0
3
3
15
0
12
0.062863251483359445
1
10
1
3
0.32624113475177308
0.3475177304964539
0.32624113475177308
141
0
9
-0.51500294515768474
2
3
1
3
0
0.52272727272727271
0.47727272727272729
88
1
-1
0
0
0
1
3
0
1
0
41
0
11
-0.42711353368469107
4
9
2
3
0
0.10638297872340426
0.8936170212765957
47
0
10
-0.58113833550911331
5
6
2
3
0
0.023255813953488372
0.97674418604651159
43
1
-1
0
0
0
2
3
0
0
1
39
0
12
-0.70557068956652724
7
8
2
3
0
0.25
0.75
4
1
-1
0
0
0
1
3
0
0.5
0.5
2
1
-1
0
0
0
2
3
0
0
1
2
1
-1
0
0
0
1
3
0
1
0
4
0
0
-0.38660176894841752
11
14
0
3
0.86792452830188682
0.056603773584905662
0.075471698113207544
53
0
1
0.006331116812758053
12
13
2
3
0
0.42857142857142855
0.5714285714285714
7
1
-1
0
0
0
1
3
0
1
0
3
1
-1
0
0
0
2
3
0
0
1
4
1
-1
0
0
0
0
3
1
0
0
46
"DecisionTree"
1
0
8
2
0
3
3
15
0
0
-0.22810455524176138
1
8
1
3
0.30496453900709219
0.43971631205673761
0.25531914893617019
141
0
6
-0.80223328303912766
2
7
1
3
0
0.84057971014492749
0.15942028985507245
69
0
5
-1.773977005819479
3
4
2
3
0
0.21428571428571427
0.7857142857142857
14
1
-1
0
0
0
1
3
0
1
0
2
0
7
-1.0316229027972132
5
6
2
3
0
0.083333333333333329
0.91666666666666663
12
1
-1
0
0
0
2
3
0
0.25
0.75
4
1
-1
0
0
0
2
3
0
0
1
8
1
-1
0
0
0
1
3
0
1
0
55
0
6
-0.010484154454283259
9
12
0
3
0.59722222222222221
0.055555555555555552
0.34722222222222221
72
0
6
-0.75212257869831478
10
11
2
3
0
0.07407407407407407
0.92592592592592593
27
1
-1
0
0
0
2
3
0
0
1
24
1
-1
0
0
0
1
3
0
0.66666666666666663
0.33333333333333331
3
0
10
1.4494117388107619
13
14
0
3
0.9555555555555556
0.044444444444444446
0
45
1
-1
0
0
0
0
3
1
0
0
43
1
-1
0
0
0
1
3
0
1
0
2
"DecisionTree"
1
0
8
2
0
3
3
21
0
10
-0.75964823215261879
1
6
0
3
0.37588652482269502
0.36170212765957449
0.26241134751773049
141
0
9
-0.42773824812274042
2
5
2
3
0
0.11428571428571428
0.88571428571428568
35
0
5
-0.17731361255828759
3
4
1
3
0
0.80000000000000004
0.20000000000000001
5
1
-1
0
0
0
1
3
0
0.5
0.5
2
1
-1
0
0
0
1
3
0
1
0
3
1
-1
0
0
0
2
3
0
0
1
30
0
0
0.07669777880950078
7
12
0
3
0.5
0.44339622641509435
0.056603773584905662
106
0
7
1.1447197553073527
8
9
1
3
0
0.9555555555555556
0.044444444444444446
45
1
-1
0
0
0
1
3
0
1
0
40
0
8
-1.4545970741177949
10
11
1
3
0
0.59999999999999998
0.40000000000000002
5
1
-1
0
0
0
1
3
0
1
0
3
1
-1
0
0
0
2
3
0
0
1
2
0
8
-0.73744104411648848
13
18
0
3
0.86885245901639341
0.065573770491803282
0.065573770491803282
61
0
7
0.27418269206552626
14
15
2
3
0
0.42857142857142855
0.5714285714285714
7
1
-1
0
0
0
1
3
0
1
0
2
0
11
-1.0220485793111158
16
17
2
3
0
0.20000000000000001
0.80000000000000004
5
1
-1
0
0
0
2
3
0
0
1
3
1
-1
0
0
0
1
3
0
0.5
0.5
2
0
5
-0.035036676525112012
19
20
0
3
0.98148148148148151
0.018518518518518517
0
54
1
-1
0
0
0
0
3
0.66666666666666663
0.33333333333333331
0
3
1
-1
0
0
0
0
3
1
0
0
51
"DecisionTree"
1
0
8
2
0
3
3
19
0
5
0.059814614163671363
1
10
1
3
0.32624113475177308
0.36170212765957449
0.31205673758865249
141
0
0
-0.66092386959455407
2
7
2
3
0
0.44444444444444442
0.55555555555555558
72
0
5
-1.2760077297033647
3
4
1
3
0
0.80645161290322576
0.19354838709677419
31
1
-1
0
0
0
2
3
0
0
1
3
0
5
-0.058749499197308118
5
6
1
3
0
0.8928571428571429
0.10714285714285714
28
1
-1
0
0
0
1
3
0
1
0
25
1
-1
0
0
0
2
3
0
0
1
3
0
6
-0.44644728221935576
8
9
2
3
0
0.17073170731707318
0.82926829268292679
41
1
-1
0
0
0
2
3
0
0
1
34
1
-1
0
0
0
1
3
0
1
0
7
0
0
-0.38660176894841752
11
12
0
3
0.66666666666666663
0.27536231884057971
0.057971014492753624
69
1
-1
0
0
0
1
3
0
1
0
17
0
7
1.1842896218183447
13
16
0
3
0.88461538461538458
0.038461538461538464
0.076923076923076927
52
0
3
1.2247066280307175
14
15
0
3
0.97872340425531912
0.021276595744680851
0
47
1
-1
0
0
0
0
3
1
0
0
45
1
-1
0
0
0
0
3
0.5
0.5
0
2
0
11
-1.0503788195790409
17
18
2
3
0
0.20000000000000001
0.80000000000000004
5
1
-1
0
0
0
2
3
0
0
1
3
1
-1
0
0
0
1
3
0
0.5
0.5
2
"DecisionTree"
1
0
8
2
0
3
3
17
0
6
-0.71203401522566434
1
6
1
3
0.34042553191489361
0.36879432624113473
0.29078014184397161
141
0
0
-0.77065270985300827
2
5
2
3
0
0.071428571428571425
0.9285714285714286
42
0
9
-0.63359343087183984
3
4
1
3
0
0.59999999999999998
0.40000000000000002
5
1
-1
0
0
0
1
3
0
1
0
3
1
-1
0
0
0
2
3
0
0
1
2
1
-1
0
0
0
2
3
0
0
1
37
0
11
0.35196807368324634
7
14
1
3
0.48484848484848486
0.49494949494949497
0.020202020202020204
99
0
5
0.99251897260337729
8
13
1
3
0.13513513513513514
0.81081081081081086
0.054054054054054057
37
0
7
-1.0316229027972132
9
10
1
3
0.030303030303030304
0.90909090909090906
0.060606060606060608
33
1
-1
0
0
0
2
3
0
0
1
2
0
12
0.32513309658082079
11
12
1
3
0.032258064516129031
0.967741935483871
0
31
1
-1
0
0
0
1
3
0
1
0
28
1
-1
0
0
0
1
3
0.33333333333333331
0.66666666666666663
0
3
1
-1
0
0
0
0
3
1
0
0
4
0
12
-0.030685228296626767
15
16
0
3
0.69354838709677424
0.30645161290322581
0
62
1
-1
0
0
0
1
3
0
1
0
19
1
-1
0
0
0
0
3
1
0
0
43
"DecisionTree"
1
0
8
2
0
3
3
19
0
0
0.10108196553360232
1
14
1
3
0.28368794326241137
0.48226950354609927
0.23404255319148937
141
0
10
-1.2282367108418208
2
3
1
3
0.03896103896103896
0.8571428571428571
0.1038961038961039
77
1
-1
0
0
0
2
3
0
0
1
6
0
12
0.8480022782082437
4
13
1
3
0.042253521126760563
0.92957746478873238
0.028169014084507043
71
0
9
-0.051828783972210843
5
10
1
3
0.014492753623188406
0.95652173913043481
0.028985507246376812
69
0
12
0.08625037142835601
6
7
1
3
0.015625
0.984375
0
64
1
-1
0
0
0
1
3
0
1
0
54
0
12
0.4403981877383038
8
9
1
3
0.10000000000000001
0.90000000000000002
0
10
1
-1
0
0
0
1
3
0.25
0.75
0
4
1
-1
0
0
0
1
3
0
1
0
6
0
6
-0.71203401522566445
11
12
1
3
0
0.59999999999999998
0.40000000000000002
5
1
-1
0
0
0
2
3
0
0
1
2
1
-1
0
0
0
1
3
0
1
0
3
1
-1
0
0
0
0
3
1
0
0
2
0
6
-0.010484154454283259
15
18
0
3
0.578125
0.03125
0.390625
64
0
9
-0.49486493814962063
16
17
2
3
0
0.07407407407407407
0.92592592592592593
27
1
-1
0
0
0
1
3
0
1
0
2
1
-1
0
0
0
2
3
0
0
1
25
1
-1
0
0
0
0
3
1
0
0
37
"DecisionTree"
1
0
8
2
0
3
3
15
0
10
-0.75964823215261879
1
4
1
3
0.28368794326241137
0.42553191489361702
0.29078014184397161
141
0
8
0.14845758117924296
2
3
2
3
0
0.027027027027027029
0.97297297297297303
37
1
-1
0
0
0
2
3
0
0
1
34
1
-1
0
0
0
2
3
0
0.33333333333333331
0.66666666666666663
3
0
0
-0.24029664860381161
5
6
1
3
0.38461538461538464
0.56730769230769229
0.04807692307692308
104
1
-1
0
0
0
1
3
0
1
0
52
0
8
-0.65306974646927596
7
10
0
3
0.76923076923076927
0.13461538461538461
0.096153846153846159
52
0
10
0.065960039823593941
8
9
1
3
0
0.5
0.5
10
1
-1
0
0
0
2
3
0
0
1
5
1
-1
0
0
0
1
3
0
1
0
5
0
3
0.57032653920083165
11
12
0
3
0.95238095238095233
0.047619047619047616
0
42
1
-1
0
0
0
0
3
1
0
0
37
0
12
1.2990395914331772
13
14
0
3
0.59999999999999998
0.40000000000000002
0
5
1
-1
0
0
0
1
3
0.33333333333333331
0.66666666666666663
0
3
1
-1
0
0
0
0
3
1
0
0
2
"DecisionTree"
1
0
8
2
0
3
3
15
0
11
-0.66792057596205345
1
6
1
3
0.36879432624113473
0.38297872340425532
0.24822695035460993
141
0
8
-1.5642797610591712
2
3
2
3
0
0.054054054054054057
0.94594594594594594
37
1
-1
0
0
0
1
3
0
0.5
0.5
2
0
8
0.021900634708424259
4
5
2
3
0
0.028571428571428571
0.97142857142857142
35
1
-1
0
0
0
2
3
0
0
1
33
1
-1
0
0
0
1
3
0
0.5
0.5
2
0
9
-0.6895323392275734
7
8
0
3
0.5
0.5
0
104
1
-1
0
0
0
1
3
0
1
0
42
0
1
-0.87255190836453811
9
10
0
3
0.83870967741935487
0.16129032258064516
0
62
1
-1
0
0
0
1
3
0
1
0
5
0
3
0.42490874168307924
11
14
0
3
0.91228070175438591
0.08771929824561403
0
57
0
12
0.062863251483359445
12
13
0
3
0.98113207547169812
0.018867924528301886
0
53
1
-1
0
0
0
0
3
0.5
0.5
0
2
1
-1
0
0
0
0
3
1
0
0
51
1
-1
0
0
0
1
3
0
1
0
4
"DecisionTree"
1
0
8
2
0
3
3
33
0
5
0.044006065715540742
1
24
1
3
0.32624113475177308
0.40425531914893614
0.26950354609929078
141
0
5
-0.84917692160383851
2
11
2
3
0.027027027027027029
0.47297297297297297
0.5
74
0
1
-0.16392371005404796
3
6
2
3
0
0.23529411764705882
0.76470588235294112
34
0
11
-1.4753324235979157
4
5
1
3
0
0.7142857142857143
0.2857142857142857
7
1
-1
0
0
0
2
3
0
0
1
2
1
-1
0
0
0
1
3
0
1
0
5
0
9
-0.056303896640669433
7
10
2
3
0
0.1111111111111111
0.88888888888888884
27
0
7
1.6591280199502501
8
9
1
3
0
0.5
0.5
6
1
-1
0
0
0
2
3
0
0
1
3
1
-1
0
0
0
1
3
0
1
0
3
1
-1
0
0
0
2
3
0
0
1
21
0
1
0.24560817078772867
12
19
1
3
0.050000000000000003
0.67500000000000004
0.27500000000000002
40
0
0
1.0093929210063626
13
18
1
3
0.071428571428571425
0.8214285714285714
0.10714285714285714
28
0
6
-1.1930967768974685
14
15
1
3
0
0.88461538461538458
0.11538461538461539
26
1
-1
0
0
0
2
3
0
0
1
2
0
11
-0.89456249810545363
16
17
1
3
0
0.95833333333333337
0.041666666666666664
24
1
-1
0
0
0
1
3
0
0.5
0.5
2
1
-1
0
0
0
1
3
0
1
0
22
1
-1
0
0
0
0
3
1
0
0
2
0
10
-1.0050993400374386
20
21
2
3
0
0.33333333333333331
0.66666666666666663
12
1
-1
0
0
0
2
3
0
0
1
6
0
0
0.052313592085399208
22
23
1
3
0
0.66666666666666663
0.33333333333333331
6
1
-1
0
0
0
1
3
0
1
0
4
1
-1
0
0
0
2
3
0
0
1
2
0
12
0.046158165808361906
25
28
0
3
0.65671641791044777
0.32835820895522388
0.014925373134328358
67
0
9
0.12270061009767794
26
27
1
3
0
0.94999999999999996
0.050000000000000003
20
1
-1
0
0
0
1
3
0
1
0
18
1
-1
0
0
0
1
3
0
0.5
0.5
2
0
0
-0.38660176894841752
29
30
0
3
0.93617021276595747
0.063829787234042548
0
47
1
-1
0
0
0
1
3
0
1
0
2
0
4
1.9788951455255868
31
32
0
3
0.97777777777777775
0.022222222222222223
0
45
1
-1
0
0
0
0
3
1
0
0
43
1
-1
0
0
0
0
3
0.5
0.5
0
2
"DecisionTree"
1
0
8
2
0
3
3
15
0
6
-0.80223328303912766
1
2
1
3
0.28368794326241137
0.36170212765957449
0.3546099290780142
141
1
-1
0
0
0
2
3
0
0
1
44
0
12
0.029453080133364368
3
8
1
3
0.41237113402061853
0.52577319587628868
0.061855670103092786
97
0
9
0.43595849688978583
4
7
1
3
0
0.8867924528301887
0.11320754716981132
53
0
11
-0.88747993803847236
5
6
1
3
0
0.97916666666666663
0.020833333333333332
48
1
-1
0
0
0
1
3
0
0.5
0.5
2
1
-1
0
0
0
1
3
0
1
0
46
1
-1
0
0
0
2
3
0
0
1
5
0
5
1.5616267167360789
9
12
0
3
0.90909090909090906
0.090909090909090912
0
44
0
0
0.01573731199924857
10
11
0
3
0.97435897435897434
0.02564102564102564
0
39
1
-1
0
0
0
0
3
0.5
0.5
0
2
1
-1
0
0
0
0
3
1
0
0
37
0
9
0.10032504675538451
13
14
1
3
0.40000000000000002
0.59999999999999998
0
5
1
-1
0
0
0
1
3
0
1
0
3
1
-1
0
0
0
0
3
1
0
0
2
"DecisionTree"
1
0
8
2
0
3
3
13
0
9
-0.51724050149191414
1
6
1
3
0.3475177304964539
0.39007092198581561
0.26241134751773049
141
0
9
-0.67834455755642686
2
3
1
3
0.040816326530612242
0.95918367346938771
0
49
1
-1
0
0
0
1
3
0
1
0
41
0
12
-0.029014719729127031
4
5
1
3
0.25
0.75
0
8
1
-1
0
0
0
1
3
0
1
0
6
1
-1
0
0
0
0
3
1
0
0
2
0
6
-0.44644728221935576
7
8
0
3
0.51086956521739135
0.086956521739130432
0.40217391304347827
92
1
-1
0
0
0
2
3
0
0
1
37
0
1
-0.96918302631596853
9
10
0
3
0.8545454545454545
0.14545454545454545
0
55
1
-1
0
0
0
1
3
0
1
0
6
0
3
0.42490874168307924
11
12
0
3
0.95918367346938771
0.040816326530612242
0
49
1
-1
0
0
0
0
3
1
0
0
46
1
-1
0
0
0
1
3
0.33333333333333331
0.66666666666666663
0
3
"DecisionTree"
1
0
8
2
0
3
3
15
0
12
0.029453080133364368
1
8
1
3
0.34042553191489361
0.40425531914893614
0.25531914893617019
141
0
11
-0.70333337629695958
2
7
1
3
0
0.61363636363636365
0.38636363636363635
88
0
3
-0.59301584094118787
3
4
2
3
0
0.12820512820512819
0.87179487179487181
39
1
-1
0
0
0
1
3
0
1
0
4
0
9
-0.33599843841933746
5
6
2
3
0
0.028571428571428571
0.97142857142857142
35
1
-1
0
0
0
2
3
0
0.33333333333333331
0.66666666666666663
3
1
-1
0
0
0
2
3
0
0
1
32
1
-1
0
0
0
1
3
0
1
0
49
0
9
-0.6895323392275734
9
10
0
3
0.90566037735849059
0.056603773584905662
0.037735849056603772
53
1
-1
0
0
0
1
3
0
1
0
3
0
2
-0.51832241303282334
11
14
0
3
0.95999999999999996
0
0.040000000000000001
50
0
8
0.14845758117924279
12
13
0
3
0.7142857142857143
0
0.2857142857142857
7
1
-1
0
0
0
2
3
0
0
1
2
1
-1
0
0
0
0
3
1
0
0
5
1
-1
0
0
0
0
3
1
0
0
43
"DecisionTree"
1
0
8
2
0
3
3
15
0
6
-0.73708936739607078
1
4
1
3
0.28368794326241137
0.40425531914893614
0.31205673758865249
141
0
9
-0.57094185351341831
2
3
2
3
0
0.12244897959183673
0.87755102040816324
49
1
-1
0
0
0
1
3
0
1
0
6
1
-1
0
0
0
2
3
0
0
1
43
0
12
0.029453080133364368
5
8
1
3
0.43478260869565216
0.55434782608695654
0.010869565217391304
92
0
10
-1.0497268141983154
6
7
1
3
0
0.97959183673469385
0.020408163265306121
49
1
-1
0
0
0
1
3
0
0.5
0.5
2
1
-1
0
0
0
1
3
0
1
0
47
0
7
-1.0711927693082053
9
14
0
3
0.93023255813953487
0.069767441860465115
0
43
0
4
2.28499192022963
10
13
0
3
0.66666666666666663
0.33333333333333331
0
9
0
6
1.0117742140983006
11
12
0
3
0.8571428571428571
0.14285714285714285
0
7
1
-1
0
0
0
0
3
0.5
0.5
0
2
1
-1
0
0
0
0
3
1
0
0
5
1
-1
0
0
0
1
3
0
1
0
2
1
-1
0
0
0
0
3
1
0
0
34
"DecisionTree"
1
0
8
2
0
3
3
21
0
2
-0.25318417946796445
1
8
1
3
0.31205673758865249
0.45390070921985815
0.23404255319148937
141
0
6
0.58583322720139086
2
5
1
3
0.14999999999999999
0.76666666666666672
0.083333333333333329
60
0
6
-1.1780635655952247
3
4
1
3
0
0.8936170212765957
0.10638297872340426
47
1
-1
0
0
0
2
3
0
0
1
5
1
-1
0
0
0
1
3
0
1
0
42
0
3
-0.59301584094118787
6
7
0
3
0.69230769230769229
0.30769230769230771
0
13
1
-1
0
0
0
0
3
1
0
0
9
1
-1
0
0
0
1
3
0
1
0
4
0
6
-0.44644728221935576
9
16
0
3
0.43209876543209874
0.22222222222222221
0.34567901234567899
81
0
4
-0.77597582681080124
10
11
2
3
0
0.066666666666666666
0.93333333333333335
30
1
-1
0
0
0
1
3
0
0.5
0.5
2
0
10
-0.53651086134823689
12
13
2
3
0
0.035714285714285712
0.9642857142857143
28
1
-1
0
0
0
2
3
0
0
1
24
0
7
1.223859488329337
14
15
2
3
0
0.25
0.75
4
1
-1
0
0
0
1
3
0
0.5
0.5
2
1
-1
0
0
0
2
3
0
0
1
2
0
0
-0.4170820023535442
17
18
0
3
0.68627450980392157
0.31372549019607843
0
51
1
-1
0
0
0
1
3
0
1
0
15
0
10
-0.3133734905438551
19
20
0
3
0.97222222222222221
0.027777777777777776
0
36
1
-1
0
0
0
0
3
0.5
0.5
0
2
1
-1
0
0
0
0
3
1
0
0
34
"DecisionTree"
1
0
8
2
0
3
3
15
0
0
-0.22810455524176138
1
6
1
3
0.2978723404255319
0.42553191489361702
0.27659574468085107
141
0
6
-0.80223328303912766
2
5
1
3
0
0.83823529411764708
0.16176470588235295
68
0
9
-0.68281967022488543
3
4
2
3
0
0.21428571428571427
0.7857142857142857
14
1
-1
0
0
0
1
3
0
1
0
3
1
-1
0
0
0
2
3
0
0
1
11
1
-1
0
0
0
1
3
0
1
0
54
0
3
-0.025886430621953522
7
10
0
3
0.57534246575342463
0.041095890410958902
0.38356164383561642
73
0
11
-0.14381113100544118
8
9
0
3
0.94736842105263153
0.052631578947368418
0
38
1
-1
0
0
0
1
3
0
1
0
2
1
-1
0
0
0
0
3
1
0
0
36
0
10
0.065960039823593941
11
12
2
3
0.17142857142857143
0.028571428571428571
0.80000000000000004
35
1
-1
0
0
0
2
3
0
0
1
28
0
6
0.62091072023995975
13
14
0
3
0.8571428571428571
0.14285714285714285
0
7
1
-1
0
0
0
0
3
0.5
0.5
0
2
1
-1
0
0
0
0
3
1
0
0
5
"DecisionTree"
1
0
8
2
0
3
3
15
0
6
-0.73708936739607078
1
4
1
3
0.21276595744680851
0.53191489361702127
0.25531914893617019
141
0
9
-0.68281967022488543
2
3
2
3
0
0.076923076923076927
0.92307692307692313
39
1
-1
0
0
0
1
3
0
1
0
3
1
-1
0
0
0
2
3
0
0
1
36
0
0
0.07669777880950078
5
10
1
3
0.29411764705882354
0.70588235294117652
0
102
0
11
1.2939485625917524
6
7
1
3
0.014925373134328358
0.9850746268656716
0
67
1
-1
0
0
0
1
3
0
1
0
62
0
6
2.0340325826508847
8
9
1
3
0.20000000000000001
0.80000000000000004
0
5
1
-1
0
0
0
1
3
0.33333333333333331
0.66666666666666663
0
3
1
-1
0
0
0
1
3
0
1
0
2
0
4
-0.80998657955569497
11
12
0
3
0.82857142857142863
0.17142857142857143
0
35
1
-1
0
0
0
1
3
0
1
0
4
0
7
1.3029992213513211
13
14
0
3
0.93548387096774188
0.064516129032258063
0
31
1
-1
0
0
0
0
3
1
0
0
29
1
-1
0
0
0
1
3
0
1
0
2
"DecisionTree"
1
0
8
2
0
3
3
19
0
0
-0.2037203685176609
1
6
1
3
0.3475177304964539
0.3971631205673759
0.25531914893617019
141
0
11
-0.80248921723469713
2
5
1
3
0
0.8392857142857143
0.16071428571428573
56
0
10
-0.4026284388656079
3
4
2
3
0
0.18181818181818182
0.81818181818181823
11
1
-1
0
0
0
2
3
0
0
1
9
1
-1
0
0
0
1
3
0
1
0
2
1
-1
0
0
0
1
3
0
1
0
45
0
6
0.084726183793261189
7
14
0
3
0.57647058823529407
0.10588235294117647
0.31764705882352939
85
0
11
-1.0220485793111158
8
9
2
3
0
0.22857142857142856
0.77142857142857146
35
1
-1
0
0
0
2
3
0
0
1
22
0
6
-0.57673511350546947
10
13
1
3
0
0.61538461538461542
0.38461538461538464
13
0
10
0.043646302743155979
11
12
2
3
0
0.2857142857142857
0.7142857142857143
7
1
-1
0
0
0
2
3
0
0
1
5
1
-1
0
0
0
1
3
0
1
0
2
1
-1
0
0
0
1
3
0
1
0
6
0
5
1.5616267167360789
15
16
0
3
0.97999999999999998
0.02
0
50
1
-1
0
0
0
0
3
1
0
0
46
0
10
0.40066609603016679
17
18
0
3
0.75
0.25
0
4
1
-1
0
0
0
0
3
1
0
0
2
1
-1
0
0
0
0
3
0.5
0.5
0
2
"DecisionTree"
1
0
8
2
0
3
3
15
0
11
-0.58292985515827866
1
8
1
3
0.2978723404255319
0.43971631205673761
0.26241134751773049
141
0
9
-0.63359343087183984
2
3
2
3
0
0.19565217391304349
0.80434782608695654
46
1
-1
0
0
0
1
3
0
1
0
6
0
6
-0.62684581784628257
4
5
2
3
0
0.074999999999999997
0.92500000000000004
40
1
-1
0
0
0
2
3
0
0
1
35
0
5
-1.2206778101349078
6
7
1
3
0
0.59999999999999998
0.40000000000000002
5
1
-1
0
0
0
2
3
0
0
1
2
1
-1
0
0
0
1
3
0
1
0
3
0
12
0.029453080133364368
9
10
1
3
0.44210526315789472
0.55789473684210522
0
95
1
-1
0
0
0
1
3
0
1
0
52
0
10
1.2709018421672562
11
12
0
3
0.97674418604651159
0.023255813953488372
0
43
1
-1
0
0
0
0
3
1
0
0
38
0
2
0.46647674020808316
13
14
0
3
0.80000000000000004
0.20000000000000001
0
5
1
-1
0
0
0
0
3
1
0
0
3
1
-1
0
0
0
0
3
0.5
0.5
0
2
"DecisionTree"
1
0
8
2
0
3
3
23
0
12
0.029453080133364368
1
16
1
3
0.3475177304964539
0.37588652482269502
0.27659574468085107
141
0
9
-0.056303896640669433
2
11
1
3
0
0.57831325301204817
0.42168674698795183
83
0
0
-0.22810455524176138
3
6
1
3
0
0.90000000000000002
0.10000000000000001
50
0
11
-0.44127865381865361
4
5
1
3
0
0.97619047619047616
0.023809523809523808
42
1
-1
0
0
0
1
3
0
0.5
0.5
2
1
-1
0
0
0
1
3
0
1
0
40
0
0
-0.039127108129979618
7
8
1
3
0
0.5
0.5
8
1
-1
0
0
0
2
3
0
0
1
3
0
7
0.39289229159850259
9
10
1
3
0
0.80000000000000004
0.20000000000000001
5
1
-1
0
0
0
1
3
0
1
0
3
1
-1
0
0
0
1
3
0
0.5
0.5
2
0
8
-1.5642797610591712
12
13
2
3
0
0.090909090909090912
0.90909090909090906
33
1
-1
0
0
0
1
3
0
1
0
2
0
0
-0.84990131670633695
14
15
2
3
0
0.032258064516129031
0.967741935483871
31
1
-1
0
0
0
1
3
0
0.5
0.5
2
1
-1
0
0
0
2
3
0
0
1
29
0
10
-0.82658944339393337
17
18
0
3
0.84482758620689657
0.086206896551724144
0.068965517241379309
58
1
-1
0
0
0
2
3
0
0
1
4
0
6
0.31523542376100094
19
20
0
3
0.90740740740740744
0.092592592592592587
0
54
1
-1
0
0
0
1
3
0
1
0
3
0
4
2.28499192022963
21
22
0
3
0.96078431372549022
0.039215686274509803
0
51
1
-1
0
0
0
0
3
1
0
0
49
1
-1
0
0
0
1
3
0
1
0
2
"DecisionTree"
1
0
8
2
0
3
3
17
0
12
0.029453080133364368
1
10
1
3
0.3546099290780142
0.36879432624113473
0.27659574468085107
141
0
9
-0.056303896640669433
2
7
1
3
0
0.5662650602409639
0.43373493975903615
83
0
1
1.8929386577692577
3
6
1
3
0
0.93877551020408168
0.061224489795918366
49
0
10
-0.8042757063134951
4
5
1
3
0
0.95744680851063835
0.042553191489361701
47
1
-1
0
0
0
2
3
0
0.33333333333333331
0.66666666666666663
3
1
-1
0
0
0
1
3
0
1
0
44
1
-1
0
0
0
1
3
0
0.5
0.5
2
0
10
-0.51419712426779873
8
9
2
3
0
0.029411764705882353
0.97058823529411764
34
1
-1
0
0
0
2
3
0
0
1
31
1
-1
0
0
0
2
3
0
0.33333333333333331
0.66666666666666663
3
0
11
-0.67500313602903494
11
12
0
3
0.86206896551724133
0.086206896551724144
0.051724137931034482
58
1
-1
0
0
0
2
3
0
0
1
3
0
6
0.31523542376100094
13
14
0
3
0.90909090909090906
0.090909090909090912
0
55
1
-1
0
0
0
1
3
0
1
0
2
0
9
-0.6895323392275734
15
16
0
3
0.94339622641509435
0.056603773584905662
0
53
1
-1
0
0
0
1
3
0
1
0
3
1
-1
0
0
0
0
3
1
0
0
50
"DecisionTree"
1
0
8
2
0
3
3
15
0
6
0.15488116987039935
1
10
0
3
0.41843971631205673
0.37588652482269502
0.20567375886524822
141
0
1
-0.090300001138672273
2
7
1
3
0
0.56716417910447758
0.43283582089552236
67
0
0
-0.62434758950840241
3
4
1
3
0
0.88571428571428568
0.11428571428571428
35
1
-1
0
0
0
1
3
0
1
0
23
0
6
-0.75212257869831478
5
6
1
3
0
0.66666666666666663
0.33333333333333331
12
1
-1
0
0
0
2
3
0
0
1
4
1
-1
0
0
0
1
3
0
1
0
8
0
9
-0.57094185351341831
8
9
2
3
0
0.21875
0.78125
32
1
-1
0
0
0
1
3
0
1
0
7
1
-1
0
0
0
2
3
0
0
1
25
0
12
-0.030685228296626767
11
12
0
3
0.79729729729729726
0.20270270270270271
0
74
1
-1
0
0
0
1
3
0
1
0
13
0
4
2.28499192022963
13
14
0
3
0.96721311475409832
0.032786885245901641
0
61
1
-1
0
0
0
0
3
1
0
0
59
1
-1
0
0
0
1
3
0
1
0
2
"DecisionTree"
1
0
8
2
0
3
3
15
0
12
0.012747994458366829
1
10
1
3
0.3546099290780142
0.40425531914893614
0.24113475177304963
141
0
11
-0.68208569609601599
2
7
1
3
0
0.61627906976744184
0.38372093023255816
86
0
6
-0.62684581784628257
3
4
2
3
0
0.1111111111111111
0.88888888888888884
36
1
-1
0
0
0
2
3
0
0
1
31
0
8
-1.0833633644700598
5
6
1
3
0
0.80000000000000004
0.20000000000000001
5
1
-1
0
0
0
1
3
0
1
0
3
1
-1
0
0
0
1
3
0
0.5
0.5
2
0
9
-0.078679459982962982
8
9
1
3
0
0.97999999999999998
0.02
50
1
-1
0
0
0
1
3
0
1
0
48
1
-1
0
0
0
1
3
0
0.5
0.5
2
0
4
2.4210349312092045
11
14
0
3
0.90909090909090906
0.072727272727272724
0.018181818181818181
55
0
6
0.13984795856815557
12
13
0
3
0.96153846153846156
0.019230769230769232
0.019230769230769232
52
1
-1
0
0
0
1
3
0
0.5
0.5
2
1
-1
0
0
0
0
3
1
0
0
50
1
-1
0
0
0
1
3
0
1
0
3
"DecisionTree"
1
0
8
2
0
3
3
19
0
12
0.029453080133364368
1
14
1
3
0.31205673758865249
0.43262411347517732
0.25531914893617019
141
0
9
-0.051828783972210843
2
11
1
3
0
0.63043478260869568
0.36956521739130432
92
0
5
-1.1337307936701895
3
6
1
3
0
0.94999999999999996
0.050000000000000003
60
0
6
-0.72205615609382701
4
5
1
3
0
0.5
0.5
4
1
-1
0
0
0
2
3
0
0
1
2
1
-1
0
0
0
1
3
0
1
0
2
0
8
-0.93149502870507728
7
10
1
3
0
0.9821428571428571
0.017857142857142856
56
0
8
-1.1592975323525512
8
9
1
3
0
0.80000000000000004
0.20000000000000001
5
1
-1
0
0
0
1
3
0
1
0
3
1
-1
0
0
0
1
3
0
0.5
0.5
2
1
-1
0
0
0
1
3
0
1
0
51
0
2
1.6406603459953173
12
13
2
3
0
0.03125
0.96875
32
1
-1
0
0
0
2
3
0
0
1
30
1
-1
0
0
0
1
3
0
0.5
0.5
2
0
9
-0.6895323392275734
15
16
0
3
0.89795918367346939
0.061224489795918366
0.040816326530612242
49
1
-1
0
0
0
1
3
0
1
0
3
0
5
-0.58833587220968342
17
18
0
3
0.95652173913043481
0
0.043478260869565216
46
1
-1
0
0
0
2
3
0
0
1
2
1
-1
0
0
0
0
3
1
0
0
44
"DecisionTree"
1
0
8
2
0
3
3
13
0
0
-0.24029664860381161
1
6
1
3
0.32624113475177308
0.40425531914893614
0.26950354609929078
141
0
6
-0.78720007173688389
2
5
1
3
0
0.8771929824561403
0.12280701754385964
57
0
6
-1.0577978751772736
3
4
2
3
0
0.125
0.875
8
1
-1
0
0
0
2
3
0
0
1
5
1
-1
0
0
0
2
3
0
0.33333333333333331
0.66666666666666663
3
1
-1
0
0
0
1
3
0
1
0
49
0
6
0.084726183793261189
7
12
0
3
0.54761904761904767
0.083333333333333329
0.36904761904761907
84
0
1
-0.59646299993187968
8
9
2
3
0
0.18421052631578946
0.81578947368421051
38
1
-1
0
0
0
1
3
0
1
0
6
0
6
-0.99766502996829809
10
11
2
3
0
0.03125
0.96875
32
1
-1
0
0
0
2
3
0
0
1
30
1
-1
0
0
0
1
3
0
0.5
0.5
2
1
-1
0
0
0
0
3
1
0
0
46
"DecisionTree"
1
0
8
2
0
3
3
17
0
0
-0.28296897537098847
1
8
1
3
0.3475177304964539
0.3971631205673759
0.25531914893617019
141
0
0
-0.50852270256892307
2
5
1
3
0
0.90740740740740744
0.092592592592592587
54
0
6
-1.0227203821387048
3
4
1
3
0
0.93999999999999995
0.059999999999999998
50
1
-1
0
0
0
2
3
0
0
1
3
1
-1
0
0
0
1
3
0
1
0
47
0
12
-0.67550153535153179
6
7
1
3
0
0.5
0.5
4
1
-1
0
0
0
1
3
0
1
0
2
1
-1
0
0
0
2
3
0
0
1
2
0
6
0.17492545160672457
9
14
0
3
0.56321839080459768
0.080459770114942528
0.35632183908045978
87
0
6
-0.75212257869831478
10
11
2
3
0
0.16216216216216217
0.83783783783783783
37
1
-1
0
0
0
2
3
0
0
1
30
0
11
-0.86623225783752855
12
13
1
3
0
0.8571428571428571
0.14285714285714285
7
1
-1
0
0
0
1
3
0
0.5
0.5
2
1
-1
0
0
0
1
3
0
1
0
5
0
4
2.0469166510153745
15
16
0
3
0.97999999999999998
0.02
0
50
1
-1
0
0
0
0
3
1
0
0
46
1
-1
0
0
0
0
3
0.75
0.25
0
4
"DecisionTree"
1
0
8
2
0
3
3
21
0
6
0.29018007159059434
1
14
0
3
0.43971631205673761
0.36170212765957449
0.19858156028368795
141
0
12
-0.76403848942901864
2
5
1
3
0.014925373134328358
0.56716417910447758
0.41791044776119401
67
0
10
-1.339805396244012
3
4
1
3
0
0.93333333333333335
0.066666666666666666
30
1
-1
0
0
0
2
3
0
0
1
2
1
-1
0
0
0
1
3
0
1
0
28
0
11
-0.51918681455544724
6
11
2
3
0.027027027027027029
0.27027027027027029
0.70270270270270274
37
0
2
-0.51832241303282411
7
10
2
3
0
0.071428571428571425
0.9285714285714286
28
0
6
-1.1279528612544119
8
9
2
3
0
0.33333333333333331
0.66666666666666663
6
1
-1
0
0
0
2
3
0
0
1
4
1
-1
0
0
0
1
3
0
1
0
2
1
-1
0
0
0
2
3
0
0
1
22
0
12
0.23993715963833334
12
13
1
3
0.1111111111111111
0.88888888888888884
0
9
1
-1
0
0
0
1
3
0
1
0
7
1
-1
0
0
0
0
3
0.5
0.5
0
2
0
0
-0.41098595567251905
15
16
0
3
0.82432432432432434
0.17567567567567569
0
74
1
-1
0
0
0
1
3
0
1
0
12
0
5
1.5616267167360789
17
18
0
3
0.9838709677419355
0.016129032258064516
0
62
1
-1
0
0
0
0
3
1
0
0
56
0
5
2.1228301866447157
19
20
0
3
0.83333333333333337
0.16666666666666666
0
6
1
-1
0
0
0
0
3
0.66666666666666663
0.33333333333333331
0
3
1
-1
0
0
0
0
3
1
0
0
3
"DecisionTree"
1
0
8
2
0
3
3
13
0
6
-0.44644728221935576
1
4
0
3
0.3475177304964539
0.32624113475177308
0.32624113475177308
141
0
9
-0.60450519852685847
2
3
2
3
0
0.080000000000000002
0.92000000000000004
50
1
-1
0
0
0
1
3
0
1
0
4
1
-1
0
0
0
2
3
0
0
1
46
0
0
0.052313592085400332
5
10
0
3
0.53846153846153844
0.46153846153846156
0
91
0
12
-0.013980142621629228
6
7
1
3
0.025000000000000001
0.97499999999999998
0
40
1
-1
0
0
0
1
3
0
1
0
36
0
6
0.62592179067404119
8
9
1
3
0.25
0.75
0
4
1
-1
0
0
0
0
3
0.5
0.5
0
2
1
-1
0
0
0
1
3
0
1
0
2
0
6
0.1097815359636679
11
12
0
3
0.94117647058823528
0.058823529411764705
0
51
1
-1
0
0
0
1
3
0
1
0
3
1
-1
0
0
0
0
3
1
0
0
48
"DecisionTree"
1
0
8
2
0
3
3
17
0
12
0.029453080133364368
1
10
0
3
0.36879432624113473
0.31914893617021278
0.31205673758865249
141
0
9
-0.42773824812274042
2
5
1
3
0
0.51807228915662651
0.48192771084337349
83
0
1
2.0217801483711648
3
4
1
3
0
0.94736842105263153
0.052631578947368418
38
1
-1
0
0
0
1
3
0
1
0
36
1
-1
0
0
0
2
3
0
0
1
2
0
6
-0.62684581784628257
6
7
2
3
0
0.15555555555555556
0.84444444444444444
45
1
-1
0
0
0
2
3
0
0
1
37
0
3
1.0792888305129651
8
9
1
3
0
0.875
0.125
8
1
-1
0
0
0
1
3
0
1
0
6
1
-1
0
0
0
1
3
0
0.5
0.5
2
0
0
-0.39879386231046882
11
12
0
3
0.89655172413793105
0.034482758620689655
0.068965517241379309
58
1
-1
0
0
0
2
3
0
0
1
2
0
10
-0.98278560295700079
13
14
0
3
0.9285714285714286
0.035714285714285712
0.035714285714285712
56
1
-1
0
0
0
2
3
0
0
1
2
0
9
-0.67610700122219736
15
16
0
3
0.96296296296296291
0.037037037037037035
0
54
1
-1
0
0
0
1
3
0
1
0
2
1
-1
0
0
0
0
3
1
0
0
52
"DecisionTree"
1
0
8
2
0
3
3
19
0
9
-0.46130159313618047
1
8
1
3
0.27659574468085107
0.48226950354609927
0.24113475177304963
141
0
12
0.88141244955823872
2
7
1
3
0.061538461538461542
0.92307692307692313
0.015384615384615385
65
0
2
0.58010741173587932
3
4
1
3
0.031746031746031744
0.95238095238095233
0.015873015873015872
63
1
-1
0
0
0
1
3
0
1
0
54
0
9
-0.6895323392275734
5
6
1
3
0.22222222222222221
0.66666666666666663
0.1111111111111111
9
1
-1
0
0
0
1
3
0
1
0
6
1
-1
0
0
0
0
3
0.66666666666666663
0
0.33333333333333331
3
1
-1
0
0
0
0
3
1
0
0
2
0
10
-0.35800096470473147
9
10
0
3
0.46052631578947367
0.10526315789473684
0.43421052631578949
76
1
-1
0
0
0
2
3
0
0
1
29
0
1
-0.82193560848521741
11
14
0
3
0.74468085106382975
0.1702127659574468
0.085106382978723402
47
0
11
0.8194170381040089
12
13
1
3
0.125
0.875
0
8
1
-1
0
0
0
1
3
0
1
0
6
1
-1
0
0
0
0
3
0.5
0.5
0
2
0
12
-0.23782829066659625
15
18
0
3
0.87179487179487181
0.02564102564102564
0.10256410256410256
39
0
0
0.24738708587820718
16
17
2
3
0
0.20000000000000001
0.80000000000000004
5
1
-1
0
0
0
1
3
0
0.5
0.5
2
1
-1
0
0
0
2
3
0
0
1
3
1
-1
0
0
0
0
3
1
0
0
34
"DecisionTree"
1
0
8
2
0
3
3
25
0
6
-0.79221114217096511
1
8
1
3
0.25531914893617019
0.47517730496453903
0.26950354609929078
141
0
8
-1.851142173059694
2
3
2
3
0
0.16216216216216217
0.83783783783783783
37
1
-1
0
0
0
1
3
0
1
0
3
0
12
0.38861242214581143
4
7
2
3
0
0.088235294117647065
0.91176470588235292
34
0
2
1.356583667175826
5
6
2
3
0
0.03125
0.96875
32
1
-1
0
0
0
2
3
0
0
1
30
1
-1
0
0
0
1
3
0
0.5
0.5
2
1
-1
0
0
0
1
3
0
1
0
2
0
4
-0.77597582681080124
9
10
1
3
0.34615384615384615
0.58653846153846156
0.067307692307692304
104
1
-1
0
0
0
1
3
0
1
0
42
0
10
-0.8042757063134951
11
14
0
3
0.58064516129032262
0.30645161290322581
0.11290322580645161
62
0
11
-0.74582873669884719
12
13
2
3
0
0.22222222222222221
0.77777777777777779
9
1
-1
0
0
0
2
3
0
0
1
7
1
-1
0
0
0
1
3
0
1
0
2
0
11
0.08991335120494004
15
18
0
3
0.67924528301886788
0.32075471698113206
0
53
0
0
-0.16104804175048296
16
17
1
3
0.21428571428571427
0.7857142857142857
0
14
1
-1
0
0
0
1
3
0
1
0
11
1
-1
0
0
0
0
3
1
0
0
3
0
1
-0.95998006270154668
19
20
0
3
0.84615384615384615
0.15384615384615385
0
39
1
-1
0
0
0
1
3
0
1
0
4
0
0
0.052313592085400332
21
24
0
3
0.94285714285714284
0.057142857142857141
0
35
0
9
-0.59779252952417039
22
23
0
3
0.59999999999999998
0.40000000000000002
0
5
1
-1
0
0
0
1
3
0
1
0
2
1
-1
0
0
0
0
3
1
0
0
3
1
-1
0
0
0
0
3
1
0
0
30
"DecisionTree"
1
0
8
2
0
3
3
19
0
8
0.123146191885079
1
14
1
3
0.36879432624113473
0.40425531914893614
0.22695035460992907
141
0
11
-0.93705785850734091
2
7
1
3
0.089743589743589744
0.5
0.41025641025641024
78
0
2
-0.30999951523186342
3
6
2
3
0
0.14285714285714285
0.8571428571428571
35
0
6
-1.1880857064633874
4
5
1
3
0
0.5
0.5
10
1
-1
0
0
0
2
3
0
0
1
5
1
-1
0
0
0
1
3
0
1
0
5
1
-1
0
0
0
2
3
0
0
1
25
0
9
-0.051828783972210843
8
11
1
3
0.16279069767441862
0.79069767441860461
0.046511627906976744
43
0
0
0.22909894583513185
9
10
1
3
0.028571428571428571
0.97142857142857142
0
35
1
-1
0
0
0
1
3
0
1
0
32
1
-1
0
0
0
1
3
0.33333333333333331
0.66666666666666663
0
3
0
0
0.39978825290383829
12
13
0
3
0.75
0
0.25
8
1
-1
0
0
0
2
3
0
0
1
2
1
-1
0
0
0
0
3
1
0
0
6
0
12
0.029453080133364368
15
16
0
3
0.7142857142857143
0.2857142857142857
0
63
1
-1
0
0
0
1
3
0
1
0
16
0
10
1.4494117388107619
17
18
0
3
0.95744680851063835
0.042553191489361701
0
47
1
-1
0
0
0
0
3
1
0
0
45
1
-1
0
0
0
1
3
0
1
0
2
"DecisionTree"
1
0
8
2
0
3
3
23
0
8
-0.50120141070429347
1
8
1
3
0.30496453900709219
0.42553191489361702
0.26950354609929078
141
0
2
-0.70770686557915163
2
3
2
3
0
0.27272727272727271
0.72727272727272729
44
1
-1
0
0
0
1
3
0
1
0
6
0
10
-0.15717733098078762
4
5
2
3
0
0.15789473684210525
0.84210526315789469
38
1
-1
0
0
0
2
3
0
0
1
31
0
5
-0.69899571134659777
6
7
1
3
0
0.8571428571428571
0.14285714285714285
7
1
-1
0
0
0
1
3
0
0.5
0.5
2
1
-1
0
0
0
1
3
0
1
0
5
0
3
-0.4766816029269858
9
14
1
3
0.44329896907216493
0.49484536082474229
0.061855670103092786
97
0
6
0.084726183793261189
10
11
0
3
0.86842105263157898
0.13157894736842105
0
38
1
-1
0
0
0
1
3
0
1
0
4
0
11
0.22448199247758405
12
13
0
3
0.97058823529411764
0.029411764705882353
0
34
1
-1
0
0
0
0
3
0.66666666666666663
0.33333333333333331
0
3
1
-1
0
0
0
0
3
1
0
0
31
0
9
0.055573920070797707
15
20
1
3
0.16949152542372881
0.72881355932203384
0.10169491525423729
59
0
9
-0.6895323392275734
16
17
1
3
0.085106382978723402
0.91489361702127658
0
47
1
-1
0
0
0
1
3
0
1
0
37
0
0
0.36321197281768758
18
19
1
3
0.40000000000000002
0.59999999999999998
0
10
1
-1
0
0
0
1
3
0
1
0
6
1
-1
0
0
0
0
3
1
0
0
4
0
12
0.63083616443327573
21
22
0
3
0.5
0
0.5
12
1
-1
0
0
0
2
3
0
0
1
6
1
-1
0
0
0
0
3
1
0
0
6
"DecisionTree"
1
0
8
2
0
3
3
13
0
10
-0.75964823215261879
1
6
1
3
0.36170212765957449
0.36879432624113473
0.26950354609929078
141
0
2
-1.4652446757644646
2
3
2
3
0
0.1111111111111111
0.88888888888888884
36
1
-1
0
0
0
1
3
0
1
0
2
0
6
0.335279705497326
4
5
2
3
0
0.058823529411764705
0.94117647058823528
34
1
-1
0
0
0
2
3
0
0
1
32
1
-1
0
0
0
1
3
0
1
0
2
0
9
-0.67834455755642686
7
8
0
3
0.48571428571428571
0.45714285714285713
0.057142857142857141
105
1
-1
0
0
0
1
3
0
1
0
41
0
12
-0.087482519591618402
9
12
0
3
0.796875
0.109375
0.09375
64
0
6
-1.0227203821387048
10
11
1
3
0
0.53846153846153844
0.46153846153846156
13
1
-1
0
0
0
2
3
0
0
1
6
1
-1
0
0
0
1
3
0
1
0
7
1
-1
0
0
0
0
3
1
0
0
51
"DecisionTree"
1
0
8
2
0
3
3
15
0
10
-0.75964823215261879
1
6
0
3
0.38297872340425532
0.3546099290780142
0.26241134751773049
141
0
4
-0.87800808504548233
2
5
2
3
0
0.055555555555555552
0.94444444444444442
36
0
8
-0.1130934415271159
3
4
2
3
0
0.33333333333333331
0.66666666666666663
6
1
-1
0
0
0
2
3
0
0
1
4
1
-1
0
0
0
1
3
0
1
0
2
1
-1
0
0
0
2
3
0
0
1
30
0
12
-0.024003194026627754
7
12
0
3
0.51428571428571423
0.45714285714285713
0.028571428571428571
105
0
8
-1.1171118835289449
8
11
1
3
0
0.93617021276595747
0.063829787234042548
47
0
1
0.82999636030352253
9
10
2
3
0
0.25
0.75
4
1
-1
0
0
0
1
3
0
0.5
0.5
2
1
-1
0
0
0
2
3
0
0
1
2
1
-1
0
0
0
1
3
0
1
0
43
0
0
-0.69750014968070484
13
14
0
3
0.93103448275862066
0.068965517241379309
0
58
1
-1
0
0
0
1
3
0
1
0
4
1
-1
0
0
0
0
3
1
0
0
54
1
3
1
"LogisticRegression"
2
1
0.10000000000000001
1000
0
0
