MLCPP_ARCHIVE_V1
"LDA_V1"
0.01
0
2
0
1
2
0.63009404388714729
0.36990595611285265
2
-59.907402056810447
-59.907402056810447
2
30
-0.57026025915718648
-0.28601436892587645
-0.58036780042838909
-0.56237006512627297
-0.2781344026686059
-0.4634781079755993
-0.54550662074793976
-0.60650274901663082
-0.24704157812113836
-0.0069370855566421611
-0.50349389485834029
-0.0024672043854848686
-0.48758311166179302
-0.51719102217155533
0.050179417749032874
-0.24185892742834847
-0.21719011114553294
-0.3191743946413908
-0.019825740006665725
-0.11967464582613339
-0.61009474428439148
-0.33553678317288554
-0.61459969128799785
-0.58186135892394386
-0.31254440076672257
-0.4581462053507786
-0.50864811998980541
-0.62014759663695074
-0.3232175000653838
-0.25986011191842323
30
0.97137552619149381
0.48719396740763604
0.98859260920429448
0.95793544991848389
0.47377131302025605
0.78948389578894074
0.92921043025708183
1.0331106148503639
0.420808111884306
0.011816560990539118
0.85764638022480055
0.0042026108600198443
0.83054411393237715
0.88097792759731197
-0.085475109894540727
0.41198003739913236
0.36995942661230785
0.54367841799084193
0.033770963909655963
0.20385257466994239
1.0392291830607032
0.57154994421822103
1.0469028639736286
0.99113672155688526
0.53238495384841111
0.78040158708056095
0.86642603489788828
1.0563531095256524
0.55056540265374276
0.44264307199663905
2
30
30
0.67532447067693879
0
0
0
0
0
0
0
0
0
0
0
0
0
0
0
0
0
0
0
0
0
0
0
0
0
0
0
0
0
30
0.060647946861854984
0.93111618577321054
0
0
0
0
0
0
0
0
0
0
0
0
0
0
0
0
0
0
0
0
0
0
0
0
0
0
0
0
30
0.64255981086134195
0.0015220372308061031
0.1528635167227462
0
0
0
0
0
0
0
0
0
0
0
0
0
0
0
0
0
0
0
0
0
0
0
0
0
0
0
30
0.65758190517732473
0.018344202586147478
0.065297623717766845
0.18512570646516818
0
0
0
0
0
0
0
0
0
0
0
0
0
0
0
0
0
0
0
0
0
0
0
0
0
0
30
-0.12325546891477693
-0.20134604420198182
0.18668657895549909
-0.053855753577535276
0.88585745905472257
0
0
0
0
0
0
0
0
0
0
0
0
0
0
0
0
0
0
0
0
0
0
0
0
0
30
0.098232158946729639
-0.023210462895209789
0.3153663851216616
-0.10633623640811966
0.43194301884347214
0.58014230279960854
0
0
0
0
0
0
0
0
0
0
0
0
0
0
0
0
0
0
0
0
0
0
0
0
30
0.20690807915164833
0.0010656266822617899
0.25307926275438908
-0.0067236046520195367
0.28351917223576001
0.41940484810110884
0.37405828652294637
0
0
0
0
0
0
0
0
0
0
0
0
0
0
0
0
0
0
0
0
0
0
0
30
0.35233855145849119
-0.052857059981633245
0.19680646906797419
0.019227230387068219
0.29719878523139259
0.22972268944966825
0.14913306337643639
0.23245746531961264
0
0
0
0
0
0
0
0
0
0
0
0
0
0
0
0
0
0
0
0
0
0
30
-0.1206596291009966
-0.07096120345711425
0.18287930342120842
-0.044129387979006361
0.39044724534540443
0.29850888104162099
0.018417727298608723
0.10100542311505564
0.77392409661658201
0
0
0
0
0
0
0
0
0
0
0
0
0
0
0
0
0
0
0
0
0
30
-0.4249068557288731
-0.063276881318226189
0.25560196867221324
-0.022687515435358973
0.52827321100754643
0.53214059364871868
0.030722463548784343
-0.026606673835820958
-0.018408351151254033
0.4419098198463916
0
0
0
0
0
0
0
0
0
0
0
0
0
0
0
0
0
0
0
0
30
0.37033441728351529
0.047490934738129563
0.11265760944176666
0.17939370305164368
0.12648958206695715
0.10587634030881519
0.026485792607867445
0.11007612150825508
0.074681534043913714
0.0085229171891967638
0.59010663549321862
0
0
0
0
0
0
0
0
0
0
0
0
0
0
0
0
0
0
0
30
-0.055569493247407814
0.38643532280973758
0.045657867877352869
0.11436412674379083
0.11353265323533351
0.025098861685952392
0.11676446435011921
0.080624562598648433
0.17052852043156277
0.069995995277651088
0.29675306299350895
0.82867963481127371
0
0
0
0
0
0
0
0
0
0
0
0
0
0
0
0
0
0
30
0.36458604073498052
0.06614474536661949
0.16292191227849379
0.13793724655013334
0.10920150183319956
0.20971608833532432
0.010371108976955205
0.1040650697665869
0.073885342561392023
0.011770411210418524
0.52948047862409531
0.047649768393311434
0.25905946455993772
0
0
0
0
0
0
0
0
0
0
0
0
0
0
0
0
0
30
0.46155881004580218
0.03894999919228101
0.098693986080334167
0.21861236858374966
0.090476607334390044
0.06831955906431951
0.02689627328893587
0.06750431455632995
0.051208357469030234
0.010568140859764971
0.45514252323827992
-0.020984636778164211
0.026918943622738008
0.23041943037218188
0
0
0
0
0
0
0
0
0
0
0
0
0
0
0
0
30
-0.19758534909606268
0.067572586290888997
0.089907136209943922
0.16608002190495838
0.31954524658711714
0.077803250162170129
0.17357388756450329
0.015245619929790609
-0.027737724701355132
0.019867461140891537
0.23018433442656017
0.17730186966693906
-0.013259403140299142
-0.0088625587493424661
0.83790032146506344
0
0
0
0
0
0
0
0
0
0
0
0
0
0
0
30
-0.016904973536016776
0.11919967092797863
0.2706840831045989
-0.067472927273509564
0.18030601847170058
0.65602412234068841
0.18775772309897018
-0.098285508807373176
-0.0027105210796390666
0.056452877456686278
0.14307667971062088
0.1203417055832746
0.033238942902560333
-0.049931803105621834
0.24045452093788217
0.45900708357694625
0
0
0
0
0
0
0
0
0
0
0
0
0
0
30
0.0067682879557179167
0.076879777420678599
0.22081961976934106
-0.013857319044805874
0.14555417144961735
0.51239946520764845
0.50394797175321038
-0.17759748851644835
-0.014834046762508844
0.046358545842643588
0.093761156323673073
0.058364250079265156
0.054912080715806062
-0.052969477825444908
0.17048828081315656
0.31299420636783581
0.39758740331515835
0
0
0
0
0
0
0
0
0
0
0
0
0
30
0.14899024316144624
0.019256045862435699
0.1939785747838921
-0.075308191615681169
0.18647942752589447
0.35477910423633913
0.20189138568120985
0.1118699020222714
0.017180889679653946
0.024268336697281578
0.20192531542843209
0.14986262780119913
0.19393996815228873
-0.13717275465318365
0.28275810970600346
0.28942157074437636
0.27569299295746408
0.44318912769605495
0
0
0
0
0
0
0
0
0
0
0
0
30
-0.12058736776460209
0.04271597396044912
0.15016148387843439
0.026630151396371409
0.2006206535876085
0.28109318244299408
0.035189483453656828
0.035239321736656531
0.36833319884549875
0.025085833964735745
0.23374122919549406
0.27521348185218919
0.047062598699405302
-0.12113011749966968
0.1251482341906055
0.028816331252679853
0.040845942812410926
-0.059313815754788585
0.73669687543529194
0
0
0
0
0
0
0
0
0
0
0
30
-0.11464635259825871
0.06567191490543052
0.24007447469763157
-0.023890393160944639
0.22114232494670444
0.56934579638452976
0.17860891900889903
-0.080565455281732631
-0.021197040824905335
0.3416709668625727
0.16050446883679695
0.12084486907185146
0.0084942343633540359
-0.052598809913005418
0.23157563350689095
0.30557272975284555
0.041278558432542911
0.060591956480660972
-0.053065646669392626
0.42767378888381441
0
0
0
0
0
0
0
0
0
0
30
0.55451607567774064
0.018315005698539593
0.047792679126372833
0.069501046752360865
0.0036400786934444279
-0.012102955424034535
-0.029941795010112859
0.013236691754172121
-0.01999833261778897
-0.010099585801334677
0.080224209954494183
-0.078174312790009956
-0.011702240694120859
0.062071028926330499
-0.070606586856193393
-0.01922760454767429
-0.004606109876501229
-0.0091725076976969695
-0.041333996102887509
-0.018393567996249777
0.18776642285273626
0
0
0
0
0
0
0
0
0
30
-0.016174173752829542
0.79784049281921909
-0.033197109106891838
0.0051511987386848104
0.013019643339956965
-0.055439091626620265
-0.0040806085930543403
-0.010136464505478652
-0.012132005921300563
-0.029053020759727471
-0.067475274114709619
0.097953739766472869
-0.029846842219821468
0.076742760448365241
-0.13629645871492943
-0.031151469059912944
-0.0095233838736289069
-0.041992952620335221
-0.087120268140828891
-0.036499612044795737
0.12275699019088972
0.33107378120622877
0
0
0
0
0
0
0
0
30
0.54321121336043954
0.023035437980546979
0.080152660137659315
0.054763548709815708
0.019966020503687541
0.047836036110147306
-0.023208687199404322
0.012692026598317179
-0.017509240976872113
-0.020339319186001691
0.078261112736375676
-0.072977394865133924
0.039193169457715386
0.058274092857993391
-0.068071482865629251
-0.021377554597918486
-0.013545221675983958
-0.015265628899750652
-0.042569059732925664
-0.020020027075080823
0.11862041710731103
0.020023308473752204
0.13733162644638941
0
0
0
0
0
0
0
30
0.54913410222499093
0.039448088368103061
0.045039449884579447
0.17339603737436721
0.009560319752247904
-0.013880035223444472
-0.019186171324239058
0.012764561574664907
-0.018949791715785411
0.014837215706819029
0.11489897102287039
-0.085370784624811819
-0.011027217310031714
0.13256204042858147
-0.064571635994336865
-0.030436003372142573
-0.0037655134921784046
-0.012686152209244276
-0.040940760964344389
-0.026569204312309868
0.15214186901405993
0.017180366907716547
0.053329815851322626
0.15677595192332797
0
0
0
0
0
0
30
-0.26667926963309152
-0.10479592596493663
0.11047607960222959
-0.00094669171485366633
0.65156188551607108
0.023844905781353381
-0.0048560450496022839
-0.032981218566479724
-0.087126764520250213
-0.0063543840712443371
-0.13763678432160659
-0.14767053635144867
-0.044694948811415856
0.081165648213586752
0.11259871996808811
-0.10911039034419845
-0.042900156134765152
-0.041685918546724987
-0.12724020216639736
-0.077031407302252733
0.15810946274987897
0.1713413153560451
0.038956481592233409
0.013435781075458831
0.39972462650577756
0
0
0
0
0
30
-0.061020092043445023
0.038231922650553155
0.22122747982747415
-0.14554384618833258
0.25570731884770309
0.54016837120503403
0.0011734432041944401
-0.086612008347865838
-0.056087318525925911
-0.014192932712609536
-0.14688006604095361
-0.10070910243133242
-0.034264355514164332
0.018998531341675545
-0.090681298937372271
0.14044911401444637
-0.10811351711298969
-0.049176235042303756
-0.069726098825389063
-0.05376852892403846
0.11347145760410916
0.092728044477573518
0.043552288172519507
0.010771409882293696
0.12020262326902174
0.29688110934841266
0
0
0
0
30
0.021874949104916202
0.024040982326855212
0.20169959818416716
-0.08088138378360521
0.20220067587093421
0.44287061496274477
0.3252519140317317
-0.11116384230805527
-0.051133736221343776
-0.023323093320480812
-0.13773931320375399
-0.096100396116664849
-0.0091428487711748812
0.010089333487584262
-0.10122275911892753
0.088548116508701175
0.08010754074593103
-0.041989143595406911
-0.072082977847563873
-0.044905536627180193
0.10692484041952149
0.078182260556898073
0.044284146913790949
0.018292738695771513
0.12561132260511404
0.15811508020712173
0.20049098142353472
0
0
0
30
0.21459542006071874
-0.057736824490879905
0.15249979992102894
-0.061246359827110929
0.22622399455075548
0.24662980050140174
0.090721925194546166
0.11507506034907056
-0.037171953392097744
-0.023918337197280939
-0.095504115730637287
-0.096678621045860613
0.026676618574608141
0.019954352200929119
-0.061876499118595184
0.051895269010875981
0.054998325341845518
0.12596629510925061
-0.05240977397244434
-0.060826144290712501
0.11034254353837178
0.089631833069788266
0.047278408764863812
0.0017411532723334302
0.12114644168369507
0.079620741972965453
0.04528366795114739
0.21478005412671725
0
0
30
-0.21739760684611156
-0.050186738826985718
0.098170348457102638
-0.092088038556064011
0.24406614119808542
0.25360369534481603
-0.047768059967889742
0.0051296823054644818
0.44990298343731838
-0.019317382905376407
-0.19529390375247976
-0.11850365031920419
-0.05211821139444292
0.014488208675947245
-0.15510321152771367
-0.013069829029970984
-0.0067099941519619946
-0.10047642573176507
0.32948397581741123
-0.06313120260350992
0.18839936855989936
0.20935965777829632
0.042577557284350427
-0.0043508842975152106
0.12862215676284691
0.1111769082526716
-0.00044527739841157521
0.04481968024602629
0.34796454832968504
0
30
-0.32841934157122954
-0.0090539681323514119
0.1922485340763348
-0.08708778081538282
0.33567600551654708
0.50435762734598577
0.0099408029713394762
-0.096697378814083024
-0.088541872767635948
0.29754660205023542
-0.16051569267026894
-0.1216476865900325
-0.066340083602352634
0.038361720538687083
-0.096913189036664876
0.11115097555711147
-0.0886175728248077
-0.039460789827930227
-0.12752416950810502
0.16020561952225792
0.11289050779209643
0.11529537503405798
0.031560596604048141
0.01267608029368497
0.13592446386042539
0.20318621530980591
0.051778071370117008
0.0053993042651047244
0.037346489382581421
0.24296413803411124
30
30
0.67532447067693879
0
0
0
0
0
0
0
0
0
0
0
0
0
0
0
0
0
0
0
0
0
0
0
0
0
0
0
0
0
30
0.060647946861854984
0.93111618577321054
0
0
0
0
0
0
0
0
0
0
0
0
0
0
0
0
0
0
0
0
0
0
0
0
0
0
0
0
30
0.64255981086134195
0.0015220372308061031
0.1528635167227462
0
0
0
0
0
0
0
0
0
0
0
0
0
0
0
0
0
0
0
0
0
0
0
0
0
0
0
30
0.65758190517732473
0.018344202586147478
0.065297623717766845
0.18512570646516818
0
0
0
0
0
0
0
0
0
0
0
0
0
0
0
0
0
0
0
0
0
0
0
0
0
0
30
-0.12325546891477693
-0.20134604420198182
0.18668657895549909
-0.053855753577535276
0.88585745905472257
0
0
0
0
0
0
0
0
0
0
0
0
0
0
0
0
0
0
0
0
0
0
0
0
0
30
0.098232158946729639
-0.023210462895209789
0.3153663851216616
-0.10633623640811966
0.43194301884347214
0.58014230279960854
0
0
0
0
0
0
0
0
0
0
0
0
0
0
0
0
0
0
0
0
0
0
0
0
30
0.20690807915164833
0.0010656266822617899
0.25307926275438908
-0.0067236046520195367
0.28351917223576001
0.41940484810110884
0.37405828652294637
0
0
0
0
0
0
0
0
0
0
0
0
0
0
0
0
0
0
0
0
0
0
0
30
0.35233855145849119
-0.052857059981633245
0.19680646906797419
0.019227230387068219
0.29719878523139259
0.22972268944966825
0.14913306337643639
0.23245746531961264
0
0
0
0
0
0
0
0
0
0
0
0
0
0
0
0
0
0
0
0
0
0
30
-0.1206596291009966
-0.07096120345711425
0.18287930342120842
-0.044129387979006361
0.39044724534540443
0.29850888104162099
0.018417727298608723
0.10100542311505564
0.77392409661658201
0
0
0
0
0
0
0
0
0
0
0
0
0
0
0
0
0
0
0
0
0
30
-0.4249068557288731
-0.063276881318226189
0.25560196867221324
-0.022687515435358973
0.52827321100754643
0.53214059364871868
0.030722463548784343
-0.026606673835820958
-0.018408351151254033
0.4419098198463916
0
0
0
0
0
0
0
0
0
0
0
0
0
0
0
0
0
0
0
0
30
0.37033441728351529
0.047490934738129563
0.11265760944176666
0.17939370305164368
0.12648958206695715
0.10587634030881519
0.026485792607867445
0.11007612150825508
0.074681534043913714
0.0085229171891967638
0.59010663549321862
0
0
0
0
0
0
0
0
0
0
0
0
0
0
0
0
0
0
0
30
-0.055569493247407814
0.38643532280973758
0.045657867877352869
0.11436412674379083
0.11353265323533351
0.025098861685952392
0.11676446435011921
0.080624562598648433
0.17052852043156277
0.069995995277651088
0.29675306299350895
0.82867963481127371
0
0
0
0
0
0
0
0
0
0
0
0
0
0
0
0
0
0
30
0.36458604073498052
0.06614474536661949
0.16292191227849379
0.13793724655013334
0.10920150183319956
0.20971608833532432
0.010371108976955205
0.1040650697665869
0.073885342561392023
0.011770411210418524
0.52948047862409531
0.047649768393311434
0.25905946455993772
0
0
0
0
0
0
0
0
0
0
0
0
0
0
0
0
0
30
0.46155881004580218
0.03894999919228101
0.098693986080334167
0.21861236858374966
0.090476607334390044
0.06831955906431951
0.02689627328893587
0.06750431455632995
0.051208357469030234
0.010568140859764971
0.45514252323827992
-0.020984636778164211
0.026918943622738008
0.23041943037218188
0
0
0
0
0
0
0
0
0
0
0
0
0
0
0
0
30
-0.19758534909606268
0.067572586290888997
0.089907136209943922
0.16608002190495838
0.31954524658711714
0.077803250162170129
0.17357388756450329
0.015245619929790609
-0.027737724701355132
0.019867461140891537
0.23018433442656017
0.17730186966693906
-0.013259403140299142
-0.0088625587493424661
0.83790032146506344
0
0
0
0
0
0
0
0
0
0
0
0
0
0
0
30
-0.016904973536016776
0.11919967092797863
0.2706840831045989
-0.067472927273509564
0.18030601847170058
0.65602412234068841
0.18775772309897018
-0.098285508807373176
-0.0027105210796390666
0.056452877456686278
0.14307667971062088
0.1203417055832746
0.033238942902560333
-0.049931803105621834
0.24045452093788217
0.45900708357694625
0
0
0
0
0
0
0
0
0
0
0
0
0
0
30
0.0067682879557179167
0.076879777420678599
0.22081961976934106
-0.013857319044805874
0.14555417144961735
0.51239946520764845
0.50394797175321038
-0.17759748851644835
-0.014834046762508844
0.046358545842643588
0.093761156323673073
0.058364250079265156
0.054912080715806062
-0.052969477825444908
0.17048828081315656
0.31299420636783581
0.39758740331515835
0
0
0
0
0
0
0
0
0
0
0
0
0
30
0.14899024316144624
0.019256045862435699
0.1939785747838921
-0.075308191615681169
0.18647942752589447
0.35477910423633913
0.20189138568120985
0.1118699020222714
0.017180889679653946
0.024268336697281578
0.20192531542843209
0.14986262780119913
0.19393996815228873
-0.13717275465318365
0.28275810970600346
0.28942157074437636
0.27569299295746408
0.44318912769605495
0
0
0
0
0
0
0
0
0
0
0
0
30
-0.12058736776460209
0.04271597396044912
0.15016148387843439
0.026630151396371409
0.2006206535876085
0.28109318244299408
0.035189483453656828
0.035239321736656531
0.36833319884549875
0.025085833964735745
0.23374122919549406
0.27521348185218919
0.047062598699405302
-0.12113011749966968
0.1251482341906055
0.028816331252679853
0.040845942812410926
-0.059313815754788585
0.73669687543529194
0
0
0
0
0
0
0
0
0
0
0
30
-0.11464635259825871
0.06567191490543052
0.24007447469763157
-0.023890393160944639
0.22114232494670444
0.56934579638452976
0.17860891900889903
-0.080565455281732631
-0.021197040824905335
0.3416709668625727
0.16050446883679695
0.12084486907185146
0.0084942343633540359
-0.052598809913005418
0.23157563350689095
0.30557272975284555
0.041278558432542911
0.060591956480660972
-0.053065646669392626
0.42767378888381441
0
0
0
0
0
0
0
0
0
0
30
0.55451607567774064
0.018315005698539593
0.047792679126372833
0.069501046752360865
0.0036400786934444279
-0.012102955424034535
-0.029941795010112859
0.013236691754172121
-0.01999833261778897
-0.010099585801334677
0.080224209954494183
-0.078174312790009956
-0.011702240694120859
0.062071028926330499
-0.070606586856193393
-0.01922760454767429
-0.004606109876501229
-0.0091725076976969695
-0.041333996102887509
-0.018393567996249777
0.18776642285273626
0
0
0
0
0
0
0
0
0
30
-0.016174173752829542
0.79784049281921909
-0.033197109106891838
0.0051511987386848104
0.013019643339956965
-0.055439091626620265
-0.0040806085930543403
-0.010136464505478652
-0.012132005921300563
-0.029053020759727471
-0.067475274114709619
0.097953739766472869
-0.029846842219821468
0.076742760448365241
-0.13629645871492943
-0.031151469059912944
-0.0095233838736289069
-0.041992952620335221
-0.087120268140828891
-0.036499612044795737
0.12275699019088972
0.33107378120622877
0
0
0
0
0
0
0
0
30
0.54321121336043954
0.023035437980546979
0.080152660137659315
0.054763548709815708
0.019966020503687541
0.047836036110147306
-0.023208687199404322
0.012692026598317179
-0.017509240976872113
-0.020339319186001691
0.078261112736375676
-0.072977394865133924
0.039193169457715386
0.058274092857993391
-0.068071482865629251
-0.021377554597918486
-0.013545221675983958
-0.015265628899750652
-0.042569059732925664
-0.020020027075080823
0.11862041710731103
0.020023308473752204
0.13733162644638941
0
0
0
0
0
0
0
30
0.54913410222499093
0.039448088368103061
0.045039449884579447
0.17339603737436721
0.009560319752247904
-0.013880035223444472
-0.019186171324239058
0.012764561574664907
-0.018949791715785411
0.014837215706819029
0.11489897102287039
-0.085370784624811819
-0.011027217310031714
0.13256204042858147
-0.064571635994336865
-0.030436003372142573
-0.0037655134921784046
-0.012686152209244276
-0.040940760964344389
-0.026569204312309868
0.15214186901405993
0.017180366907716547
0.053329815851322626
0.15677595192332797
0
0
0
0
0
0
30
-0.26667926963309152
-0.10479592596493663
0.11047607960222959
-0.00094669171485366633
0.65156188551607108
0.023844905781353381
-0.0048560450496022839
-0.032981218566479724
-0.087126764520250213
-0.0063543840712443371
-0.13763678432160659
-0.14767053635144867
-0.044694948811415856
0.081165648213586752
0.11259871996808811
-0.10911039034419845
-0.042900156134765152
-0.041685918546724987
-0.12724020216639736
-0.077031407302252733
0.15810946274987897
0.1713413153560451
0.038956481592233409
0.013435781075458831
0.39972462650577756
0
0
0
0
0
30
-0.061020092043445023
0.038231922650553155
0.22122747982747415
-0.14554384618833258
0.25570731884770309
0.54016837120503403
0.0011734432041944401
-0.086612008347865838
-0.056087318525925911
-0.014192932712609536
-0.14688006604095361
-0.10070910243133242
-0.034264355514164332
0.018998531341675545
-0.090681298937372271
0.14044911401444637
-0.10811351711298969
-0.049176235042303756
-0.069726098825389063
-0.05376852892403846
0.11347145760410916
0.092728044477573518
0.043552288172519507
0.010771409882293696
0.12020262326902174
0.29688110934841266
0
0
0
0
30
0.021874949104916202
0.024040982326855212
0.20169959818416716
-0.08088138378360521
0.20220067587093421
0.44287061496274477
0.3252519140317317
-0.11116384230805527
-0.051133736221343776
-0.023323093320480812
-0.13773931320375399
-0.096100396116664849
-0.0091428487711748812
0.010089333487584262
-0.10122275911892753
0.088548116508701175
0.08010754074593103
-0.041989143595406911
-0.072082977847563873
-0.044905536627180193
0.10692484041952149
0.078182260556898073
0.044284146913790949
0.018292738695771513
0.12561132260511404
0.15811508020712173
0.20049098142353472
0
0
0
30
0.21459542006071874
-0.057736824490879905
0.15249979992102894
-0.061246359827110929
0.22622399455075548
0.24662980050140174
0.090721925194546166
0.11507506034907056
-0.037171953392097744
-0.023918337197280939
-0.095504115730637287
-0.096678621045860613
0.026676618574608141
0.019954352200929119
-0.061876499118595184
0.051895269010875981
0.054998325341845518
0.12596629510925061
-0.05240977397244434
-0.060826144290712501
0.11034254353837178
0.089631833069788266
0.047278408764863812
0.0017411532723334302
0.12114644168369507
0.079620741972965453
0.04528366795114739
0.21478005412671725
0
0
30
-0.21739760684611156
-0.050186738826985718
0.098170348457102638
-0.092088038556064011
0.24406614119808542
0.25360369534481603
-0.047768059967889742
0.0051296823054644818
0.44990298343731838
-0.019317382905376407
-0.19529390375247976
-0.11850365031920419
-0.05211821139444292
0.014488208675947245
-0.15510321152771367
-0.013069829029970984
-0.0067099941519619946
-0.10047642573176507
0.32948397581741123
-0.06313120260350992
0.18839936855989936
0.20935965777829632
0.042577557284350427
-0.0043508842975152106
0.12862215676284691
0.1111769082526716
-0.00044527739841157521
0.04481968024602629
0.34796454832968504
0
30
-0.32841934157122954
-0.0090539681323514119
0.1922485340763348
-0.08708778081538282
0.33567600551654708
0.50435762734598577
0.0099408029713394762
-0.096697378814083024
-0.088541872767635948
0.29754660205023542
-0.16051569267026894
-0.1216476865900325
-0.066340083602352634
0.038361720538687083
-0.096913189036664876
0.11115097555711147
-0.0886175728248077
-0.039460789827930227
-0.12752416950810502
0.16020561952225792
0.11289050779209643
0.11529537503405798
0.031560596604048141
0.01267608029368497
0.13592446386042539
0.20318621530980591
0.051778071370117008
0.0053993042651047244
0.037346489382581421
0.24296413803411124
