MLCPP_ARCHIVE_V1
"OneClassSVM_V1"
0.050000000000000003
0.25
0.17337418948610422
0.0027392483196157225
20
4
2.1499564651967042
-0.11657148874022695
1.94801211999696
1.8117935648463075
4
-0.5263936075107517
1.4737415364575843
0.16386443762378924
0.68925067556712205
4
0.53336917295730124
-0.32861322543326771
-0.62116054262040599
-1.908634296764707
4
1.8446010877737067
1.8978250098436675
0.021132623033935569
0.144015557917232
4
2.1319943841718216
1.3677206681110639
0.44932806680349657
-0.24085628983563154
4
0.084317147335244785
0.042459813779554545
1.3057189543426186
1.3627764091346333
4
-1.1191422813318657
-0.64667583047283073
-1.2634537082747475
-1.4275444870736276
4
2.8145534631173481
-0.11657148874022695
2.090743934586814
2.3891013364756026
4
2.0062598169976469
-0.64667583047283073
2.090743934586814
2.1325201046403603
4
-0.34677279726192911
-1.97193668480434
0.66342578868827706
-0.048420365959199768
4
-0.95748355210792557
2.1098667465367082
-0.69252644991533274
-0.49743752167087391
4
-1.5143080638792759
-0.54065496212631037
-0.40706282073562544
-1.0747452933001693
4
-0.54435568853563421
-1.8659158164578196
0.94888941786798442
0.59303271362890619
4
-1.083218119282102
0.73159545803193982
-2.0484786885189425
-1.3313265251354116
4
-0.7419385798093393
0.99664762889824166
-1.1920878009798206
0.59303271362890619
4
0.80280038833053502
-1.3888219088984761
0.87752351057305755
2.1325201046403603
4
-1.6939288741280984
0.46654328716563792
-0.9779900790950401
-1.6520530649294645
4
2.527160166719232
0.30751198464585644
-1.4061855228646012
-0.6257281375884951
4
0.83872455038030003
-0.64667583047283073
2.090743934586814
2.0683747966815496
4
0.38967252475824365
-2.1309679873241216
0.73479169598320393
0.40059678975247437
20
0.013216047892346211
0.051797064644183155
0.081101045592185297
0.067770195146046222
0.051624829952835301
0.02910140453079289
0.012564058800739219
0.097087378640776698
0.00375828403171181
0.054482072725372893
0.066386573459955828
0.047942790498480457
0.033286722167968769
0.070213963852524208
0.038334168430071737
0.062894535424380449
0.029321312750497784
0.097087378640776698
0.04967481311850639
0.042355359699847675
