MLCPP_ARCHIVE_V1
"DecisionTree"
1
0
4
3
0
0
2
15
0
22
0.23189181216964833
1
12
0
2
0.63009404388714729
0.36990595611285265
319
0
27
0.51927545565216737
2
9
0
2
0.90497737556561086
0.095022624434389136
221
0
22
0.005866005508627415
3
6
0
2
0.96097560975609753
0.039024390243902439
205
0
14
-1.1842894525918473
4
5
0
2
0.9946236559139785
0.0053763440860215058
186
1
-1
0
0
0
0
2
0.75
0.25
4
1
-1
0
0
0
0
2
1
0
182
0
21
-0.98226765218894174
7
8
0
2
0.63157894736842102
0.36842105263157893
19
1
-1
0
0
0
0
2
1
0
9
1
-1
0
0
0
1
2
0.29999999999999999
0.69999999999999996
10
0
21
-0.34937909749812657
10
11
1
2
0.1875
0.8125
16
1
-1
0
0
0
0
2
0.75
0.25
4
1
-1
0
0
0
1
2
0
1
12
0
4
-1.1829297809411745
13
14
1
2
0.01020408163265306
0.98979591836734693
98
1
-1
0
0
0
1
2
0.33333333333333331
0.66666666666666663
3
1
-1
0
0
0
1
2
0
1
95
